0.853575 1.231
0.866392 1.227
0.872937 1.22175
0.879755 1.218
0.8863 1.225
0.892845 1.231
0.89939 1.2305
1.02811 0
1.03465 0
1.0412 0
1.04802 0
1.05456 0
1.06111 0
1.06792 0
1.07447 0
1.08101 0
1.08783 0
1.09438 0
1.10092 0
1.10774 0
1.11428 0
1.12083 0
1.12765 0
1.13419 0
1.14074 0
1.14755 0
1.1541 0
1.16064 0
1.16746 0
1.17401 0
1.18055 0
1.18737 0
1.19391 0
1.20046 0
1.20728 0
1.21382 0
1.22037 0
1.22718 0
1.23373 0
1.24027 0
1.24709 0
1.25364 0
1.26046 0
1.267 0
1.27354 0
1.28036 0
1.28691 0
1.29345 0
1.30027 0
1.30682 0
1.31336 0
1.32018 0
1.32672 0
1.33327 0
1.34009 0
1.34663 0
1.35318 0
1.35999 0
1.36654 0
1.37308 0
1.3799 0
1.38645 0
1.39299 0
1.39981 0
1.40635 0
1.4129 0
1.41972 0
1.42626 0
1.43281 0
1.43962 0
1.44617 0
1.45271 0
1.45953 0
1.46608 0
1.47262 0
1.47944 0
1.48598 0
1.49253 0
1.49935 0
1.50589 0
1.51271 0
1.52662 0
1.53316 0
1.53971 0
1.54653 0
1.55307 0
1.55989 0
1.56643 0
1.57298 0
1.5798 0
1.58634 0
1.59316 0
1.5997 0
1.60625 0
1.48217 2.5775
1.48871 2.578
1.49553 2.57225
1.50207 2.568
1.50862 2.56775
1.64634 0
1.65288 0
1.6597 0
1.66624 0
1.67279 0
1.66079 0.1795
1.66706 0.18
1.67524 0.178
1.68315 0.176
1.69106 0.17425
1.6987 0.173
1.70606 0.17175
1.71342 0.171
1.72079 0.17
1.72815 0.169
1.73524 0.1685
1.74233 0.168
1.74997 0.16675
1.75624 0.167
1.7636 0.16625
1.77042 0.166
1.77778 0.165
1.7846 0.165
1.79196 0.164
1.79878 0.164
1.8056 0.16375
1.81187 0.164
1.81978 0.16275
1.82605 0.163
1.83287 0.163
1.83941 0.163
1.8465 0.1625
1.85278 0.163
1.85959 0.16275
1.86532 0.164
1.87214 0.16375
1.87841 0.164
1.88496 0.1645
1.89177 0.164
1.89859 0.164
1.90432 0.165
1.91086 0.16525
1.91768 0.165
1.9245 0.16475
1.93023 0.166
1.9365 0.1665
1.9425 0.167
1.94877 0.168
1.95531 0.168
1.96131 0.16875
1.96786 0.169
1.97386 0.16975
1.9804 0.17
1.98613 0.171
1.9924 0.172
1.9984 0.1725
2.00386 0.174
2.01013 0.17475
2.01586 0.176
2.02185 0.17725
2.02785 0.178
2.0344 0.17825
2.0464 0.181
2.05185 0.183
2.05703 0.185
2.06249 0.18725
2.06794 0.189
2.07476 0.18875
2.10612 0
2.11267 0
2.11948 0
2.04994 0.341
2.05676 0.341
2.06303 0.3415
2.06958 0.342
2.07585 0.34575
2.08158 0.349
2.08785 0.35275
2.09385 0.356
2.10067 0.354
2.10803 0.351
2.11512 0.3485
2.12221 0.347
2.12957 0.34225
2.13694 0.338
2.14376 0.33825
2.15003 0.339
2.15685 0.339
2.16339 0.339
2.17021 0.338
2.17703 0.338
2.18357 0.33775
2.19039 0.338
2.19693 0.33825
2.20348 0.338
2.21002 0.3385
2.21684 0.338
2.22339 0.3385
2.2302 0.338
2.23675 0.33725
2.24357 0.338
2.25038 0.33675
2.25693 0.337
2.26347 0.3375
2.27029 0.337
2.27711 0.3365
2.28338 0.337
2.2902 0.33725
2.29674 0.338
2.30329 0.33975
2.30929 0.342
2.31529 0.3445
2.32183 0.347
2.32729 0.3525
2.33301 0.359
2.33847 0.36525
2.34392 0.372
2.35074 0.37175
2.43882 0
2.44564 0
2.45219 0
2.45873 0
2.46555 0
2.4721 0
2.47891 0
2.37828 0.6655
2.38483 0.665
2.39192 0.6635
2.39846 0.662
2.40528 0.66125
2.41183 0.662
2.41837 0.66225
2.42519 0.662
2.43173 0.6635
2.43828 0.665
2.44482 0.667
2.45137 0.67
2.45791 0.67225
2.46446 0.676
2.471 0.67775
2.47755 0.679
2.48437 0.67925
2.49855 0.681
2.50509 0.68175
2.51137 0.684
2.51818 0.6845
2.52473 0.685
2.53155 0.6855
2.53809 0.686
2.54491 0.68675
2.55118 0.688
2.558 0.68775
2.56454 0.689
2.57109 0.69
2.57791 0.69
2.58445 0.6915
2.59127 0.693
2.59754 0.69475
2.60436 0.696
2.6109 0.69875
2.61718 0.701
2.62399 0.706
2.63027 0.712
2.63627 0.732
2.64199 0.753
2.64854 0.75525
2.65508 0.759
2.66163 0.76125
2.66817 0.764
2.67472 0.7665
2.68126 0.77
2.68781 0.773
2.69462 0.775
2.7009 0.77875
2.70771 0.782
2.71371 0.79425
2.72026 0.806
2.72626 0.8225
2.73226 0.838
2.73853 0.8515
2.7448 0.865
2.75162 0.86425
2.8727 0
2.75517 1.43425
2.76171 1.434
2.76853 1.4275
2.77507 1.42
2.78189 1.4155
2.78871 1.41
2.79525 1.40575
2.80207 1.401
2.80862 1.39675
2.81571 1.392
2.82225 1.387
2.82907 1.382
2.83561 1.377
2.84216 1.373
2.84898 1.36875
2.85579 1.364
2.86261 1.36025
2.86916 1.356
2.87598 1.351
2.88252 1.347
2.88961 1.343
2.89616 1.34
2.9027 1.33625
2.90952 1.332
2.91606 1.32875
2.92288 1.326
2.92943 1.3225
2.93652 1.318
2.94306 1.3145
2.94988 1.311
2.95642 1.30725
2.96297 1.305
2.96979 1.30275
2.9766 1.3
2.98342 1.2965
2.98997 1.293
2.99678 1.29
3.00333 1.288
3.01015 1.2875
3.02269 1.285
3.02924 1.2815
3.03605 1.279
3.04287 1.27575
3.04942 1.273
3.05624 1.27125
3.06278 1.269
3.0696 1.2665
3.07614 1.265
3.08296 1.2625
3.08951 1.26
3.0966 1.25825
3.10314 1.257
3.10996 1.25475
3.1165 1.252
3.12332 1.252
3.12987 1.252
3.13668 1.2505
-3.13996 1.248
-3.13314 1.24775
-3.12659 1.247
-3.11978 1.24525
-3.11323 1.243
-3.10641 1.2425
-3.09987 1.241
-3.09305 1.2405
-3.08623 1.239
-3.07969 1.23775
-3.07287 1.237
-3.06633 1.23575
-3.05951 1.235
-3.05296 1.2345
-3.04614 1.235
-3.0396 1.2345
-3.03278 1.234
-3.02624 1.23425
-3.01942 1.234
-3.01287 1.23325
-3.00606 1.234
-2.99951 1.234
-2.99269 1.235
-2.98615 1.234
-2.97933 1.234
-2.97279 1.23475
-2.96597 1.235
-2.95942 1.23525
-2.95261 1.237
-2.94606 1.236
-2.93924 1.236
-2.9327 1.236
-2.92588 1.235
-2.91934 1.23475
-2.91252 1.236
-2.90597 1.23575
-2.89943 1.237
-2.89261 1.237
-2.88607 1.238
-2.87925 1.239
-2.8727 1.239
-2.86616 1.24025
-2.85961 1.242
-2.8528 1.24275
-2.84625 1.243
-2.83943 1.2445
-2.83289 1.246
-2.82607 1.2475
-2.81952 1.248
-2.81271 1.24975
-2.80616 1.251
-2.79934 1.25225
-2.7928 1.254
-2.78598 1.255
-2.77944 1.257
-2.77289 1.2595
-2.76635 1.261
-2.75953 1.26325
-2.75298 1.265
-2.74617 1.26725
-2.73962 1.269
-2.7328 1.26925
-2.72026 1.273
-2.71371 1.2755
-2.70717 1.279
-2.70062 1.28025
-2.69408 1.282
-2.68726 1.28475
-2.68072 1.288
-2.6739 1.29
-2.66735 1.292
-2.66054 1.2945
-2.65399 1.297
-2.64717 1.29975
-2.6409 1.303
-2.63436 1.30575
-2.62754 1.31
-2.62099 1.312
-2.61418 1.315
-2.60763 1.319
-2.60081 1.322
-2.59454 1.32625
-2.58772 1.331
-2.58118 1.33525
-2.57436 1.339
-2.56782 1.3425
-2.56154 1.345
-2.55473 1.349
-2.54818 1.353
-2.54136 1.35625
-2.53482 1.361
-2.528 1.36425
-2.52173 1.369
-2.51491 1.374
-2.50837 1.379
-2.50155 1.3825
-2.495 1.386
-2.48846 1.39175
-2.48191 1.399
-2.47537 1.40275
-2.46855 1.408
-2.462 1.414
-2.45546 1.419
-2.44892 1.425
-2.4421 1.431
-2.43555 1.43575
-2.42873 1.441
-2.42246 1.44775
-2.41592 1.455
-2.4091 1.462
-2.40255 1.468
-2.39601 1.4745
-2.38946 1.481
-2.38265 1.48775
-2.3761 1.494
-2.36956 1.50125
-2.36301 1.508
-2.35619 1.5145
-2.34965 1.52
-2.34338 1.529
-2.33656 1.537
-2.33001 1.54475
-2.3232 1.552
-2.31692 1.56075
-2.31011 1.569
-2.30356 1.5765
-2.29674 1.585
-2.29047 1.594
-2.28365 1.603
-2.27711 1.61275
-2.27056 1.622
-2.26402 1.63175
-2.25747 1.641
-2.25066 1.651
-2.24438 1.66
-2.23757 1.67
-2.23102 1.681
-2.2242 1.69025
-2.21793 1.701
-2.21111 1.71125
-2.20457 1.722
-2.19775 1.72175
-2.18521 1.744
-2.17866 1.7425
-2.17184 1.742
-2.16503 1.74725
-2.15848 1.753
-2.15166 1.76625
-2.14512 1.78
-2.1383 1.7945
-2.13176 1.808
-2.12521 1.8215
-2.11839 1.836
-2.11158 1.85125
-2.1053 1.866
-2.09849 1.88175
-2.09194 1.899
-2.08512 1.9135
-2.07858 1.928
-2.07203 1.9465
-2.06522 1.964
-2.05867 1.98025
-2.05213 1.998
-2.04531 2.01675
-2.03849 2.036
-2.03222 2.0545
-2.0254 2.073
-2.01858 2.0915
-2.01204 2.111
-2.00549 2.13275
-1.99895 2.156
-1.99213 2.17875
-1.98531 2.201
-1.97904 2.2245
-1.97222 2.247
-1.9654 2.2715
-1.95913 2.296
-1.95231 2.34425
-1.94577 2.394
-1.93922 2.42325
-1.93268 2.452
-1.92586 2.4815
-1.91932 2.511
-1.9125 2.5415
-1.90595 2.572
-1.89941 2.60325
-1.89259 2.635
-1.88605 2.66975
-1.8795 2.704
-1.87268 2.742
-1.86614 2.779
-1.85959 2.8165
-1.85278 2.853
-1.84623 2.87425
-1.83941 2.896
-1.83287 2.88225
-1.82605 2.869
-1.81896 2.862
-1.81214 2.855
-1.8056 2.845
-1.79878 2.834
-1.79196 2.83425
-1.65343 0
-1.77751 2.46975
-1.77069 2.47
-1.76387 2.4705
-1.6267 0
-1.61988 0
-1.61307 0
-1.60625 0
-1.5997 0
-1.59289 0
-1.58607 0
-1.57925 0
-1.57271 0
-1.69624 2.41
-1.68942 2.41
-1.68288 2.48325
-1.67661 2.558
-1.67006 2.63325
-1.66352 2.709
-1.6567 2.70875
-1.64252 2.7
-1.63597 2.69625
-1.62943 2.694
-1.62288 2.69
-1.61634 2.685
-1.60979 2.6825
-1.60298 2.681
-1.59643 2.67675
-1.58989 2.674
-1.58334 2.67025
-1.57652 2.668
-1.56971 2.6655
-1.56316 2.662
-1.55662 2.66
-1.55007 2.658
-1.54353 2.65475
-1.53671 2.651
-1.53016 2.64925
-1.52362 2.649
-1.51707 2.6455
-1.51053 2.641
-1.50398 2.639
-1.49717 2.637
-1.49062 2.63375
-1.48408 2.632
-1.47753 2.63025
-1.47099 2.628
-1.46417 2.629
-1.45762 2.629
-1.45108 2.6285
-1.44453 2.629
-1.43799 2.62825
-1.3 0
-1.29345 0
-1.28691 0
-1.28036 0
-1.27382 0
-1.267 0
-1.26046 0
-1.25391 0
-1.24736 0
-1.24082 0
-1.23428 0
-1.22746 0
-1.22091 0
-1.21437 0
-1.20782 0
-1.20128 0
-1.19446 0
-1.18791 0
-1.18137 0
-1.17482 0
-1.16828 0
-1.16146 0
-1.15492 0
-1.14837 0
-1.14183 0
-1.13528 0
-1.12846 0
-1.12192 0
-1.11537 0
-1.24027 2.67725
-1.23373 2.677
-1.22718 2.6795
-1.22037 2.682
-1.21382 2.6815
-1.07583 0
-1.06929 0
-1.06274 0
-1.05592 0
-1.04938 0
-1.04283 0
-1.03629 0
-1.02974 0
-1.02293 0
-1.01638 0
-1.00984 0
-1.00329 0
-0.996747 0
-0.989929 0
-0.975748 0
-0.969203 0
-0.962658 0
-0.95584 0
-0.949295 0
-1.06574 1.332
-1.0592 1.332
-1.05238 1.33125
-0.92257 0
-0.915752 0
-0.909208 0
-0.90239 0
-0.895845 0
-0.889027 0
-0.882482 0
-0.875665 0
-0.869119 0
-0.862302 0
-0.855757 0
-0.848939 0
-0.842394 0
-0.835576 0
-0.829031 0
-0.892299 0.31125
-0.885754 0.311
-0.878937 0.311
-0.872665 0.312
-0.86612 0.312
-0.859302 0.312
-0.852484 0.31175
-0.845939 0.312
-0.839122 0.31175
-0.832577 0.312
-0.826032 0.312
-0.819214 0.313
-0.812669 0.313
-0.806124 0.314
-0.799852 0.31475
-0.793034 0.315
-0.787034 0.31725
-0.781035 0.321
-0.77449 0.3215
-0.767672 0.321
-0.760855 0.3205
-0.682042 0
-0.749674 0.33025
-0.742856 0.33
-0.736311 0.33025
-0.655317 0
-0.648772 0
-0.641954 0
-0.635409 0
-0.628591 0
-0.622046 0
-0.615501 0
-0.608683 0
-0.602139 0
-0.595321 0
-0.588776 0
-0.683133 0.5625
-0.676588 0.563
-0.669497 0.5585
-0.662679 0.555
-0.655589 0.55075
-0.648772 0.546
-0.641408 0.54175
-0.634591 0.538
-0.627773 0.535
-0.620955 0.531
-0.613865 0.528
-0.607047 0.524
-0.599957 0.52075
-0.592867 0.517
-0.586049 0.51375
-0.579231 0.511
-0.571868 0.507
-0.565323 0.504
-0.55796 0.5005
-0.551415 0.498
-0.544325 0.4975
-0.529871 0.493
-0.523053 0.49025
-0.516236 0.487
-0.509145 0.4845
-0.502328 0.482
-0.49551 0.48
-0.488692 0.477
-0.481329 0.47375
-0.474784 0.472
-0.467694 0.47025
-0.460876 0.468
-0.454058 0.4655
-0.447241 0.463
-0.44015 0.4615
-0.433333 0.459
-0.426242 0.45725
-0.419697 0.455
-0.412879 0.45225
-0.405789 0.451
-0.398971 0.4495
-0.391881 0.447
-0.385336 0.446
-0.378518 0.446
-0.371701 0.44225
-0.36461 0.44
-0.357793 0.43875
-0.350702 0.437
-0.344157 0.436
-0.337066 0.434
-0.330249 0.432
-0.323431 0.431
-0.316613 0.42975
-0.310068 0.428
-0.302978 0.42675
-0.296161 0.425
-0.289615 0.4275
-0.283616 0.431
-0.276798 0.431
-0.180805 0
-0.173988 0
-0.167443 0
-0.160625 0
-0.15408 0
-0.147262 0
-0.140717 0
-0.1339 0
-0.127354 0
-0.120537 0
-0.113992 0
-0.107447 0
-0.100629 0
-0.0940841 0
-0.0872663 0
-0.0807217 0
-0.0739039 0
-0.0673588 0
-0.060541 0
-0.0539959 0
-0.0471786 0
-0.0406335 0
-0.0338157 0
-0.0272706 0
-0.0204533 0
-0.0139082 0
-0.00736314 0
-0.000545327 0
0.00599957 0
0.0128173 0
0.0193622 0
-0.103083 2.11475
-0.0965384 2.115
-0.089721 2.11125
-0.083176 2.107
-0.0763581 2.104
-0.0698131 2.101
-0.062723 2.0945
-0.0561779 2.089
-0.0493601 2.08675
-0.042815 2.086
-0.0359972 2.08525
-0.0234531 2.084
-0.016908 2.07825
-0.0100902 2.073
-0.00327236 2.072
0.00327249 2.072
0.0100902 2.0715
0.145899 0
0.152444 0
0.159261 0
0.166079 0
0.172624 0
0.0583594 1.17425
0.0651771 1.175
0.0719948 1.17475
0.0785398 1.175
0.0853575 1.169
0.0924479 1.163
0.0989929 1.1595
0.105811 1.157
0.112628 1.15675
0.119173 1.157
0.125991 1.15775
0.132809 1.16
0.139626 1.1525
0.146444 1.144
0.152989 1.149
0.159807 1.154
0.166352 1.15025
0.173442 1.148
0.18026 1.14475
0.186805 1.142
0.193622 1.145
0.200167 1.149
0.206985 1.144
0.213803 1.139
0.220621 1.13825
0.227438 1.137
0.233983 1.13625
0.240801 1.136
0.247619 1.137
0.254164 1.139
0.260981 1.138
0.267799 1.138
0.274344 1.13675
0.281162 1.137
0.287979 1.13725
0.415334 0
0.421879 0
0.428696 0
0.313068 1.2605
0.319613 1.26
0.326704 1.252
0.333522 1.243
0.340339 1.23625
0.347157 1.23
0.353975 1.22425
0.360792 1.219
0.36761 1.215
0.374428 1.21
0.381245 1.204
0.388063 1.199
0.394881 1.19225
0.401698 1.187
0.408243 1.18625
0.415061 1.186
0.421879 1.1855
0.428424 1.186
0.435241 1.1835
0.442332 1.18
0.44915 1.17725
0.455695 1.174
0.462512 1.17225
0.46933 1.172
0.475875 1.1695
0.482693 1.167
0.489783 1.165
0.496328 1.163
0.503146 1.16375
0.509963 1.164
0.516781 1.16425
0.529326 1.166
0.535598 1.16725
0.542143 1.17
0.548688 1.175
0.555233 1.181
0.561505 1.191
0.567505 1.202
0.57405 1.20175
0.702222 0
0.708767 0
0.715312 0
0.591776 2.24625
0.598321 2.246
0.604866 2.254
0.611411 2.262
0.617956 2.27
0.624228 2.277
0.6305 2.28375
0.637045 2.29
0.64359 2.29825
0.650135 2.307
0.656407 2.314
0.662952 2.32
0.669497 2.3285
0.676042 2.338
0.682587 2.34625
0.68886 2.354
0.695132 2.36425
0.701677 2.375
0.708222 2.386
0.714767 2.397
0.721312 2.4035
0.727584 2.411
0.733856 2.43075
0.740401 2.451
0.746674 2.50225
0.753219 2.555
0.759491 2.5655
0.766036 2.575
0.772581 2.575
0.910026 0
0.916571 0
0.922843 0
0.793307 6.49075
0.799852 6.491
0.806397 6.49075
0.949023 0
0.955568 0
