0.975203 0
0.987747 0
0.873483 1.15225
0.8803 1.153
0.886845 1.16
0.89339 1.166
0.900208 1.1655
1.02784 0
1.03438 0
1.0412 0
1.04774 0
1.05456 0
1.06111 0
1.06792 0
1.07474 0
1.08129 0
1.0881 0
1.09465 0
1.10147 0
1.10801 0
1.11483 0
1.12137 0
1.12819 0
1.13474 0
1.14155 0
1.14837 0
1.15492 0
1.16173 0
1.16828 0
1.1751 0
1.18164 0
1.18846 0
1.19501 0
1.20182 0
1.20837 0
1.21519 0
1.222 0
1.22855 0
1.23537 0
1.24191 0
1.24873 0
1.25527 0
1.26209 0
1.26864 0
1.27545 0
1.282 0
1.28882 0
1.29563 0
1.30218 0
1.309 0
1.31554 0
1.32236 0
1.3289 0
1.33572 0
1.34227 0
1.34908 0
1.35563 0
1.36245 0
1.36927 0
1.37581 0
1.38263 0
1.38917 0
1.39599 0
1.40254 0
1.40935 0
1.4159 0
1.42272 0
1.42926 0
1.43608 0
1.4429 0
1.44944 0
1.45626 0
1.4628 0
1.46962 0
1.47617 0
1.48298 0
1.48953 0
1.49635 0
1.50289 0
1.50971 0
1.51653 0
1.53071 0
1.53725 0
1.5438 0
1.55062 0
1.55716 0
1.56398 0
1.57052 0
1.57734 0
1.58389 0
1.59043 0
1.59725 0
1.60379 0
1.61061 0
1.48626 2.5715
1.49307 2.572
1.49962 2.56725
1.50616 2.563
1.51298 2.56275
1.65043 0
1.65724 0
1.66379 0
1.67061 0
1.67715 0
1.6657 0.1785
1.67279 0.178
1.67988 0.177
1.68833 0.175
1.69651 0.17275
1.70388 0.172
1.71124 0.17075
1.71833 0.17
1.72515 0.17
1.73251 0.169
1.74015 0.168
1.74724 0.167
1.75433 0.16675
1.76142 0.166
1.76878 0.16525
1.7756 0.165
1.78187 0.1655
1.78896 0.165
1.79633 0.164
1.80314 0.164
1.81023 0.16325
1.81623 0.164
1.8236 0.16325
1.83041 0.163
1.83696 0.1635
1.84378 0.163
1.85032 0.1635
1.85714 0.163
1.86341 0.16325
1.86968 0.164
1.8765 0.16375
1.88305 0.164
1.88959 0.164
1.89641 0.164
1.90295 0.164
1.90868 0.165
1.91495 0.16575
1.92123 0.166
1.92832 0.16575
1.93459 0.166
1.94113 0.1665
1.94713 0.167
1.95341 0.1675
1.95995 0.168
1.9654 0.16925
1.97168 0.17
1.97768 0.17075
1.98422 0.171
1.99049 0.1715
1.99595 0.173
2.00195 0.174
2.00849 0.174
2.01449 0.17525
2.01967 0.177
2.02649 0.17725
2.03167 0.179
2.03904 0.17825
2.05076 0.182
2.05594 0.184
2.0614 0.186
2.06712 0.18775
2.07149 0.191
2.07803 0.19125
2.11103 0
2.04176 0.3395
2.04831 0.34
2.05458 0.3415
2.06112 0.342
2.06767 0.34325
2.07394 0.345
2.07994 0.34825
2.08621 0.351
2.09221 0.355
2.09794 0.36
2.1053 0.356
2.11239 0.352
2.12003 0.34775
2.12712 0.345
2.13448 0.34125
2.14185 0.338
2.14839 0.338
2.15494 0.339
2.16175 0.338
2.1683 0.338
2.17512 0.33775
2.18166 0.338
2.18848 0.33725
2.19502 0.338
2.20157 0.337
2.20839 0.337
2.21493 0.3375
2.22148 0.337
2.22829 0.33725
2.23484 0.337
2.24193 0.33575
2.24847 0.336
2.25529 0.3355
2.26184 0.336
2.26866 0.335
2.2752 0.335
2.28202 0.33525
2.28829 0.336
2.29484 0.33725
2.30138 0.338
2.30738 0.341
2.31365 0.344
2.31911 0.35
2.32483 0.355
2.33056 0.36075
2.33601 0.367
2.34283 0.36675
2.4301 0
2.43664 0
2.44346 0
2.45001 0
2.45682 0
2.46337 0
2.46991 0
2.36956 0.6655
2.3761 0.665
2.38292 0.662
2.38974 0.66
2.39656 0.65825
2.40337 0.658
2.40992 0.65875
2.41646 0.659
2.42301 0.6595
2.42955 0.661
2.4361 0.663
2.44264 0.665
2.44919 0.66775
2.45601 0.67
2.46228 0.67275
2.46882 0.675
2.47537 0.6765
2.48191 0.677
2.48873 0.6775
2.50264 0.68
2.50918 0.68025
2.516 0.682
2.52255 0.683
2.52909 0.684
2.53591 0.685
2.54273 0.685
2.54954 0.68525
2.55609 0.686
2.56291 0.68625
2.56945 0.688
2.57627 0.6895
2.58281 0.69
2.58963 0.691
2.59645 0.692
2.60327 0.69375
2.60954 0.695
2.61608 0.70075
2.62263 0.707
2.62917 0.713
2.63572 0.718
2.64172 0.7365
2.64772 0.754
2.65454 0.75625
2.66108 0.759
2.6679 0.76075
2.67444 0.764
2.68126 0.7675
2.68753 0.77
2.69435 0.7735
2.7009 0.776
2.70771 0.77925
2.71426 0.783
2.72026 0.80175
2.72653 0.821
2.7328 0.834
2.73908 0.847
2.74589 0.847
2.8667 0
2.87352 0
2.88007 0
2.76253 1.42725
2.76935 1.427
2.77616 1.42125
2.78298 1.416
2.7898 1.411
2.79662 1.407
2.80344 1.402
2.80998 1.397
2.81707 1.39075
2.82389 1.386
2.83071 1.38175
2.83725 1.378
2.84407 1.375
2.85089 1.371
2.85798 1.3655
2.86452 1.36
2.87134 1.35575
2.87816 1.351
2.88497 1.34675
2.89179 1.343
2.89861 1.3395
2.90543 1.336
2.91225 1.3325
2.91879 1.329
2.92561 1.32475
2.9327 1.322
2.93952 1.31875
2.94606 1.315
2.95288 1.313
2.9597 1.31
2.96651 1.3065
2.97306 1.303
2.98015 1.29925
2.98697 1.297
2.99379 1.29375
3.00033 1.291
3.00715 1.289
3.01397 1.286
3.02078 1.2865
3.0336 1.281
3.04042 1.27775
3.04696 1.276
3.05351 1.2735
3.06005 1.271
3.06687 1.2695
3.07342 1.267
3.07996 1.26525
3.08651 1.264
3.09332 1.26075
3.10014 1.258
3.10669 1.256
3.11323 1.254
3.12005 1.253
3.12659 1.252
3.13314 1.25075
3.13968 1.251
-3.13668 1.24975
-3.13014 1.248
-3.12359 1.246
-3.11705 1.245
-3.11023 1.243
-3.10369 1.242
-3.09714 1.24175
-3.0906 1.241
-3.08378 1.23975
-3.07723 1.24
-3.07069 1.2395
-3.06387 1.238
-3.05733 1.2375
-3.05051 1.236
-3.04396 1.23475
-3.03742 1.235
-3.03087 1.23425
-3.02406 1.233
-3.01751 1.2335
-3.01097 1.235
-3.00442 1.234
-2.9976 1.234
-2.99106 1.23375
-2.98451 1.233
-2.97797 1.23275
-2.97115 1.233
-2.96461 1.2355
-2.95806 1.237
-2.95152 1.2365
-2.9447 1.235
-2.93815 1.23525
-2.93161 1.235
-2.92506 1.23575
-2.91825 1.237
-2.9117 1.236
-2.90515 1.236
-2.89861 1.2365
-2.89207 1.238
-2.88525 1.23875
-2.8787 1.239
-2.87243 1.23925
-2.86589 1.24
-2.85907 1.241
-2.85252 1.241
-2.84598 1.242
-2.83943 1.244
-2.83261 1.24525
-2.82607 1.247
-2.81952 1.24875
-2.81298 1.25
-2.80616 1.252
-2.79962 1.254
-2.79307 1.255
-2.78653 1.256
-2.77971 1.25775
-2.77344 1.259
-2.76689 1.26025
-2.76035 1.263
-2.75353 1.2645
-2.74698 1.267
-2.74044 1.2695
-2.73389 1.271
-2.72708 1.2715
-2.71453 1.276
-2.70799 1.277
-2.70117 1.279
-2.6949 1.28125
-2.68808 1.285
-2.68153 1.28725
-2.67472 1.29
-2.6679 1.293
-2.66135 1.297
-2.65454 1.299
-2.64826 1.301
-2.64145 1.30475
-2.6349 1.309
-2.62808 1.31025
-2.62127 1.313
-2.61472 1.3165
-2.6079 1.319
-2.60163 1.323
-2.59481 1.327
-2.588 1.33075
-2.58145 1.334
-2.57463 1.33725
-2.56809 1.342
-2.56154 1.346
-2.555 1.35
-2.54818 1.353
-2.54136 1.356
-2.53482 1.35975
-2.528 1.365
-2.52173 1.36875
-2.51491 1.374
-2.50809 1.3785
-2.50155 1.382
-2.49473 1.3875
-2.48846 1.393
-2.48164 1.39675
-2.4751 1.402
-2.46828 1.40725
-2.46146 1.412
-2.45491 1.417
-2.44837 1.422
-2.44182 1.429
-2.43501 1.435
-2.42819 1.44075
-2.42192 1.448
-2.4151 1.45575
-2.40855 1.463
-2.40174 1.4685
-2.39546 1.473
-2.38865 1.48
-2.38183 1.486
-2.37528 1.49225
-2.36874 1.5
-2.36219 1.50725
-2.35538 1.515
-2.34856 1.5215
-2.34229 1.529
-2.33547 1.536
-2.32892 1.544
-2.32211 1.55175
-2.31583 1.559
-2.30902 1.56725
-2.3022 1.576
-2.29565 1.5855
-2.28911 1.595
-2.28256 1.6045
-2.27575 1.613
-2.2692 1.62225
-2.26266 1.632
-2.25584 1.64075
-2.24929 1.649
-2.24275 1.66
-2.2362 1.671
-2.22939 1.6805
-2.22257 1.69
-2.2163 1.70075
-2.20948 1.711
-2.20293 1.71925
-2.19611 1.729
-2.1893 1.72825
-2.17675 1.747
-2.17021 1.74775
-2.16339 1.748
-2.15685 1.7585
-2.1503 1.769
-2.14376 1.7825
-2.13694 1.795
-2.13067 1.80875
-2.12385 1.824
-2.1173 1.83625
-2.11048 1.85
-2.10421 1.8645
-2.09739 1.88
-2.09085 1.8945
-2.08431 1.91
-2.07776 1.92625
-2.07094 1.942
-2.06467 1.95975
-2.05785 1.978
-2.05158 1.9955
-2.04476 2.014
-2.03822 2.0335
-2.03167 2.054
-2.02513 2.07425
-2.01831 2.094
-2.01204 2.11325
-2.00522 2.133
-1.9984 2.1545
-1.99213 2.176
-1.98531 2.198
-1.97904 2.219
-1.97222 2.24175
-1.96568 2.266
-1.95913 2.30825
-1.95286 2.351
-1.94604 2.3875
-1.93977 2.423
-1.93295 2.452
-1.92641 2.481
-1.91986 2.50975
-1.91332 2.54
-1.9065 2.56975
-1.90023 2.6
-1.89341 2.6325
-1.88686 2.666
-1.88032 2.7025
-1.87377 2.738
-1.86723 2.77425
-1.86068 2.811
-1.85387 2.85175
-1.84759 2.892
-1.84078 2.8865
-1.83423 2.88
-1.82741 2.87
-1.82032 2.861
-1.81378 2.85325
-1.80696 2.845
-1.80042 2.84425
-1.66188 0
-1.65534 0
-1.64852 0
-1.64197 0
-1.63516 0
-1.62861 0
-1.62179 0
-1.61525 0
-1.60843 0
-1.60189 0
-1.59507 0
-1.58852 0
-1.5817 0
-1.70551 2.407
-1.6987 2.407
-1.69215 2.402
-1.68533 2.398
-1.67879 2.39825
-1.54162 0
-1.53507 0
-1.52825 0
-1.52144 0
-1.63897 2.697
-1.63243 2.6935
-1.62588 2.69
-1.61907 2.68575
-1.61252 2.683
-1.60598 2.67975
-1.59916 2.678
-1.59261 2.676
-1.58607 2.673
-1.57925 2.6705
-1.57243 2.667
-1.56589 2.66575
-1.55907 2.664
-1.55252 2.65925
-1.54598 2.656
-1.53916 2.653
-1.53262 2.651
-1.5258 2.648
-1.51925 2.646
-1.51271 2.64275
-1.50589 2.641
-1.49935 2.63725
-1.4928 2.633
-1.48598 2.6305
-1.47944 2.629
-1.47289 2.63
-1.46608 2.631
-1.45953 2.62725
-1.45299 2.624
-1.44617 2.63675
-1.43962 2.65
-1.43308 2.6505
-1.29509 0
-1.28854 0
-1.28173 0
-1.27518 0
-1.26864 0
-1.26182 0
-1.25527 0
-1.24873 0
-1.24191 0
-1.23537 0
-1.22882 0
-1.222 0
-1.21546 0
-1.20891 0
-1.2021 0
-1.19555 0
-1.18873 0
-1.18219 0
-1.17564 0
-1.16883 0
-1.16228 0
-1.15574 0
-1.14892 0
-1.14237 0
-1.13583 0
-1.12901 0
-1.12247 0
-1.11592 0
-1.1091 0
-1.234 2.676
-1.22746 2.676
-1.22064 2.67625
-1.08265 0
-1.07583 0
-1.06929 0
-1.06274 0
-1.05592 0
-1.04938 0
-1.04283 0
-1.03602 0
-1.02947 0
-1.02293 0
-1.01611 0
-1.00956 0
-1.00302 0
-0.996201 0
-0.989656 0
-0.982838 0
-0.968658 0
-0.962113 0
-0.955295 0
-0.94875 0
-0.941932 0
-0.935387 0
-0.92857 0
-0.922025 0
-0.915207 0
-0.908662 0
-0.901844 0
-0.895299 0
-0.888481 0
-0.881937 0
-0.875119 0
-0.868574 0
-0.861756 0
-0.855212 0
-0.848394 0
-0.841849 0
-0.835031 0
-0.828486 0
-0.821668 0
-0.885482 0.3125
-0.878664 0.312
-0.871574 0.31025
-0.864756 0.31
-0.858484 0.31125
-0.852212 0.314
-0.845394 0.312
-0.838303 0.311
-0.831758 0.3115
-0.825213 0.312
-0.818396 0.31175
-0.811851 0.313
-0.805579 0.31325
-0.798488 0.313
-0.792216 0.3135
-0.785671 0.315
-0.779671 0.317
-0.772854 0.318
-0.766036 0.31575
-0.758945 0.315
-0.752128 0.31425
-0.674679 0
-0.742583 0.3325
-0.736038 0.333
-0.72922 0.3325
-0.647953 0
-0.641408 0
-0.634591 0
-0.628046 0
-0.621228 0
-0.614683 0
-0.607866 0
-0.601321 0
-0.594503 0
-0.587958 0
-0.58114 0
-0.675497 0.55775
-0.668679 0.558
-0.661862 0.55375
-0.654771 0.55
-0.647681 0.5455
-0.640863 0.542
-0.633773 0.538
-0.626955 0.535
-0.620138 0.53125
-0.612774 0.527
-0.605956 0.52325
-0.598866 0.52
-0.592048 0.5165
-0.585231 0.514
-0.578413 0.5105
-0.57105 0.507
-0.564232 0.50375
-0.557414 0.501
-0.550597 0.49775
-0.543506 0.495
-0.536689 0.49475
-0.521962 0.489
-0.515145 0.487
-0.508327 0.484
-0.501237 0.48175
-0.494692 0.48
-0.487602 0.47725
-0.480784 0.474
-0.473693 0.4715
-0.466875 0.47
-0.459785 0.468
-0.452967 0.465
-0.445877 0.46225
-0.439332 0.461
-0.432242 0.45925
-0.425424 0.457
-0.418606 0.4555
-0.411789 0.453
-0.404698 0.4515
-0.39788 0.449
-0.39079 0.44675
-0.384245 0.445
-0.376882 0.44175
-0.370337 0.44
-0.363247 0.4385
-0.356702 0.438
-0.349611 0.4365
-0.343067 0.435
-0.336249 0.43325
-0.329158 0.432
-0.32234 0.42975
-0.315523 0.429
-0.308978 0.428
-0.301887 0.426
-0.295342 0.4255
-0.288525 0.426
-0.28198 0.42575
-0.274889 0.425
-0.268344 0.42475
-0.172897 0
-0.166352 0
-0.159534 0
-0.152989 0
-0.146171 0
-0.139626 0
-0.132809 0
-0.126263 0
-0.119446 0
-0.112901 0
-0.106083 0
-0.185714 0.405
-0.178896 0.405
-0.172351 0.4045
-0.0793579 0
-0.0728129 0
-0.0662678 0
-0.0594505 0
-0.0529054 0
-0.0460876 0
-0.0395425 0
-0.0327252 0
-0.0261801 0
-0.0193623 0
-0.0128172 0
-0.00599939 0
0.000545415 0
-0.1219 2.12325
-0.115355 2.123
-0.108538 2.11925
-0.101993 2.116
-0.0951751 2.113
-0.08863 2.111
-0.0818122 2.1065
-0.0752671 2.103
-0.0681771 2.09775
-0.061632 2.093
-0.0548142 2.08925
-0.0482691 2.087
-0.0414518 2.0875
0.0940842 0
0.100902 0
0.113446 0
0.119991 0
0.126536 0
0.0125446 1.1605
0.0190895 1.16
0.0259072 1.15625
0.0324522 1.153
0.0392699 1.14775
0.0460876 1.144
0.0526326 1.1465
0.0591776 1.149
0.0659953 1.143
0.0725402 1.136
0.0793579 1.13575
0.0859029 1.137
0.0927206 1.13725
0.0992656 1.138
0.105811 1.135
0.112628 1.133
0.119446 1.131
0.126264 1.128
0.132809 1.12575
0.139354 1.123
0.146171 1.12125
0.152716 1.119
0.159807 1.115
0.166352 1.111
0.172897 1.113
0.179714 1.114
0.186259 1.10725
0.193077 1.102
0.199622 1.10275
0.206167 1.105
0.212985 1.105
0.21953 1.104
0.226347 1.1025
0.232892 1.101
0.239437 1.10125
0.366246 0
0.372791 0
0.379609 0
0.386154 0
0.392972 0
0.399517 0
0.406062 0
0.290434 1.26225
0.296979 1.263
0.304069 1.2535
0.310614 1.245
0.317432 1.2375
0.324249 1.23
0.330794 1.22375
0.337885 1.218
0.34443 1.21275
0.350975 1.207
0.357792 1.2015
0.36461 1.197
0.371428 1.1905
0.377973 1.185
0.384791 1.17925
0.391608 1.173
0.398153 1.17225
0.404971 1.172
0.411516 1.1715
0.418061 1.171
0.424879 1.166
0.431696 1.162
0.438514 1.15975
0.445059 1.159
0.451604 1.15575
0.458422 1.154
0.464967 1.1525
0.471784 1.152
0.478329 1.15
0.485147 1.148
0.491965 1.14775
0.49851 1.148
0.505055 1.14975
0.5116 1.151
0.518417 1.15125
0.530962 1.154
0.537507 1.15975
0.543779 1.166
0.550324 1.1745
0.556869 1.184
0.563414 1.194
0.569686 1.203
0.576504 1.20225
0.704677 0
0.711222 0
0.717767 0
0.594775 2.25625
0.60132 2.256
0.607865 2.2635
0.614683 2.27
0.621228 2.2745
0.627773 2.28
0.634045 2.28675
0.640863 2.295
0.647408 2.30125
0.653953 2.309
0.660771 2.3195
0.667316 2.331
0.673861 2.34
0.680406 2.348
0.686951 2.35525
0.693496 2.364
0.700041 2.37575
0.706858 2.388
0.713403 2.395
0.719948 2.402
0.726493 2.4135
0.733038 2.425
0.739583 2.48025
0.745856 2.535
0.752673 2.54975
0.759218 2.564
0.765763 2.564
0.903208 0
0.910026 0
0.916571 0
0.787034 6.4355
0.793852 6.435
0.800397 6.47075
0.806942 6.506
0.81376 6.50625
