0.842121 6.653
0.992383 0
0.998928 0
1.00547 0
0.891209 1.1655
0.897754 1.166
0.904571 1.16525
1.03193 0
1.03847 0
1.04529 0
1.05183 0
1.05838 0
1.0652 0
1.07174 0
1.07829 0
1.08483 0
1.09165 0
1.09819 0
1.10474 0
1.11156 0
1.1181 0
1.12465 0
1.13119 0
1.13801 0
1.14455 0
1.1511 0
1.15764 0
1.16446 0
1.17101 0
1.17755 0
1.18437 0
1.19091 0
1.19746 0
1.204 0
1.21082 0
1.21737 0
1.22391 0
1.23073 0
1.23727 0
1.24382 0
1.25036 0
1.25718 0
1.26373 0
1.27027 0
1.27682 0
1.28364 0
1.29018 0
1.29673 0
1.30354 0
1.31009 0
1.31663 0
1.32318 0
1.33 0
1.33654 0
1.34309 0
1.3499 0
1.35645 0
1.36299 0
1.36954 0
1.37636 0
1.3829 0
1.38945 0
1.39599 0
1.40281 0
1.40935 0
1.4159 0
1.42272 0
1.42926 0
1.43581 0
1.44235 0
1.44917 0
1.45571 0
1.46226 0
1.46908 0
1.47562 0
1.48217 0
1.48871 0
1.49553 0
1.50207 0
1.50862 0
1.51544 0
1.52962 0
1.53616 0
1.54271 0
1.54953 0
1.55607 0
1.56262 0
1.56943 0
1.57598 0
1.5828 0
1.58934 0
1.59589 0
1.6027 0
1.60925 0
1.48517 2.57275
1.49171 2.573
1.49826 2.5665
1.50507 2.561
1.51162 2.5615
1.64934 0
1.65588 0
1.66243 0
1.66924 0
1.67579 0
1.68261 0
1.68915 0
1.68015 0.17475
1.68697 0.175
1.69433 0.17375
1.70142 0.173
1.70933 0.1715
1.71615 0.171
1.72406 0.1695
1.73115 0.169
1.73906 0.16725
1.74587 0.167
1.75324 0.16625
1.76006 0.166
1.7666 0.166
1.77396 0.165
1.78078 0.165
1.78733 0.165
1.79442 0.16475
1.80151 0.164
1.80778 0.16425
1.81487 0.164
1.82196 0.1635
1.82905 0.163
1.83614 0.1625
1.84214 0.163
1.8495 0.16225
1.8555 0.163
1.86205 0.16325
1.86805 0.164
1.87432 0.1645
1.88141 0.164
1.8885 0.1635
1.8945 0.164
1.90159 0.16375
1.90704 0.165
1.91386 0.16525
1.92041 0.165
1.92613 0.166
1.93295 0.166
1.93868 0.167
1.9455 0.167
1.9515 0.16775
1.95804 0.168
1.96404 0.16875
1.97059 0.169
1.97659 0.17
1.98231 0.171
1.98886 0.171
1.99513 0.172
2.00058 0.17325
2.00686 0.174
2.01286 0.17475
2.01858 0.176
2.02431 0.1775
2.02976 0.179
2.03658 0.179
2.04885 0.182
2.05567 0.18175
2.0824 0
2.08921 0
2.09576 0
2.10258 0
2.10912 0
2.03985 0.3405
2.0464 0.34
2.05294 0.34
2.05976 0.341
2.06631 0.34125
2.07285 0.342
2.07885 0.34525
2.08485 0.35
2.09058 0.354
2.09685 0.358
2.10394 0.3535
2.1113 0.35
2.11839 0.34825
2.12521 0.346
2.13257 0.34375
2.13939 0.342
2.14648 0.34
2.1533 0.339
2.16039 0.338
2.16694 0.338
2.17348 0.33725
2.1803 0.338
2.18684 0.33725
2.19366 0.338
2.20021 0.3375
2.20702 0.337
2.21357 0.3375
2.22039 0.337
2.2272 0.33625
2.23348 0.337
2.24057 0.33625
2.24711 0.336
2.25393 0.3365
2.26047 0.336
2.26729 0.3365
2.27384 0.336
2.28065 0.33625
2.2872 0.336
2.29347 0.33725
2.30029 0.338
2.30656 0.3395
2.31283 0.342
2.31856 0.3465
2.32456 0.351
2.33001 0.35675
2.33574 0.364
2.34229 0.36425
2.42901 0
2.43583 0
2.44237 0
2.44919 0
2.45573 0
2.46255 0
2.4691 0
2.47591 0
2.48246 0
2.3821 0.6625
2.38892 0.662
2.39546 0.6605
2.40255 0.659
2.4091 0.65825
2.41592 0.659
2.42219 0.65975
2.42901 0.661
2.43555 0.662
2.4421 0.663
2.44864 0.666
2.45519 0.669
2.46173 0.67125
2.46828 0.674
2.4751 0.67525
2.48137 0.678
2.48818 0.67725
2.50209 0.68
2.50864 0.68
2.51518 0.681
2.522 0.68175
2.52827 0.683
2.53509 0.68275
2.54164 0.684
2.54818 0.685
2.555 0.686
2.56154 0.686
2.56836 0.687
2.57491 0.68775
2.58118 0.69
2.588 0.69075
2.59454 0.692
2.60136 0.694
2.60763 0.695
2.61418 0.6975
2.62099 0.7
2.62727 0.70575
2.63381 0.712
2.63981 0.72325
2.64581 0.735
2.65208 0.747
2.65835 0.758
2.66517 0.7605
2.67144 0.762
2.67799 0.76525
2.68481 0.768
2.69108 0.77125
2.6979 0.774
2.70417 0.778
2.71071 0.781
2.71699 0.7955
2.72299 0.809
2.72953 0.82375
2.73553 0.839
2.74153 0.85325
2.74808 0.868
2.75462 0.868
2.87598 0
2.88252 0
2.88934 0
2.7718 1.4175
2.77807 1.418
2.78516 1.41275
2.79171 1.408
2.79853 1.40275
2.80507 1.398
2.81162 1.393
2.81871 1.388
2.82525 1.3835
2.83207 1.379
2.83861 1.37575
2.84516 1.372
2.85225 1.36625
2.85879 1.362
2.86561 1.358
2.87216 1.353
2.8787 1.35
2.88552 1.346
2.89234 1.34125
2.89916 1.337
2.9057 1.33275
2.91225 1.329
2.91906 1.326
2.92561 1.324
2.9327 1.321
2.93924 1.317
2.94579 1.31325
2.95261 1.31
2.95915 1.30725
2.96597 1.304
2.97251 1.3015
2.97933 1.299
2.98615 1.2955
2.99269 1.291
2.99951 1.29025
3.00606 1.289
3.01287 1.28925
3.02542 1.283
3.03196 1.2795
3.03905 1.277
3.0456 1.27425
3.05242 1.272
3.05896 1.27075
3.06578 1.269
3.07232 1.267
3.07914 1.265
3.08569 1.263
3.09251 1.26
3.09932 1.25825
3.10614 1.256
3.11269 1.25425
3.1195 1.252
3.12605 1.251
3.13287 1.251
3.13941 1.2495
-3.13696 1.248
-3.13041 1.24625
-3.12359 1.246
-3.11705 1.24425
-3.11023 1.242
-3.10369 1.24
-3.0966 1.239
-3.09032 1.24
-3.08351 1.24
-3.07696 1.23925
-3.06987 1.238
-3.06333 1.23825
-3.05651 1.238
-3.04996 1.2365
-3.04315 1.235
-3.0366 1.235
-3.02978 1.234
-3.02324 1.23375
-3.01642 1.235
-3.00987 1.23375
-3.00306 1.234
-2.99651 1.234
-2.98969 1.234
-2.98315 1.2335
-2.97633 1.234
-2.96979 1.23425
-2.96297 1.234
-2.95642 1.23575
-2.94961 1.237
-2.94306 1.2355
-2.93624 1.235
-2.9297 1.235
-2.92288 1.236
-2.91634 1.23525
-2.90952 1.236
-2.90297 1.23675
-2.89616 1.238
-2.88961 1.238
-2.88279 1.239
-2.87625 1.239
-2.8697 1.24
-2.86316 1.24125
-2.85634 1.243
-2.8498 1.24375
-2.84298 1.244
-2.83643 1.245
-2.82961 1.245
-2.82307 1.2475
-2.81625 1.249
-2.80971 1.25025
-2.80289 1.253
-2.79634 1.25425
-2.78953 1.256
-2.78298 1.2575
-2.77616 1.258
-2.76989 1.2595
-2.76307 1.262
-2.75653 1.26275
-2.74971 1.265
-2.74317 1.26725
-2.73635 1.27
-2.72953 1.26975
-2.71671 1.276
-2.71017 1.27775
-2.7039 1.28
-2.69708 1.2815
-2.69053 1.284
-2.68372 1.2865
-2.67717 1.288
-2.67035 1.29175
-2.66381 1.296
-2.65699 1.29775
-2.65045 1.299
-2.6439 1.303
-2.63736 1.306
-2.63054 1.309
-2.62399 1.312
-2.61718 1.31375
-2.61063 1.317
-2.60381 1.32075
-2.59754 1.325
-2.59072 1.3295
-2.58418 1.333
-2.57736 1.337
-2.57082 1.34
-2.564 1.34325
-2.55773 1.347
-2.55091 1.34975
-2.54436 1.354
-2.53754 1.3595
-2.531 1.364
-2.52418 1.3675
-2.51791 1.371
-2.51109 1.37525
-2.50455 1.381
-2.49773 1.38425
-2.49118 1.389
-2.48464 1.3955
-2.47809 1.401
-2.47128 1.407
-2.46473 1.412
-2.45791 1.41625
-2.45164 1.421
-2.44482 1.42575
-2.43828 1.432
-2.43146 1.4385
-2.42519 1.444
-2.41837 1.4515
-2.41183 1.459
-2.40501 1.46475
-2.39846 1.47
-2.39192 1.47675
-2.38537 1.483
-2.37856 1.491
-2.37201 1.498
-2.36547 1.5045
-2.35892 1.511
-2.3521 1.51725
-2.34556 1.525
-2.33901 1.53175
-2.33247 1.539
-2.32565 1.548
-2.31911 1.557
-2.31256 1.5655
-2.30602 1.573
-2.2992 1.58075
-2.29293 1.59
-2.28611 1.59925
-2.27956 1.608
-2.27275 1.618
-2.26647 1.628
-2.25966 1.637
-2.25311 1.645
-2.24629 1.65375
-2.24002 1.663
-2.2332 1.67375
-2.22666 1.686
-2.22011 1.6965
-2.21357 1.706
-2.20675 1.717
-2.20021 1.728
-2.19339 1.728
-2.18003 1.798
-2.17348 1.789
-2.16694 1.779
-2.16012 1.76975
-2.1533 1.761
-2.14675 1.77275
-2.14021 1.786
-2.13366 1.801
-2.12712 1.816
-2.12058 1.8295
-2.11376 1.843
-2.10749 1.85925
-2.10094 1.875
-2.09412 1.89075
-2.08785 1.906
-2.08103 1.9215
-2.07449 1.936
-2.06822 1.9545
-2.0614 1.972
-2.05485 1.98825
-2.04831 2.005
-2.04176 2.02475
-2.03549 2.044
-2.02867 2.064
-2.02213 2.083
-2.01558 2.102
-2.00904 2.121
-2.00249 2.14425
-1.99595 2.168
-1.9894 2.18875
-1.98258 2.211
-1.97631 2.235
-1.96977 2.258
-1.96322 2.2855
-1.95668 2.313
-1.95013 2.35925
-1.94359 2.407
-1.93732 2.43675
-1.9305 2.466
-1.92395 2.494
-1.91741 2.522
-1.91086 2.553
-1.90432 2.584
-1.89777 2.61425
-1.89123 2.645
-1.88468 2.68075
-1.87814 2.716
-1.87132 2.7545
-1.86505 2.794
-1.8585 2.8325
-1.85196 2.871
-1.84541 2.87725
-1.8386 2.884
-1.83205 2.87375
-1.82551 2.863
-1.81842 2.8585
-1.81187 2.855
-1.80505 2.8445
-1.79851 2.835
-1.79196 2.83425
-1.65343 0
-1.64688 0
-1.64006 0
-1.63352 0
-1.62697 0
-1.62016 0
-1.61361 0
-1.60679 0
-1.60025 0
-1.5937 0
-1.58689 0
-1.7107 2.40625
-1.70388 2.406
-1.69733 2.4065
-1.69079 2.406
-1.68397 2.406
-1.54707 0
-1.6717 2.70925
-1.66515 2.709
-1.65834 2.70925
-1.64415 2.7
-1.63761 2.6965
-1.63106 2.693
-1.62425 2.68875
-1.6177 2.686
-1.61088 2.68075
-1.60434 2.677
-1.59779 2.674
-1.59098 2.671
-1.58416 2.668
-1.57734 2.665
-1.5708 2.66225
-1.56425 2.661
-1.55743 2.65875
-1.55089 2.658
-1.54407 2.655
-1.53753 2.652
-1.53098 2.6505
-1.52416 2.648
-1.51762 2.64325
-1.5108 2.638
-1.50426 2.63475
-1.49771 2.633
-1.49089 2.631
-1.48435 2.628
-1.47753 2.6255
-1.47099 2.622
-1.46444 2.62475
-1.45762 2.629
-1.45108 2.63375
-1.44426 2.64
-1.43771 2.6405
-1.3 0
-1.29318 0
-1.28663 0
-1.27982 0
-1.27327 0
-1.26673 0
-1.25991 0
-1.25336 0
-1.24655 0
-1.24 0
-1.23318 0
-1.22664 0
-1.22009 0
-1.21328 0
-1.20673 0
-1.19991 0
-1.19337 0
-1.18682 0
-1.18001 0
-1.17346 0
-1.16664 0
-1.1601 0
-1.15355 0
-1.14674 0
-1.14019 0
-1.13337 0
-1.12683 0
-1.12028 0
-1.11347 0
-1.10692 0
-1.1001 0
-1.225 2.682
-1.21846 2.682
-1.21164 2.68175
-1.07365 0
-1.06683 0
-1.06029 0
-1.05374 0
-1.04692 0
-1.04038 0
-1.03356 0
-1.02702 0
-1.02047 0
-1.01365 0
-1.00711 0
-1.00029 0
-0.993747 0
-0.986929 0
-0.973021 0
-0.966476 0
-0.959658 0
-0.953113 0
-0.946296 0
-1.06301 1.3225
-1.0562 1.323
-1.04965 1.32325
-0.91957 0
-0.912752 0
-0.906208 0
-0.89939 0
-0.892845 0
-0.886027 0
-0.879482 0
-0.872665 0
-0.86612 0
-0.859302 0
-0.852484 0
-0.845939 0
-0.839122 0
-0.832577 0
-0.825759 0
-0.819214 0
-0.812396 0
-0.875937 0.31075
-0.869119 0.311
-0.862302 0.3115
-0.856029 0.312
-0.849212 0.3125
-0.842667 0.312
-0.835849 0.31225
-0.829304 0.312
-0.822486 0.31275
-0.815942 0.313
-0.809397 0.3135
-0.802851 0.315
-0.796579 0.3165
-0.790034 0.317
-0.783762 0.31925
-0.777489 0.321
-0.770944 0.32125
-0.69186 0
-0.685314 0
-0.678497 0
-0.745856 0.331
-0.739311 0.331
-0.732493 0.3305
-0.651771 0
-0.644954 0
-0.638408 0
-0.631591 0
-0.625046 0
-0.618228 0
-0.61141 0
-0.604866 0
-0.598048 0
-0.693223 0.57175
-0.686405 0.572
-0.679588 0.56575
-0.672224 0.561
-0.665679 0.5575
-0.658316 0.553
-0.651499 0.5495
-0.644408 0.545
-0.637318 0.54125
-0.6305 0.537
-0.62341 0.53325
-0.616592 0.529
-0.609502 0.526
-0.602684 0.522
-0.595594 0.519
-0.588503 0.516
-0.581685 0.51275
-0.574595 0.509
-0.567777 0.50525
-0.560687 0.503
-0.55387 0.5
-0.546779 0.497
-0.539961 0.497
-0.526871 0.491
-0.520054 0.488
-0.513236 0.486
-0.506418 0.48275
-0.499328 0.481
-0.49251 0.47775
-0.48542 0.476
-0.478875 0.474
-0.471784 0.471
-0.464967 0.4695
-0.457876 0.467
-0.451059 0.46475
-0.443968 0.462
-0.43715 0.45925
-0.430333 0.458
-0.423515 0.456
-0.416425 0.454
-0.40988 0.4525
-0.402789 0.45
-0.395972 0.44775
-0.388881 0.446
-0.382064 0.44425
-0.375246 0.443
-0.368428 0.441
-0.361337 0.439
-0.35452 0.437
-0.347702 0.436
-0.340885 0.43375
-0.334067 0.433
-0.327249 0.43075
-0.320159 0.43
-0.313614 0.428
-0.306524 0.427
-0.299979 0.4255
-0.292888 0.425
-0.286616 0.42775
-0.280071 0.43
-0.273526 0.42925
-0.177532 0
-0.170988 0
-0.16417 0
-0.157625 0
-0.150807 0
-0.144262 0
-0.137445 0
-0.1309 0
-0.124082 0
-0.117537 0
-0.11072 0
-0.104174 0
-0.0973566 0
-0.17726 0.406
-0.170442 0.406
-0.163897 0.406
-0.0706313 0
-0.0640863 0
-0.0572684 0
-0.0507239 0
-0.043906 0
-0.037361 0
-0.0305432 0
-0.0239981 0
-0.0171807 0
-0.0106357 0
-0.00381786 0
-0.126536 2.12475
-0.119719 2.125
-0.113174 2.12075
-0.106356 2.117
-0.0998109 2.116
-0.0929936 2.114
-0.0864485 2.1085
-0.0796307 2.102
-0.0730856 2.09925
-0.065995 2.096
-0.0594505 2.09175
-0.0526326 2.088
-0.0460876 2.086
-0.0392697 2.084
-0.0324524 2.084
0.109356 0
0.115901 0
0.122446 0
0.129263 0
0.135808 0
0.0218166 1.15725
0.0283616 1.158
0.0351793 1.1535
0.0417243 1.15
0.048542 1.153
0.055087 1.156
0.0619046 1.15325
0.0684496 1.152
0.0752673 1.15025
0.0818123 1.15
0.08863 1.1555
0.095175 1.162
0.10172 1.1575
0.108538 1.154
0.115083 1.15625
0.1219 1.159
0.128445 1.15775
0.135263 1.157
0.141808 1.1555
0.148626 1.155
0.155171 1.1615
0.161716 1.167
0.168533 1.16375
0.175351 1.161
0.181896 1.16375
0.188441 1.167
0.194986 1.168
0.201531 1.169
0.208349 1.1665
0.215166 1.163
0.221711 1.16775
0.228256 1.174
0.235074 1.17375
0.241619 1.175
0.248437 1.1745
0.376064 0
0.382882 0
0.389427 0
0.396244 0
0.402789 0
0.287161 1.2745
0.293706 1.274
0.300524 1.26275
0.307342 1.253
0.313887 1.24425
0.320977 1.237
0.327522 1.2305
0.33434 1.223
0.341157 1.217
0.347975 1.212
0.35452 1.20575
0.36161 1.201
0.368155 1.19475
0.374973 1.19
0.381518 1.185
0.388608 1.179
0.395153 1.177
0.401971 1.174
0.408516 1.17225
0.415061 1.17
0.421879 1.16825
0.428424 1.166
0.435514 1.1655
0.442059 1.164
0.448877 1.162
0.455422 1.16
0.46224 1.15675
0.468785 1.155
0.475602 1.15325
0.482147 1.151
0.488965 1.151
0.49551 1.15
0.502328 1.15
0.508873 1.149
0.51569 1.1495
0.528235 1.151
0.53478 1.15625
0.541325 1.162
0.547597 1.167
0.554142 1.173
0.56096 1.1825
0.567232 1.192
0.573777 1.19225
0.701677 0
0.708495 0
0.71504 0
0.591776 2.25025
0.598321 2.25
0.605138 2.2575
0.611683 2.265
0.618228 2.2725
0.624773 2.279
0.631046 2.28625
0.637863 2.295
0.644408 2.30125
0.650953 2.308
0.657498 2.3165
0.664316 2.325
0.670861 2.334
0.677406 2.342
0.683678 2.34975
0.690496 2.359
0.697041 2.37025
0.703586 2.381
0.710131 2.391
0.716949 2.401
0.723494 2.4095
0.730039 2.419
0.736311 2.47425
0.742583 2.529
0.749401 2.54425
0.755946 2.56
0.762491 2.5685
0.769036 2.577
0.775853 2.5775
0.913298 0
0.919843 0
0.926388 0
0.797125 6.50475
0.80367 6.505
0.810215 6.52825
0.81676 6.553
0.823577 6.55225
