0.825486 6.57
0.839394 6.639
0.845939 6.63825
0.988838 0
0.875119 1.138
0.881664 1.138
0.888482 1.138
1.01584 0
1.02238 0
1.0292 0
1.03602 0
1.04256 0
1.04938 0
1.0562 0
1.06301 0
1.06956 0
1.07638 0
1.08319 0
1.08974 0
1.09656 0
1.10338 0
1.10992 0
1.11674 0
1.12356 0
1.13037 0
1.13692 0
1.14374 0
1.15055 0
1.1571 0
1.16392 0
1.17073 0
1.17728 0
1.1841 0
1.19091 0
1.19746 0
1.20428 0
1.21109 0
1.21791 0
1.22446 0
1.23128 0
1.23809 0
1.24464 0
1.25146 0
1.25827 0
1.26482 0
1.27164 0
1.27845 0
1.28527 0
1.29182 0
1.29863 0
1.30545 0
1.312 0
1.31881 0
1.32563 0
1.33218 0
1.33899 0
1.34581 0
1.35236 0
1.35918 0
1.36599 0
1.37281 0
1.37936 0
1.38617 0
1.39299 0
1.39954 0
1.40635 0
1.41317 0
1.41972 0
1.42653 0
1.43335 0
1.44017 0
1.44671 0
1.45353 0
1.46035 0
1.46689 0
1.47371 0
1.48053 0
1.48708 0
1.49389 0
1.50071 0
1.50753 0
1.52171 0
1.52825 0
1.5348 0
1.54134 0
1.54789 0
1.55471 0
1.56125 0
1.5678 0
1.57434 0
1.58089 0
1.5877 0
1.59425 0
1.60079 0
1.60734 0
1.61416 0
1.4898 2.57625
1.49635 2.576
1.50289 2.5705
1.50944 2.566
1.51625 2.5655
1.6537 0
1.66024 0
1.66679 0
1.67333 0
1.68015 0
1.6867 0
1.69324 0
1.69979 0
1.7066 0
1.70033 0.17125
1.70633 0.172
1.71397 0.17025
1.72079 0.17
1.72842 0.169
1.73578 0.168
1.74287 0.167
1.74942 0.167
1.75678 0.16625
1.7636 0.166
1.77124 0.16475
1.77751 0.165
1.78405 0.165
1.79169 0.164
1.79878 0.1635
1.80478 0.164
1.81187 0.16325
1.81869 0.163
1.82578 0.16275
1.83205 0.163
1.83832 0.1635
1.84514 0.163
1.85223 0.1625
1.8585 0.163
1.86478 0.16325
1.87159 0.163
1.87759 0.16375
1.88414 0.164
1.89041 0.1645
1.89723 0.164
1.90295 0.165
1.9095 0.165
1.91632 0.16525
1.92286 0.165
1.92941 0.16525
1.93513 0.166
1.94168 0.166
1.94768 0.167
1.95422 0.167
1.96022 0.168
1.96677 0.16775
1.97277 0.169
1.97877 0.16975
1.98422 0.171
1.99049 0.1715
1.99677 0.172
2.00249 0.1735
2.00849 0.174
2.01449 0.17475
2.02022 0.176
2.02731 0.17575
2.03904 0.179
2.04422 0.181
2.05049 0.182
2.05594 0.18375
2.0614 0.186
2.06849 0.18525
2.09767 0
2.10449 0
2.11103 0
2.04149 0.3425
2.04803 0.343
2.05431 0.3445
2.06085 0.346
2.0674 0.34625
2.07421 0.347
2.08049 0.34975
2.08621 0.354
2.09221 0.3585
2.09821 0.363
2.10585 0.358
2.11348 0.353
2.12057 0.35025
2.12767 0.348
2.13503 0.34375
2.14239 0.341
2.14921 0.341
2.15575 0.34
2.16284 0.3395
2.16939 0.34
2.17621 0.33925
2.18275 0.34
2.18957 0.33875
2.19639 0.339
2.20321 0.3385
2.20975 0.339
2.21657 0.339
2.22311 0.339
2.2302 0.33775
2.23702 0.338
2.24357 0.33775
2.25038 0.337
2.25693 0.337
2.26375 0.337
2.27056 0.337
2.27711 0.337
2.28393 0.33775
2.28993 0.34
2.29647 0.34175
2.30302 0.344
2.30847 0.349
2.31474 0.353
2.3202 0.359
2.3262 0.364
2.33192 0.37025
2.33765 0.376
2.34447 0.37575
2.43337 0
2.43992 0
2.44673 0
2.45328 0
2.4601 0
2.46691 0
2.47346 0
2.3731 0.6655
2.37965 0.665
2.38647 0.665
2.39356 0.664
2.4001 0.66275
2.40692 0.663
2.41346 0.66425
2.42001 0.666
2.42683 0.668
2.43337 0.669
2.43992 0.6725
2.44646 0.676
2.45301 0.67775
2.45982 0.68
2.46637 0.68125
2.47291 0.683
2.47973 0.68275
2.49255 0.685
2.49909 0.68575
2.50537 0.688
2.51191 0.6885
2.51873 0.689
2.52527 0.6895
2.53182 0.69
2.53864 0.69125
2.54518 0.692
2.55173 0.69225
2.55854 0.693
2.56509 0.694
2.57136 0.695
2.57818 0.6965
2.58472 0.698
2.59127 0.69875
2.59781 0.701
2.60436 0.70425
2.61063 0.708
2.6169 0.7235
2.6229 0.739
2.6289 0.749
2.63517 0.76
2.64172 0.76175
2.64826 0.765
2.65481 0.76775
2.66135 0.77
2.6679 0.773
2.67417 0.776
2.68099 0.7785
2.68753 0.782
2.69381 0.78875
2.70035 0.796
2.70635 0.81075
2.71235 0.825
2.7189 0.8375
2.72517 0.851
2.73171 0.851
2.85252 0
2.85907 0
2.86561 0
2.7478 1.43825
2.75462 1.439
2.76117 1.43225
2.76771 1.426
2.77453 1.421
2.78135 1.416
2.78789 1.412
2.79471 1.407
2.80125 1.40125
2.8078 1.397
2.81489 1.39125
2.82143 1.386
2.82798 1.382
2.8348 1.377
2.84134 1.373
2.84789 1.369
2.85498 1.36475
2.86152 1.36
2.86807 1.35475
2.87461 1.351
2.88143 1.3475
2.88825 1.344
2.89479 1.341
2.90161 1.337
2.90815 1.33225
2.9147 1.329
2.92152 1.32575
2.92834 1.322
2.93488 1.318
2.9417 1.315
2.94824 1.313
2.95479 1.31
2.96161 1.30575
2.96815 1.303
2.97497 1.29875
2.98179 1.296
2.98833 1.2935
2.99488 1.292
3.00169 1.2915
3.01424 1.287
3.02078 1.2835
3.0276 1.281
3.03442 1.27825
3.04124 1.276
3.04778 1.27325
3.0546 1.271
3.06114 1.269
3.06796 1.266
3.07451 1.265
3.08132 1.263
3.08787 1.26125
3.09469 1.259
3.1015 1.25625
3.10832 1.253
3.11487 1.252
3.12169 1.252
3.1285 1.251
3.13505 1.251
-3.14132 1.24975
-3.13477 1.248
-3.12796 1.24625
-3.12141 1.246
-3.11459 1.2445
-3.10805 1.242
-3.10123 1.2415
-3.09469 1.24
-3.08787 1.23925
-3.08105 1.239
-3.07423 1.23875
-3.06769 1.238
-3.06087 1.238
-3.05405 1.238
-3.04751 1.236
-3.04069 1.234
-3.03415 1.23425
-3.02733 1.234
-3.02078 1.23275
-3.01397 1.233
-3.00742 1.234
-3.0006 1.236
-2.99406 1.236
-2.98724 1.235
-2.9807 1.23575
-2.97388 1.236
-2.96733 1.23575
-2.96051 1.236
-2.95397 1.236
-2.94715 1.236
-2.94033 1.236
-2.93379 1.236
-2.92697 1.23575
-2.92043 1.236
-2.91361 1.23625
-2.90706 1.237
-2.90025 1.237
-2.8937 1.238
-2.88688 1.239
-2.88034 1.239
-2.87379 1.23975
-2.86725 1.24
-2.86043 1.24075
-2.85389 1.242
-2.84707 1.2435
-2.84025 1.244
-2.83371 1.245
-2.82689 1.247
-2.82034 1.24725
-2.81353 1.249
-2.80698 1.25125
-2.80016 1.255
-2.79362 1.2565
-2.7868 1.257
-2.78025 1.258
-2.77371 1.26
-2.76716 1.26225
-2.76035 1.264
-2.7538 1.26575
-2.74698 1.267
-2.74017 1.26725
-2.72735 1.272
-2.7208 1.27425
-2.71399 1.277
-2.70744 1.2785
-2.7009 1.28
-2.69408 1.283
-2.68753 1.285
-2.68072 1.28675
-2.6739 1.29
-2.66735 1.29375
-2.66054 1.297
-2.65372 1.2995
-2.64745 1.302
-2.64063 1.3045
-2.63381 1.308
-2.62727 1.31075
-2.62045 1.314
-2.6139 1.31725
-2.60709 1.32
-2.60054 1.3245
-2.594 1.329
-2.58718 1.332
-2.58036 1.335
-2.57382 1.33825
-2.567 1.342
-2.56045 1.34525
-2.55391 1.35
-2.54709 1.3535
-2.54027 1.358
-2.53373 1.3615
-2.52691 1.365
-2.52036 1.37075
-2.51382 1.376
-2.507 1.37875
-2.50046 1.383
-2.49364 1.3885
-2.48709 1.395
-2.48055 1.3985
-2.47373 1.403
-2.46691 1.40975
-2.46037 1.416
-2.45382 1.42075
-2.44701 1.425
-2.44046 1.4315
-2.43364 1.437
-2.4271 1.444
-2.42055 1.45
-2.41374 1.45675
-2.40719 1.463
-2.40037 1.46925
-2.39383 1.476
-2.38728 1.482
-2.38047 1.488
-2.37365 1.4955
-2.36738 1.502
-2.36056 1.50925
-2.35374 1.517
-2.3472 1.52325
-2.34065 1.531
-2.33383 1.539
-2.32729 1.547
-2.32047 1.5555
-2.31392 1.564
-2.30738 1.57175
-2.30056 1.58
-2.29402 1.58875
-2.28747 1.597
-2.28065 1.6065
-2.27411 1.615
-2.26756 1.626
-2.26075 1.636
-2.2542 1.64475
-2.24738 1.653
-2.24084 1.66375
-2.23429 1.674
-2.22748 1.6835
-2.22093 1.694
-2.21439 1.7045
-2.20757 1.714
-2.20075 1.7145
-2.18602 1.684
-2.17975 1.7125
-2.17348 1.741
-2.16666 1.74475
-2.16012 1.749
-2.15357 1.76075
-2.14703 1.773
-2.14048 1.7845
-2.13366 1.797
-2.12739 1.8115
-2.12085 1.827
-2.11403 1.84125
-2.10776 1.856
-2.10121 1.87125
-2.09439 1.886
-2.08812 1.901
-2.08131 1.915
-2.07476 1.932
-2.06849 1.95
-2.06167 1.96725
-2.05512 1.985
-2.04885 2.00275
-2.04204 2.022
-2.03549 2.041
-2.02895 2.061
-2.0224 2.08
-2.01613 2.1
-2.00931 2.11975
-2.00277 2.139
-1.99622 2.16175
-1.98968 2.184
-1.98313 2.2065
-1.97659 2.228
-1.97004 2.252
-1.9635 2.275
-1.95695 2.32575
-1.95068 2.378
-1.94386 2.40625
-1.93759 2.435
-1.93104 2.463
-1.92423 2.491
-1.91795 2.52
-1.91141 2.548
-1.90459 2.57825
-1.89832 2.609
-1.8915 2.64375
-1.88523 2.68
-1.87868 2.7165
-1.87187 2.752
-1.86559 2.7885
-1.85905 2.826
-1.8525 2.86525
-1.84596 2.905
-1.83914 2.88925
-1.8326 2.874
-1.82605 2.868
-1.81896 2.861
-1.81242 2.8525
-1.8056 2.845
-1.79905 2.78825
-1.79224 2.733
-1.78542 2.73275
-1.64743 0
-1.64088 0
-1.63406 0
-1.62752 0
-1.6207 0
-1.61416 0
-1.60761 0
-1.60079 0
-1.59425 0
-1.5877 0
-1.58089 0
-1.7047 2.4085
-1.69788 2.408
-1.69133 2.41
-1.68479 2.412
-1.67797 2.41125
-1.54107 0
-1.53425 0
-1.65152 2.702
-1.64497 2.6985
-1.63843 2.694
-1.63161 2.69025
-1.62507 2.687
-1.61825 2.68525
-1.6117 2.684
-1.60488 2.6815
-1.59834 2.68
-1.59179 2.675
-1.58498 2.669
-1.57816 2.66525
-1.57134 2.663
-1.5648 2.66275
-1.55798 2.662
-1.55143 2.659
-1.54489 2.656
-1.53807 2.651
-1.53153 2.647
-1.52471 2.64475
-1.51816 2.642
-1.51135 2.64075
-1.5048 2.641
-1.49826 2.637
-1.49144 2.634
-1.48489 2.632
-1.47808 2.629
-1.47153 2.62625
-1.46471 2.625
-1.45817 2.62525
-1.45162 2.626
-1.44481 2.6265
-1.30709 0
-1.30027 0
-1.29373 0
-1.28691 0
-1.28036 0
-1.27382 0
-1.267 0
-1.26046 0
-1.25364 0
-1.24709 0
-1.24027 0
-1.23373 0
-1.22718 0
-1.22037 0
-1.21382 0
-1.207 0
-1.20046 0
-1.19364 0
-1.1871 0
-1.18055 0
-1.17373 0
-1.16719 0
-1.16037 0
-1.15383 0
-1.14701 0
-1.14046 0
-1.13392 0
-1.1271 0
-1.12056 0
-1.11374 0
-1.10719 0
-1.23182 2.6775
-1.22528 2.678
-1.21873 2.67725
-1.08047 0
-1.07392 0
-1.06711 0
-1.06056 0
-1.05374 0
-1.0472 0
-1.04065 0
-1.03383 0
-1.02729 0
-1.02047 0
-1.01393 0
-1.00711 0
-1.00056 0
-0.993747 0
-0.979566 0
-0.973021 0
-0.966204 0
-0.959658 0
-0.952841 0
-0.946296 0
-0.939478 0
-1.05592 1.30875
-1.04911 1.309
-1.04229 1.309
-0.912752 0
-0.905935 0
-0.89939 0
-0.892572 0
-0.886027 0
-0.87921 0
-0.872392 0
-0.865847 0
-0.859029 0
-0.852484 0
-0.845667 0
-0.839122 0
-0.832304 0
-0.825486 0
-0.818941 0
-0.812124 0
-0.805579 0
-0.868847 0.3115
-0.862302 0.311
-0.855484 0.31125
-0.848939 0.313
-0.842121 0.31125
-0.835304 0.311
-0.828759 0.311
-0.822213 0.312
-0.815669 0.313
-0.808851 0.313
-0.802306 0.31325
-0.795761 0.314
-0.789489 0.31675
-0.783489 0.319
-0.776672 0.319
-0.770399 0.32
-0.763582 0.3205
-0.684769 0
-0.678224 0
-0.671407 0
-0.739583 0.33375
-0.732765 0.334
-0.72622 0.33375
-0.644681 0
-0.637863 0
-0.631318 0
-0.624501 0
-0.617956 0
-0.611138 0
-0.604593 0
-0.597775 0
-0.590957 0
-0.685587 0.5645
-0.678769 0.565
-0.671952 0.56
-0.664862 0.556
-0.658044 0.55225
-0.650953 0.548
-0.643863 0.54325
-0.637045 0.54
-0.629955 0.5365
-0.623137 0.532
-0.616047 0.528
-0.609229 0.525
-0.602139 0.52075
-0.595048 0.518
-0.58823 0.51475
-0.58114 0.512
-0.574323 0.5085
-0.567232 0.506
-0.560414 0.5025
-0.553324 0.5
-0.546506 0.4995
-0.533143 0.494
-0.526326 0.49075
-0.519235 0.488
-0.512418 0.4855
-0.5056 0.483
-0.49851 0.4805
-0.491419 0.478
-0.484602 0.47475
-0.477511 0.473
-0.470421 0.47075
-0.463603 0.468
-0.456786 0.4655
-0.449695 0.464
-0.442604 0.4615
-0.435787 0.46
-0.428969 0.45825
-0.421879 0.456
-0.415061 0.45375
-0.407971 0.452
-0.401153 0.45
-0.394335 0.448
-0.387518 0.4475
-0.380427 0.446
-0.373337 0.44325
-0.366519 0.44
-0.359429 0.43825
-0.352338 0.437
-0.345794 0.436
-0.338703 0.434
-0.331612 0.432
-0.325067 0.431
-0.317977 0.42975
-0.311159 0.429
-0.304342 0.42725
-0.297252 0.425
-0.290706 0.4265
-0.284161 0.428
-0.277616 0.4285
-0.181623 0
-0.174805 0
-0.168261 0
-0.161443 0
-0.154625 0
-0.14808 0
-0.141262 0
-0.134445 0
-0.127627 0
-0.121082 0
-0.114264 0
-0.107447 0
-0.100902 0
-0.18026 0.40475
-0.173442 0.405
-0.166897 0.40475
-0.0739039 0
-0.067086 0
-0.060541 0
-0.0537236 0
-0.0469058 0
-0.040088 0
-0.0335429 0
-0.138263 0.7705
-0.131445 0.771
-0.1249 0.7725
-0.118082 0.774
-0.111537 0.77775
-0.104993 0.781
-0.0984476 0.78475
-0.0916298 0.788
-0.0850847 0.795
-0.0788124 0.803
-0.0719946 0.8035
0.0474511 0
0.0539961 0
0.0608138 0
0.0676315 0
0.0741765 0
-0.0479963 2.08425
-0.041179 2.084
-0.0343612 2.08425
-0.0215438 2.081
-0.0149987 2.07825
-0.00845415 2.075
-0.00190908 2.073
0.00490874 2.072
0.0114537 2.0715
0.146989 0
0.153807 0
0.160352 0
0.0580867 0.70125
0.0646317 0.701
0.0717221 0.69725
0.0782671 0.695
0.0850848 0.6925
0.0919025 0.689
0.0987202 0.687
0.105265 0.685
0.112083 0.68125
0.118901 0.677
0.125718 0.67325
0.132536 0.67
0.139354 0.6685
0.145899 0.666
0.152716 0.6625
0.159534 0.659
0.166352 0.65925
0.172897 0.659
0.179442 0.65825
0.186259 0.658
0.192804 0.6545
0.199622 0.65
0.206712 0.6455
0.21353 0.64
0.220075 0.64225
0.226347 0.645
0.233165 0.64375
0.239983 0.643
0.246528 0.6395
0.253618 0.636
0.260163 0.634
0.266708 0.633
0.273526 0.63125
0.280344 0.63
0.286889 0.62925
0.293433 0.628
0.300524 0.627
0.307069 0.625
0.313887 0.6225
0.320432 0.621
0.327249 0.61875
0.334067 0.617
0.340612 0.61775
0.347157 0.62
0.353702 0.62
0.360247 0.619
0.367337 0.6175
0.373882 0.615
0.3807 0.61325
0.387245 0.613
0.394063 0.61175
0.400608 0.612
0.407153 0.612
0.41397 0.613
0.420515 0.613
0.42706 0.612
0.433605 0.61225
0.440423 0.612
0.446968 0.61175
0.453513 0.612
0.459512 0.624
0.465512 0.636
0.472057 0.6365
0.58414 0
0.476148 0.87325
0.482693 0.874
0.488965 0.88475
0.49551 0.896
0.502055 0.896
0.623955 0
0.630773 0
0.644681 0
0.52169 2.18625
0.528235 2.187
0.535052 2.192
0.541597 2.196
0.548415 2.2025
0.55496 2.208
0.561778 2.21425
0.56805 2.22
0.574868 2.22525
0.581413 2.232
0.58823 2.238
0.594775 2.243
0.601593 2.25
0.608138 2.257
0.614956 2.26575
0.621501 2.275
0.628319 2.27875
0.634591 2.284
0.641409 2.294
0.647954 2.305
0.654771 2.3125
0.661316 2.319
0.668134 2.32775
0.674679 2.338
0.681497 2.34675
0.687769 2.356
0.694587 2.3655
0.701131 2.374
0.707949 2.385
0.714494 2.396
0.721312 2.40125
0.727857 2.408
0.734402 2.42425
0.740947 2.441
0.747765 2.4975
0.754037 2.555
0.760854 2.564
0.767399 2.573
0.774217 2.57225
0.911662 0
0.91848 0
0.925025 0
0.795761 6.47475
0.802306 6.475
0.809124 6.51
0.815669 6.545
0.822486 6.545
