0.846212 1.237
0.858757 1.235
0.865574 1.21725
0.872392 1.2
0.87921 1.1895
0.886027 1.18
0.892845 1.18
1.02047 0
1.02729 0
1.03383 0
1.04065 0
1.0472 0
1.05402 0
1.06056 0
1.06738 0
1.07392 0
1.08074 0
1.08729 0
1.0941 0
1.10065 0
1.10747 0
1.11401 0
1.12083 0
1.12737 0
1.13419 0
1.14074 0
1.14755 0
1.1541 0
1.16092 0
1.16746 0
1.17428 0
1.18082 0
1.18764 0
1.19419 0
1.201 0
1.20755 0
1.21437 0
1.22091 0
1.22773 0
1.23427 0
1.24109 0
1.24764 0
1.25446 0
1.261 0
1.26782 0
1.27436 0
1.28118 0
1.28773 0
1.29454 0
1.30109 0
1.30791 0
1.31445 0
1.32127 0
1.32781 0
1.33463 0
1.34118 0
1.34799 0
1.35454 0
1.36136 0
1.3679 0
1.37472 0
1.38126 0
1.38808 0
1.39463 0
1.40144 0
1.40799 0
1.41481 0
1.42135 0
1.42817 0
1.43472 0
1.44153 0
1.44808 0
1.4549 0
1.46144 0
1.46826 0
1.4748 0
1.48162 0
1.48817 0
1.49498 0
1.50153 0
1.50835 0
1.52116 0
1.52771 0
1.53425 0
1.54107 0
1.54762 0
1.55443 0
1.56098 0
1.5678 0
1.57434 0
1.58116 0
1.5877 0
1.59452 0
1.60107 0
1.47671 2.5755
1.48353 2.576
1.49007 2.57075
1.49689 2.566
1.50344 2.56125
1.51026 2.557
1.5168 2.557
1.65452 0
1.66106 0
1.66788 0
1.67443 0
1.68097 0
1.67061 0.177
1.67715 0.177
1.68533 0.17525
1.6927 0.174
1.70115 0.17175
1.70824 0.171
1.71588 0.17
1.72242 0.17
1.72951 0.1695
1.73742 0.168
1.74451 0.16725
1.75133 0.167
1.75815 0.16675
1.76551 0.166
1.77205 0.166
1.77969 0.165
1.78678 0.1645
1.79387 0.164
1.80096 0.16325
1.80723 0.164
1.81487 0.16275
1.82114 0.163
1.82796 0.163
1.8345 0.163
1.84132 0.163
1.84787 0.163
1.85523 0.16225
1.86123 0.163
1.86832 0.16275
1.87377 0.164
1.88032 0.1645
1.88714 0.164
1.89368 0.164
1.9005 0.164
1.90677 0.16425
1.91304 0.165
1.91959 0.16525
1.92559 0.166
1.93186 0.1665
1.93895 0.166
1.94522 0.1665
1.9515 0.167
1.95722 0.16825
1.96322 0.169
1.96949 0.16975
1.97577 0.17
1.98177 0.171
1.98831 0.171
1.99404 0.1725
2.00031 0.173
2.00631 0.17425
2.01231 0.175
2.01804 0.17625
2.02404 0.177
2.03085 0.17725
2.04313 0.18
2.04831 0.182
2.05431 0.183
2.06031 0.18425
2.06494 0.187
2.0704 0.18925
2.07476 0.193
2.08158 0.1925
2.11539 0
2.04504 0.3455
2.05185 0.345
2.0584 0.34575
2.06467 0.346
2.07149 0.34725
2.07749 0.35
2.08376 0.353
2.08949 0.357
2.09549 0.3615
2.10149 0.365
2.10912 0.35925
2.11676 0.354
2.12439 0.34875
2.13148 0.345
2.13857 0.343
2.14539 0.342
2.15221 0.3415
2.15875 0.342
2.16557 0.34075
2.17239 0.341
2.17893 0.34075
2.18548 0.342
2.19202 0.3415
2.19884 0.341
2.20539 0.3415
2.2122 0.341
2.2193 0.33975
2.22557 0.34
2.23239 0.33925
2.23893 0.34
2.24575 0.3395
2.25257 0.339
2.25911 0.3385
2.26593 0.339
2.27247 0.33975
2.27875 0.34
2.28556 0.34075
2.29184 0.342
2.29811 0.345
2.30411 0.348
2.30956 0.354
2.31556 0.359
2.32102 0.36575
2.32674 0.372
2.33329 0.37175
2.42137 0
2.42819 0
2.43473 0
2.44155 0
2.4481 0
2.45464 0
2.46146 0
2.36083 0.6695
2.36765 0.669
2.37419 0.668
2.38074 0.667
2.38756 0.66675
2.3941 0.667
2.40092 0.66775
2.40746 0.67
2.41374 0.6725
2.42055 0.674
2.42683 0.6775
2.43364 0.68
2.44019 0.68175
2.44646 0.684
2.45328 0.68575
2.45982 0.687
2.46637 0.6885
2.47291 0.69
2.47973 0.69
2.49364 0.691
2.50018 0.69225
2.50673 0.693
2.51355 0.6935
2.52009 0.694
2.52664 0.6955
2.53318 0.696
2.54 0.69675
2.54654 0.697
2.55309 0.69775
2.55991 0.699
2.56618 0.7005
2.573 0.701
2.57954 0.704
2.58636 0.706
2.5929 0.70525
2.70853 0
2.71508 0
2.72162 0
2.61718 0.76475
2.62372 0.765
2.63054 0.7675
2.63681 0.769
2.64363 0.7715
2.65017 0.775
2.65672 0.77825
2.66326 0.781
2.66954 0.78375
2.67635 0.787
2.68263 0.7985
2.6889 0.81
2.69517 0.8195
2.70172 0.83
2.70771 0.84425
2.71426 0.86
2.7208 0.86025
2.84161 0
2.84843 0
2.85498 0
2.73717 1.449
2.74371 1.449
2.7508 1.4425
2.75735 1.436
2.76417 1.42975
2.77071 1.424
2.77726 1.41825
2.78435 1.413
2.79089 1.4085
2.79771 1.404
2.80425 1.399
2.81107 1.395
2.81789 1.39075
2.82471 1.386
2.83125 1.38075
2.8378 1.376
2.84461 1.3715
2.85143 1.366
2.85825 1.361
2.86479 1.357
2.87161 1.35275
2.87816 1.35
2.88497 1.34575
2.89179 1.341
2.89834 1.3375
2.90516 1.334
2.9117 1.331
2.91852 1.328
2.92506 1.32375
2.93215 1.321
2.9387 1.31625
2.94552 1.313
2.95206 1.31
2.95861 1.307
2.96542 1.3045
2.97197 1.301
2.97906 1.29725
2.9856 1.295
2.99242 1.29175
2.99897 1.289
3.00578 1.28875
3.01969 1.285
3.02624 1.28325
3.03306 1.281
3.03987 1.278
3.04669 1.275
3.05324 1.2725
3.06005 1.27
3.0666 1.26825
3.07342 1.266
3.07996 1.26425
3.08678 1.262
3.09332 1.261
3.10014 1.259
3.10696 1.256
3.11378 1.253
3.12032 1.25175
3.12714 1.25
3.13368 1.24825
3.1405 1.248
-3.13614 1.247
-3.12932 1.247
-3.12278 1.245
-3.11596 1.243
-3.10941 1.24225
-3.1026 1.243
-3.09605 1.24225
-3.08923 1.241
-3.08242 1.2395
-3.0756 1.238
-3.06878 1.238
-3.06223 1.237
-3.05542 1.23625
-3.04887 1.236
-3.04205 1.23475
-3.03551 1.235
-3.02869 1.234
-3.02215 1.234
-3.01533 1.2345
-3.00878 1.234
-3.00197 1.23375
-2.99542 1.235
-2.9886 1.23525
-2.98206 1.235
-2.97524 1.2355
-2.9687 1.236
-2.96188 1.236
-2.95533 1.237
-2.94852 1.23475
-2.94197 1.234
-2.93515 1.23475
-2.92861 1.236
-2.92179 1.236
-2.91525 1.237
-2.90843 1.2375
-2.90161 1.238
-2.89506 1.23875
-2.88825 1.239
-2.88197 1.23925
-2.87516 1.24
-2.86861 1.2405
-2.86179 1.241
-2.85525 1.2415
-2.84843 1.242
-2.84189 1.24325
-2.83507 1.244
-2.82852 1.24525
-2.82171 1.247
-2.81516 1.249
-2.80834 1.252
-2.8018 1.2535
-2.79498 1.255
-2.78844 1.25625
-2.78162 1.258
-2.77535 1.25925
-2.76853 1.261
-2.76198 1.262
-2.75517 1.264
-2.74862 1.266
-2.7418 1.268
-2.73499 1.268
-2.72217 1.273
-2.71562 1.27525
-2.70908 1.278
-2.70253 1.2795
-2.69599 1.282
-2.68917 1.2855
-2.68263 1.288
-2.67581 1.28875
-2.66926 1.291
-2.66272 1.29375
-2.6559 1.298
-2.64936 1.3
-2.64281 1.302
-2.63627 1.3045
-2.62945 1.308
-2.6229 1.31075
-2.61608 1.314
-2.60954 1.31725
-2.60299 1.32
-2.59645 1.3245
-2.58991 1.329
-2.58309 1.333
-2.57654 1.337
-2.56972 1.33975
-2.56318 1.343
-2.55663 1.34725
-2.55009 1.352
-2.54354 1.3555
-2.53673 1.36
-2.53018 1.3645
-2.52336 1.368
-2.51709 1.37175
-2.51027 1.377
-2.50373 1.38075
-2.49691 1.386
-2.49037 1.3905
-2.48409 1.395
-2.47728 1.3995
-2.47073 1.405
-2.46391 1.41025
-2.45737 1.417
-2.45082 1.42225
-2.44428 1.429
-2.43746 1.434
-2.43092 1.439
-2.42464 1.445
-2.41783 1.452
-2.41128 1.45875
-2.40446 1.466
-2.39819 1.47125
-2.39137 1.478
-2.38483 1.484
-2.37801 1.491
-2.37147 1.498
-2.36519 1.504
-2.35838 1.51175
-2.35183 1.519
-2.34501 1.52525
-2.33874 1.533
-2.33192 1.5405
-2.32538 1.549
-2.31856 1.5575
-2.31229 1.566
-2.30574 1.57325
-2.29893 1.581
-2.29238 1.58875
-2.28584 1.598
-2.27929 1.6085
-2.27247 1.618
-2.2662 1.628
-2.25938 1.637
-2.25284 1.64625
-2.24629 1.656
-2.23975 1.66625
-2.2332 1.677
-2.22639 1.687
-2.22011 1.696
-2.2133 1.706
-2.20675 1.716
-2.19993 1.716
-2.18684 1.678
-2.18057 1.70925
-2.1743 1.742
-2.16748 1.746
-2.16094 1.749
-2.15412 1.761
-2.14785 1.773
-2.14103 1.78775
-2.13448 1.802
-2.12794 1.81475
-2.12139 1.829
-2.11458 1.843
-2.1083 1.858
-2.10149 1.8735
-2.09494 1.889
-2.0884 1.90525
-2.08185 1.921
-2.07503 1.93725
-2.06876 1.954
-2.06194 1.972
-2.0554 1.99
-2.04885 2.0095
-2.04231 2.029
-2.03576 2.04625
-2.02922 2.063
-2.0224 2.08175
-2.01613 2.102
-2.00931 2.123
-2.00277 2.144
-1.99622 2.168
-1.98968 2.191
-1.98286 2.21225
-1.97659 2.234
-1.96977 2.25775
-1.9635 2.282
-1.95668 2.2825
-1.82005 0
-1.81323 0
-1.80669 0
-1.9305 2.493
-1.92395 2.493
-1.91741 2.52325
-1.91086 2.554
-1.90432 2.58575
-1.89777 2.619
-1.89096 2.6515
-1.88468 2.684
-1.87787 2.7205
-1.87132 2.757
-1.86478 2.79425
-1.85823 2.832
-1.85169 2.86825
-1.84514 2.906
-1.83832 2.89
-1.83178 2.873
-1.82496 2.8655
-1.81814 2.857
-1.81132 2.84875
-1.80478 2.84
-1.79769 2.76075
-1.79114 2.682
-1.78433 2.6825
-1.64634 0
-1.63952 0
-1.63297 0
-1.62616 0
-1.61961 0
-1.61279 0
-1.60625 0
-1.59943 0
-1.59289 0
-1.58607 0
-1.57952 0
-1.70306 2.4095
-1.69651 2.409
-1.6897 2.40825
-1.5528 0
-1.54598 0
-1.53943 0
-1.53262 0
-1.64988 2.701
-1.64334 2.697
-1.63679 2.693
-1.62997 2.68925
-1.62343 2.687
-1.61661 2.68275
-1.61007 2.68
-1.60352 2.6785
-1.5967 2.677
-1.59016 2.6725
-1.58307 2.668
-1.57652 2.66575
-1.56998 2.665
-1.56316 2.66225
-1.55662 2.661
-1.5498 2.658
-1.54325 2.655
-1.53671 2.652
-1.52989 2.648
-1.52335 2.64575
-1.51653 2.643
-1.50998 2.64075
-1.50344 2.64
-1.49662 2.6365
-1.49007 2.632
-1.48326 2.631
-1.47671 2.629
-1.47017 2.62725
-1.46335 2.627
-1.4568 2.62525
-1.44999 2.625
-1.44344 2.6255
-1.30572 0
-1.29891 0
-1.29236 0
-1.28554 0
-1.279 0
-1.27245 0
-1.26564 0
-1.25909 0
-1.25227 0
-1.24573 0
-1.23891 0
-1.23237 0
-1.22582 0
-1.219 0
-1.21246 0
-1.20564 0
-1.1991 0
-1.19255 0
-1.18573 0
-1.17919 0
-1.17237 0
-1.16583 0
-1.15928 0
-1.15246 0
-1.14592 0
-1.1391 0
-1.13255 0
-1.12601 0
-1.11919 0
-1.11265 0
-1.10583 0
-1.23073 2.678
-1.22418 2.678
-1.21737 2.67775
-1.07938 0
-1.07256 0
-1.06601 0
-1.05947 0
-1.05265 0
-1.04611 0
-1.03929 0
-1.03274 0
-1.0262 0
-1.01938 0
-1.01284 0
-1.00602 0
-0.999474 0
-0.992656 0
-0.978475 0
-0.97193 0
-0.965385 0
-0.958567 0
-0.952022 0
-0.945205 0
-0.93866 0
-1.05483 1.3125
-1.04829 1.313
-1.04147 1.31325
-0.911935 0
-0.905117 0
-0.898572 0
-0.891754 0
-0.885209 0
-0.878392 0
-0.871846 0
-0.865029 0
-0.858484 0
-0.851666 0
-0.845121 0
-0.838303 0
-0.831758 0
-0.824941 0
-0.818396 0
-0.881664 0.31175
-0.875392 0.312
-0.868574 0.3115
-0.861756 0.311
-0.855484 0.3125
-0.848666 0.313
-0.841849 0.31125
-0.835031 0.311
-0.828486 0.31125
-0.821941 0.312
-0.815396 0.312
-0.808578 0.313
-0.802033 0.313
-0.795488 0.314
-0.789489 0.31675
-0.783216 0.319
-0.776944 0.31975
-0.770127 0.32
-0.763582 0.32
-0.684769 0
-0.678224 0
-0.671407 0
-0.739583 0.334
-0.732765 0.334
-0.726493 0.33425
-0.644681 0
-0.638136 0
-0.631318 0
-0.624773 0
-0.618228 0
-0.61141 0
-0.604866 0
-0.598048 0
-0.591503 0
-0.68586 0.56475
-0.679315 0.565
-0.672224 0.561
-0.665407 0.557
-0.658316 0.553
-0.651499 0.548
-0.644408 0.54375
-0.637591 0.54
-0.6305 0.53625
-0.623682 0.533
-0.616592 0.529
-0.609774 0.526
-0.602684 0.5225
-0.595867 0.519
-0.588776 0.51475
-0.581958 0.512
-0.574868 0.50925
-0.56805 0.506
-0.56096 0.503
-0.554142 0.5
-0.547324 0.5
-0.532598 0.494
-0.52578 0.49025
-0.518963 0.488
-0.512145 0.4855
-0.505328 0.483
-0.49851 0.48
-0.491419 0.478
-0.484602 0.47525
-0.477784 0.473
-0.470693 0.47025
-0.464148 0.469
-0.457058 0.4665
-0.45024 0.464
-0.443423 0.4625
-0.436333 0.46
-0.429515 0.45725
-0.42297 0.456
-0.415879 0.45425
-0.409062 0.452
-0.402517 0.4505
-0.395426 0.448
-0.388881 0.4475
-0.381791 0.446
-0.374973 0.44225
-0.368155 0.44
-0.361065 0.43925
-0.35452 0.438
-0.347702 0.436
-0.340612 0.434
-0.334067 0.4325
-0.326977 0.431
-0.320159 0.42925
-0.313614 0.429
-0.306524 0.42725
-0.299706 0.425
-0.293433 0.4255
-0.197713 0
-0.191168 0
-0.184623 0
-0.177805 0
-0.171261 0
-0.164443 0
-0.157898 0
-0.151353 0
-0.144535 0
-0.13799 0
-0.131445 0
-0.124627 0
-0.118082 0
-0.111537 0
-0.10472 0
-0.18435 0.4055
-0.177532 0.405
-0.170988 0.40425
-0.0782669 0
-0.0714496 0
-0.0649045 0
-0.0583594 0
-0.0515416 0
-0.0449966 0
-0.0381792 0
-0.0316342 0
-0.0250891 0
-0.0182713 0
-0.0117262 0
-0.00518161 0
0.00163625 0
-0.11781 1.59275
-0.111265 1.593
-0.104174 1.5835
-0.0976294 1.575
-0.0908116 1.569
-0.0842665 1.564
-0.0777219 1.56325
0.0548142 0
0.0613592 0
0.0679042 0
0.0747219 0
0.0812669 0
0.0880846 0
-0.00545437 0.679
0.00109083 0.67725
0.00763582 0.677
0.0144535 0.6775
0.0209985 0.677
0.0280889 0.674
0.0346339 0.671
0.0417243 0.66925
0.0482693 0.668
0.055087 0.66875
0.0613592 0.671
0.0681769 0.672
0.0747219 0.673
0.0815396 0.6705
0.0883573 0.667
0.095175 0.66625
0.10172 0.666
0.108265 0.66575
0.115083 0.665
0.121628 0.666
0.128445 0.666
0.13499 0.665
0.141808 0.665
0.148626 0.66375
0.155443 0.662
0.161988 0.66075
0.169079 0.659
0.175351 0.661
0.182169 0.663
0.188714 0.6645
0.195259 0.667
0.202076 0.66475
0.208621 0.662
0.215439 0.66075
0.221984 0.661
0.228802 0.6615
0.235347 0.662
0.242164 0.662
0.248709 0.663
0.255527 0.66325
0.261799 0.665
0.26889 0.66425
0.275435 0.663
0.282252 0.662
0.288797 0.66
0.295615 0.662
0.301887 0.665
0.308705 0.66675
0.31525 0.668
0.321795 0.66625
0.328885 0.664
0.335158 0.665
0.341975 0.665
0.34852 0.666
0.355338 0.666
0.361883 0.66725
0.368701 0.668
0.375246 0.66875
0.382063 0.67
0.388336 0.6705
0.395153 0.672
0.401426 0.6785
0.407971 0.684
0.414516 0.68325
0.529053 0
0.422424 0.82525
0.428969 0.825
0.435787 0.8295
0.442332 0.833
0.448877 0.8385
0.455149 0.844
0.461967 0.84975
0.468239 0.855
0.474784 0.86425
0.481056 0.873
0.487874 0.8735
0.609229 0
0.616047 0
0.622592 0
0.629409 0
0.641954 0
0.518963 2.18525
0.525508 2.185
0.532053 2.189
0.538598 2.194
0.545415 2.2
0.55196 2.205
0.558505 2.21125
0.564778 2.219
0.571595 2.22475
0.57814 2.231
0.584685 2.236
0.59123 2.241
0.598048 2.249
0.604593 2.256
0.611138 2.26175
0.617683 2.269
0.624228 2.27575
0.630773 2.283
0.637318 2.2905
0.643863 2.299
0.650408 2.3065
0.657226 2.314
0.663771 2.32375
0.670316 2.334
0.676861 2.34325
0.683405 2.352
0.68995 2.3605
0.696495 2.369
0.70304 2.381
0.709858 2.392
0.716403 2.39775
0.722948 2.404
0.729493 2.41675
0.735765 2.429
0.742583 2.4625
0.749128 2.497
0.7554 2.5305
0.761945 2.565
0.768763 2.56775
0.775308 2.572
0.781853 2.57225
0.919298 0
0.926115 0
0.93266 0
0.939205 0
0.94575 0
0.952568 0
