0.841031 1.226
0.853575 1.233
0.860393 1.215
0.86721 1.198
0.874028 1.19925
0.880573 1.2
0.887391 1.20025
0.893936 1.201
0.900753 1.2005
1.02865 0
1.0352 0
1.04202 0
1.04856 0
1.05538 0
1.06192 0
1.06874 0
1.07529 0
1.08183 0
1.08865 0
1.09519 0
1.10201 0
1.10856 0
1.11537 0
1.12192 0
1.12846 0
1.13528 0
1.14183 0
1.14864 0
1.15519 0
1.16201 0
1.16855 0
1.1751 0
1.18192 0
1.18846 0
1.19528 0
1.20182 0
1.20864 0
1.21519 0
1.22173 0
1.22855 0
1.23509 0
1.24191 0
1.24846 0
1.25527 0
1.26182 0
1.26836 0
1.27518 0
1.28173 0
1.28854 0
1.29509 0
1.30191 0
1.30845 0
1.315 0
1.32181 0
1.32836 0
1.33518 0
1.34172 0
1.34854 0
1.35508 0
1.36163 0
1.36845 0
1.37499 0
1.38181 0
1.38835 0
1.39517 0
1.40172 0
1.40826 0
1.41508 0
1.42163 0
1.42844 0
1.43499 0
1.44181 0
1.44835 0
1.4549 0
1.46171 0
1.46826 0
1.47508 0
1.48162 0
1.48844 0
1.49498 0
1.5018 0
1.51435 0
1.52089 0
1.52771 0
1.53425 0
1.54107 0
1.54762 0
1.55443 0
1.56098 0
1.5678 0
1.57434 0
1.58116 0
1.5877 0
1.59452 0
1.60107 0
1.60788 0
1.48353 2.576
1.49035 2.576
1.49689 2.57175
1.50371 2.567
1.51026 2.56675
1.64797 0
1.52989 1.4525
1.53671 1.452
1.54325 1.4525
1.6747 0
1.68124 0
1.68806 0
1.67797 0.17625
1.68424 0.177
1.69215 0.17525
1.69979 0.174
1.70715 0.173
1.71479 0.172
1.72188 0.171
1.72951 0.17
1.7366 0.16925
1.74451 0.168
1.7516 0.16725
1.75842 0.167
1.76551 0.1665
1.7726 0.166
1.77915 0.166
1.78678 0.165
1.79387 0.16425
1.80014 0.165
1.80778 0.16375
1.81432 0.164
1.82141 0.1635
1.82769 0.164
1.83396 0.1645
1.84105 0.164
1.84787 0.16375
1.85441 0.164
1.86068 0.16425
1.86777 0.164
1.87405 0.1645
1.88114 0.164
1.88686 0.165
1.89368 0.165
1.9005 0.16475
1.90704 0.165
1.91359 0.16525
1.91959 0.166
1.92586 0.1665
1.93295 0.166
1.93868 0.167
1.9455 0.167
1.9515 0.16775
1.95831 0.168
1.96404 0.16875
1.97086 0.169
1.97686 0.1695
1.98258 0.171
1.98913 0.171
1.9954 0.172
2.00167 0.17225
2.00713 0.174
2.01286 0.17525
2.01913 0.176
2.02567 0.17625
2.03876 0.178
2.04449 0.179
2.04967 0.181
2.05703 0.18025
2.08294 0
2.08976 0
2.0963 0
2.07449 0.19475
2.08131 0.195
2.08758 0.1955
2.12303 0
2.12957 0
2.13612 0
2.14294 0
2.14948 0
2.1563 0
2.16284 0
2.16939 0
2.17621 0
2.18275 0
2.18957 0
2.19612 0
2.20266 0
2.20948 0
2.21602 0
2.22284 0
2.22939 0
2.1203 0.9075
2.12712 0.908
2.13367 0.90775
2.25611 0
2.26266 0
2.2692 0
2.16857 0.67225
2.17512 0.672
2.18193 0.6725
2.29593 0
2.20102 0.5675
2.20784 0.568
2.21466 0.56425
2.22148 0.562
2.22829 0.55925
2.23538 0.557
2.24193 0.5565
2.24847 0.556
2.25529 0.556
2.26184 0.555
2.26811 0.56225
2.27411 0.571
2.28011 0.57975
2.28638 0.588
2.29293 0.589
2.29947 0.591
2.30602 0.592
2.31256 0.592
2.31938 0.59425
2.32565 0.597
2.3322 0.60375
2.3382 0.61
2.34474 0.6105
2.35156 0.611
2.35783 0.6165
2.36438 0.622
2.37092 0.62125
2.48219 0
2.489 0
2.49555 0
2.50237 0
2.50891 0
2.51546 0
2.52227 0
2.40037 1.95025
2.40719 1.95
2.41401 1.9335
2.42055 1.917
2.42737 1.9025
2.43419 1.887
2.44101 1.87275
2.44755 1.859
2.45437 1.85875
2.46882 1.831
2.47537 1.81775
2.48219 1.804
2.48873 1.791
2.49555 1.778
2.50237 1.764
2.50891 1.751
2.51573 1.74025
2.52255 1.729
2.52909 1.71825
2.53591 1.708
2.54245 1.697
2.54927 1.685
2.55609 1.6725
2.56263 1.661
2.56945 1.65125
2.57627 1.643
2.58281 1.63325
2.58936 1.625
2.59645 1.6155
2.60299 1.607
2.60954 1.5975
2.61636 1.589
2.62318 1.57975
2.62972 1.572
2.63627 1.56325
2.64336 1.554
2.6499 1.5465
2.65645 1.539
2.66326 1.531
2.67008 1.523
2.67663 1.51525
2.68344 1.508
2.68999 1.50225
2.69681 1.496
2.70362 1.4885
2.71017 1.482
2.71671 1.475
2.7238 1.468
2.73035 1.46225
2.73689 1.456
2.74344 1.44975
2.75053 1.443
2.75707 1.4375
2.76362 1.431
2.77044 1.425
2.77698 1.418
2.7838 1.41275
2.79062 1.409
2.79716 1.40375
2.80371 1.399
2.81053 1.394
2.81734 1.389
2.82389 1.384
2.83071 1.379
2.83725 1.37525
2.8438 1.372
2.85089 1.36725
2.85743 1.362
2.86398 1.3575
2.87052 1.353
2.87734 1.3495
2.88388 1.346
2.8907 1.34175
2.89752 1.337
2.90406 1.33275
2.91061 1.329
2.91743 1.3265
2.92397 1.324
2.93079 1.321
2.93761 1.317
2.94415 1.31325
2.9507 1.31
2.95752 1.30575
2.96406 1.303
2.97088 1.3
2.9777 1.298
2.98424 1.295
2.99079 1.291
2.9976 1.2915
3.01151 1.288
3.01806 1.285
3.02487 1.283
3.03142 1.27975
3.03851 1.277
3.04505 1.27425
3.05187 1.271
3.05842 1.269
3.06523 1.268
3.07178 1.2675
3.0786 1.266
3.08514 1.26225
3.09196 1.26
3.09878 1.25825
3.1056 1.256
3.11214 1.255
3.11896 1.253
3.12578 1.2515
3.13232 1.251
3.13914 1.24875
-3.1375 1.248
-3.13068 1.24575
-3.12414 1.245
-3.11732 1.2435
-3.11078 1.242
-3.10396 1.241
-3.09714 1.239
-3.0906 1.23925
-3.08378 1.239
-3.07696 1.23875
-3.07042 1.238
-3.0636 1.238
-3.05678 1.237
-3.05024 1.2355
-3.04342 1.235
-3.03687 1.23375
-3.03006 1.234
-3.02351 1.23375
-3.01669 1.233
-3.01015 1.2335
-3.00333 1.234
-2.99678 1.2335
-2.98997 1.234
-2.98342 1.23425
-2.9766 1.234
-2.97006 1.23375
-2.96324 1.234
-2.9567 1.235
-2.94988 1.236
-2.94306 1.236
-2.93652 1.236
-2.9297 1.23575
-2.92315 1.237
-2.91634 1.23625
-2.90979 1.236
-2.90297 1.2375
-2.89643 1.239
-2.88961 1.2385
-2.88307 1.239
-2.87625 1.23875
-2.86998 1.24
-2.86316 1.24075
-2.85661 1.242
-2.8498 1.243
-2.84298 1.243
-2.83643 1.2445
-2.82961 1.245
-2.82307 1.24725
-2.81625 1.249
-2.80971 1.25025
-2.80289 1.252
-2.79634 1.254
-2.78953 1.256
-2.78298 1.2565
-2.77616 1.258
-2.76989 1.25975
-2.76307 1.263
-2.75653 1.26475
-2.74971 1.266
-2.74289 1.26625
-2.73035 1.269
-2.7238 1.2725
-2.71699 1.277
-2.71044 1.27825
-2.7039 1.28
-2.69735 1.28125
-2.69053 1.284
-2.68399 1.2865
-2.67717 1.289
-2.67063 1.2925
-2.66381 1.296
-2.65726 1.29725
-2.65045 1.3
-2.64417 1.30225
-2.63736 1.306
-2.63081 1.3085
-2.62399 1.312
-2.61745 1.3155
-2.61063 1.318
-2.60409 1.32225
-2.59754 1.326
-2.591 1.32925
-2.58418 1.333
-2.57763 1.337
-2.57082 1.34
-2.56427 1.344
-2.55773 1.348
-2.55118 1.35225
-2.54436 1.356
-2.53782 1.35925
-2.531 1.364
-2.52473 1.3685
-2.51791 1.372
-2.51137 1.377
-2.50455 1.381
-2.498 1.38625
-2.49118 1.391
-2.48491 1.39575
-2.47809 1.401
-2.47155 1.4065
-2.46473 1.413
-2.45819 1.417
-2.45164 1.422
-2.4451 1.42775
-2.43828 1.433
-2.43173 1.43825
-2.42519 1.445
-2.41864 1.4525
-2.41183 1.459
-2.40528 1.464
-2.39846 1.47
-2.39219 1.47725
-2.38537 1.484
-2.37883 1.49225
-2.37228 1.5
-2.36574 1.507
-2.35892 1.513
-2.35238 1.519
-2.34556 1.526
-2.33929 1.53325
-2.33247 1.54
-2.32592 1.54825
-2.31911 1.557
-2.31283 1.566
-2.30602 1.574
-2.29947 1.5815
-2.29293 1.59
-2.28638 1.59875
-2.27956 1.609
-2.27302 1.61925
-2.26647 1.629
-2.25993 1.6365
-2.25311 1.645
-2.24657 1.6545
-2.24002 1.665
-2.23348 1.67525
-2.22666 1.687
-2.22039 1.69675
-2.21357 1.708
-2.20675 1.70725
-2.19448 1.73
-2.18793 1.765
-2.18139 1.801
-2.17484 1.79125
-2.16803 1.782
-2.16148 1.77275
-2.15439 1.763
-2.14812 1.776
-2.1413 1.789
-2.13476 1.803
-2.12821 1.818
-2.12167 1.83125
-2.11485 1.844
-2.10858 1.85975
-2.10176 1.876
-2.09521 1.8925
-2.08867 1.908
-2.08212 1.923
-2.07531 1.939
-2.06903 1.95525
-2.06222 1.973
-2.05567 1.98925
-2.04913 2.007
-2.04258 2.026
-2.03604 2.046
-2.02949 2.065
-2.02267 2.085
-2.0164 2.10575
-2.00958 2.126
-2.00304 2.14675
-1.99649 2.169
-1.98995 2.191
-1.98313 2.214
-1.97686 2.2365
-1.97004 2.258
-1.96377 2.28975
-1.95695 2.323
-1.95068 2.36775
-1.94386 2.413
-1.93759 2.4415
-1.93077 2.469
-1.9245 2.499
-1.91768 2.528
-1.91114 2.55925
-1.90459 2.59
-1.89805 2.62125
-1.89123 2.652
-1.88496 2.687
-1.87814 2.723
-1.87159 2.7615
-1.86505 2.8
-1.8585 2.83875
-1.85196 2.878
-1.84541 2.87875
-1.8386 2.879
-1.83205 2.871
-1.82523 2.863
-1.81842 2.8555
-1.8116 2.849
-1.80505 2.83975
-1.79823 2.83
-1.79169 2.83025
-1.65315 0
-1.64661 0
-1.63979 0
-1.63325 0
-1.62643 0
-1.61988 0
-1.61307 0
-1.60652 0
-1.5997 0
-1.59316 0
-1.58634 0
-1.71015 2.4035
-1.70333 2.404
-1.69679 2.404
-1.68997 2.404
-1.68342 2.40375
-1.54625 0
-1.53943 0
-1.65697 2.709
-1.65043 2.7045
-1.64388 2.7
-1.63706 2.69525
-1.63052 2.692
-1.6237 2.68775
-1.61716 2.685
-1.61061 2.682
-1.60379 2.679
-1.59725 2.6775
-1.59043 2.676
-1.58389 2.67125
-1.57707 2.668
-1.57025 2.66525
-1.56371 2.664
-1.55689 2.66
-1.55034 2.656
-1.5438 2.6535
-1.53698 2.65
-1.53044 2.64875
-1.52362 2.647
-1.51707 2.64225
-1.51053 2.639
-1.50371 2.636
-1.49717 2.632
-1.49035 2.629
-1.4838 2.625
-1.47726 2.62675
-1.47044 2.63
-1.4639 2.62925
-1.45708 2.63
-1.45053 2.637
-1.44399 2.643
-1.43717 2.643
-1.29945 0
-1.29263 0
-1.28609 0
-1.27954 0
-1.27273 0
-1.26618 0
-1.25936 0
-1.25282 0
-1.246 0
-1.23946 0
-1.23291 0
-1.22609 0
-1.21955 0
-1.21273 0
-1.20619 0
-1.19964 0
-1.19282 0
-1.18628 0
-1.17946 0
-1.17292 0
-1.16637 0
-1.15955 0
-1.15301 0
-1.14619 0
-1.13965 0
-1.1331 0
-1.12628 0
-1.11974 0
-1.11292 0
-1.10638 0
-1.09983 0
-1.22446 2.68175
-1.21791 2.682
-1.21109 2.68225
-1.0731 0
-1.06656 0
-1.05974 0
-1.0532 0
-1.04638 0
-1.03983 0
-1.03329 0
-1.02647 0
-1.01993 0
-1.01311 0
-1.00656 0
-0.999747 0
-0.985565 0
-0.97902 0
-0.972476 0
-0.965658 0
-0.959113 0
-0.952295 0
-0.94575 0
-0.938933 0
-0.932388 0
-0.92557 0
-0.919025 0
-0.912207 0
-0.905662 0
-0.898845 0
-0.892299 0
-0.885482 0
-0.878937 0
-0.872119 0
-0.865574 0
-0.858756 0
-0.852212 0
-0.845394 0
-0.838849 0
-0.832031 0
-0.825486 0
-0.818669 0
-0.812124 0
-0.875392 0.3095
-0.868574 0.31
-0.862302 0.31075
-0.855757 0.312
-0.849212 0.31225
-0.842394 0.312
-0.835576 0.3115
-0.829031 0.312
-0.822486 0.313
-0.815669 0.313
-0.809397 0.31325
-0.802851 0.315
-0.796579 0.31625
-0.790034 0.317
-0.784035 0.3195
-0.777489 0.321
-0.770672 0.3205
-0.69186 0
-0.685314 0
-0.678497 0
-0.746128 0.33025
-0.739311 0.331
-0.732765 0.33025
-0.651771 0
-0.645226 0
-0.638408 0
-0.631864 0
-0.625319 0
-0.618501 0
-0.611956 0
-0.605139 0
-0.598594 0
-0.693496 0.57
-0.686951 0.57
-0.67986 0.566
-0.67277 0.561
-0.665679 0.55675
-0.658862 0.552
-0.651771 0.54825
-0.644954 0.544
-0.637863 0.5405
-0.631046 0.536
-0.623955 0.532
-0.617138 0.529
-0.610047 0.52475
-0.603229 0.522
-0.596139 0.51925
-0.589321 0.516
-0.582231 0.5125
-0.575413 0.509
-0.568323 0.5055
-0.561505 0.503
-0.554687 0.5025
-0.539961 0.497
-0.533143 0.494
-0.526326 0.491
-0.519235 0.48825
-0.51269 0.486
-0.5056 0.48325
-0.498782 0.481
-0.491965 0.4785
-0.484874 0.476
-0.478057 0.473
-0.471239 0.471
-0.464421 0.46825
-0.457603 0.466
-0.450513 0.46425
-0.443695 0.462
-0.436878 0.4605
-0.43006 0.458
-0.423242 0.456
-0.416152 0.454
-0.409334 0.45175
-0.402517 0.45
-0.395699 0.44825
-0.388881 0.446
-0.382064 0.445
-0.375246 0.443
-0.368155 0.441
-0.361337 0.439
-0.35452 0.43675
-0.347702 0.436
-0.340885 0.43425
-0.334067 0.433
-0.327249 0.432
-0.320432 0.43
-0.313614 0.429
-0.306796 0.427
-0.299979 0.42675
-0.293433 0.426
-0.286888 0.42725
-0.280343 0.43
-0.273798 0.4295
-0.177805 0
-0.171261 0
-0.164443 0
-0.157898 0
-0.151353 0
-0.144535 0
-0.13799 0
-0.131172 0
-0.124627 0
-0.118082 0
-0.111265 0
-0.10472 0
-0.0979021 0
-0.177805 0.406
-0.171261 0.406
-0.164443 0.40625
-0.0714496 0
-0.0646318 0
-0.0580867 0
-0.0515416 0
-0.0447243 0
-0.0381792 0
-0.0313614 0
-0.0248163 0
-0.0182713 0
-0.0114539 0
-0.00490886 0
-0.127354 2.12225
-0.120809 2.123
-0.114264 2.1195
-0.107447 2.117
-0.100902 2.1145
-0.0940841 2.112
-0.087539 2.10775
-0.080994 2.104
-0.0741766 2.09925
-0.0673588 2.095
-0.060541 2.091
-0.0539959 2.088
-0.0471786 2.0875
-0.0332702 2.084
-0.0267251 2.08125
-0.0201805 2.08
-0.0133627 2.078
-0.00681764 2.076
0 2.074
0.00654498 2.072
0.0133627 2.07025
0.0199077 2.069
0.0264526 2.06825
0.162261 0
0.168806 0
0.175624 0
0.0621774 1.1115
0.068995 1.111
0.07554 1.109
0.0823577 1.107
0.0889027 1.10675
0.0954477 1.106
0.102265 1.10075
0.109083 1.095
0.115901 1.095
0.122446 1.096
0.129263 1.0925
0.135808 1.09
0.142626 1.08625
0.149444 1.084
0.155989 1.08525
0.162534 1.087
0.169351 1.083
0.176169 1.08
0.182714 1.0805
0.189532 1.08
0.196077 1.07625
0.202895 1.072
0.20944 1.07525
0.215984 1.078
0.222802 1.074
0.22962 1.069
0.236438 1.068
0.242983 1.067
0.2498 1.07025
0.256073 1.075
0.26289 1.07275
0.269708 1.07
0.276253 1.068
0.283071 1.065
0.289616 1.0665
0.296433 1.067
0.302978 1.06775
0.309796 1.068
0.316341 1.06825
0.442332 0
0.448877 0
0.455422 0
0.46224 0
0.468785 0
0.358065 0.979
0.36461 0.979
0.371701 0.9735
0.378246 0.969
0.385336 0.96525
0.391881 0.961
0.398426 0.95975
0.405244 0.958
0.411789 0.956
0.418606 0.955
0.425151 0.958
0.431969 0.962
0.438241 0.96625
0.445059 0.97
0.451059 0.99475
0.457058 1.02
0.463876 1.016
0.470693 1.011
0.477511 1.0065
0.484329 1.002
0.491147 0.99725
0.497692 0.994
0.504509 0.99325
0.517326 0.986
0.523871 0.98225
0.530416 0.98
0.536961 0.9785
0.543779 0.976
0.550597 0.9745
0.557142 0.972
0.563687 0.97025
0.570232 0.969
0.577049 0.96775
0.583594 0.966
0.590139 0.966
0.596684 0.967
0.603229 0.97
0.610047 0.972
0.616592 0.97475
0.622864 0.978
0.629137 0.99075
0.635682 1.004
0.642227 1.004
0.766854 0
0.773399 0
0.779944 0
0.786762 0
0.793307 0
0.799852 0
0.806397 0
0.68286 2.3595
0.689405 2.36
0.69595 2.37125
0.702495 2.384
0.70904 2.39175
0.715858 2.401
0.722403 2.411
0.728948 2.42
0.73522 2.474
0.741765 2.529
0.74831 2.54625
0.754855 2.565
0.7614 2.57175
0.767945 2.579
0.774763 2.579
0.912207 0
0.918752 0
0.925297 0
0.932115 0
0.93866 0
0.945205 0
0.95175 0
0.958568 0
