0.839394 2.454
0.851666 2.521
0.858211 2.55375
0.864483 2.587
0.871301 2.5875
1.00902 0
1.01584 0
1.02238 0
1.02893 0
1.03574 0
1.04229 0
1.04911 0
1.05565 0
1.06247 0
1.06901 0
1.07556 0
1.08238 0
1.08892 0
1.09574 0
1.10228 0
1.10883 0
1.11565 0
1.12219 0
1.12901 0
1.13555 0
1.14237 0
1.14892 0
1.15546 0
1.16228 0
1.16883 0
1.17564 0
1.18219 0
1.18873 0
1.19555 0
1.2021 0
1.20891 0
1.21546 0
1.22228 0
1.22882 0
1.23537 0
1.24218 0
1.24873 0
1.25555 0
1.26209 0
1.26864 0
1.27545 0
1.282 0
1.28882 0
1.29536 0
1.30218 0
1.30872 0
1.31527 0
1.32209 0
1.32863 0
1.33545 0
1.34199 0
1.34854 0
1.35536 0
1.3619 0
1.36872 0
1.37526 0
1.38208 0
1.38863 0
1.39517 0
1.40199 0
1.40854 0
1.40635 0.166
1.4129 0.166
1.42053 0.16475
1.42872 0.163
1.43635 0.16175
1.44453 0.16
1.45244 0.1585
1.46062 0.157
1.46853 0.1555
1.47508 0.155
1.48217 0.15475
1.48953 0.154
1.49689 0.15325
1.5048 0.152
1.51135 0.15225
1.52662 0.151
1.53344 0.15075
1.5408 0.15
1.54843 0.149
1.55498 0.149
1.56207 0.1485
1.56834 0.149
1.57571 0.14825
1.58252 0.148
1.58907 0.14825
1.59589 0.148
1.60325 0.1475
1.60925 0.148
1.61579 0.148
1.6237 0.147
1.62997 0.14725
1.63679 0.147
1.64361 0.14675
1.65015 0.147
1.65615 0.1475
1.66243 0.148
1.66843 0.1485
1.67579 0.148
1.68206 0.14825
1.68888 0.148
1.69488 0.14875
1.70115 0.149
1.7077 0.149
1.7137 0.15
1.72024 0.15
1.72706 0.15
1.73278 0.15075
1.73906 0.151
1.74533 0.15175
1.7516 0.152
1.75815 0.152
1.76387 0.153
1.76905 0.1545
1.77505 0.155
1.7816 0.15575
1.78787 0.156
1.79442 0.15625
1.7996 0.158
1.80478 0.1595
1.81105 0.16
1.81651 0.1615
1.82251 0.162
1.82823 0.16325
1.83341 0.165
1.83914 0.16625
1.84514 0.167
1.84978 0.1695
1.8555 0.171
1.86068 0.173
1.86505 0.176
1.87214 0.17575
1.89477 0
1.90132 0
1.90814 0
1.91468 0
1.9215 0
1.92804 0
1.93459 0
1.94141 0
1.94795 0
1.9545 0
1.96131 0
1.96786 0
1.9744 0
1.98122 0
1.98777 0
1.99458 0
2.00113 0
2.00767 0
2.01449 0
2.02104 0
2.02758 0
2.0344 0
2.04094 0
2.04776 0
2.06167 0
2.06822 0
2.07476 0
2.08131 0
2.08812 0
1.96377 2.5255
1.97031 2.526
1.97713 2.51225
1.98368 2.5
1.99049 2.49775
1.99731 2.496
2.00358 2.5
2.01013 2.504
2.01695 2.506
2.02349 2.509
2.03004 2.51225
2.03685 2.515
2.0434 2.51625
2.04994 2.518
2.05676 2.5215
2.06331 2.524
2.06985 2.528
2.07667 2.531
2.08321 2.53525
2.08976 2.541
2.09658 2.54475
2.10312 2.55
2.10967 2.5495
2.24738 0
2.25393 0
2.26047 0
2.1863 0.3685
2.19312 0.368
2.19993 0.36525
2.2073 0.363
2.21384 0.36175
2.22066 0.36
2.22748 0.3615
2.23375 0.363
2.24057 0.3615
2.24738 0.361
2.2542 0.35975
2.26102 0.358
2.26784 0.35725
2.27438 0.358
2.28038 0.3605
2.28693 0.363
2.29374 0.361
2.30029 0.36
2.30711 0.36025
2.31365 0.36
2.32047 0.35925
2.32756 0.358
2.33411 0.3575
2.34065 0.358
2.34856 0.3505
2.35647 0.344
2.36301 0.34425
2.44646 0
2.45301 0
2.45955 0
2.38701 0.35925
2.39328 0.36
2.39983 0.36
2.40665 0.361
2.41374 0.357
2.4211 0.353
2.42655 0.36125
2.43173 0.369
2.4391 0.36475
2.44646 0.36
2.45328 0.3595
2.4601 0.358
2.46691 0.357
2.47373 0.356
2.48028 0.35625
2.48709 0.356
2.49337 0.35675
2.49991 0.357
2.50673 0.35725
2.52064 0.358
2.52691 0.35925
2.53318 0.36
2.53973 0.362
2.54627 0.363
2.55309 0.363
2.55963 0.362
2.56645 0.36125
2.573 0.362
2.57954 0.36225
2.58636 0.363
2.59263 0.3635
2.59972 0.363
2.60627 0.362
2.61281 0.362
2.6199 0.36125
2.62645 0.36
2.63327 0.36025
2.63981 0.361
2.64636 0.361
2.6529 0.362
2.65945 0.363
2.66599 0.364
2.67254 0.36425
2.67908 0.366
2.68563 0.36625
2.6919 0.368
2.69817 0.37
2.70472 0.371
2.71099 0.3735
2.71699 0.377
2.72299 0.38075
2.72953 0.384
2.7358 0.38575
2.74235 0.388
2.74835 0.3915
2.75462 0.394
2.76117 0.394
2.76771 0.394
2.77453 0.39525
2.78053 0.398
2.78707 0.40025
2.79334 0.402
2.79989 0.4035
2.80616 0.406
2.81298 0.405
2.82007 0.403
2.82689 0.40025
2.83398 0.398
2.84025 0.39975
2.8468 0.401
2.85334 0.402
2.85961 0.404
2.86616 0.407
2.87243 0.41
2.87898 0.40925
2.97251 0
2.97906 0
2.98588 0
2.99242 0
2.99924 0
2.92779 0.35125
2.93433 0.351
2.9417 0.3475
2.94879 0.345
2.95479 0.3495
2.96079 0.353
2.96706 0.35425
2.9736 0.356
2.98042 0.35425
2.98751 0.352
2.99433 0.3505
3.00169 0.348
3.00851 0.346
3.0156 0.343
3.02324 0.33975
3.03006 0.338
3.03715 0.33675
3.04369 0.336
3.05051 0.33575
3.06333 0.335
3.06987 0.33475
3.07669 0.334
3.08351 0.3335
3.09005 0.334
3.0966 0.3345
3.10341 0.334
3.11023 0.33375
3.1165 0.335
3.12305 0.33525
3.12987 0.335
3.13641 0.3355
-3.14023 0.336
-3.13368 0.3365
-3.12714 0.337
-3.12032 0.33625
-3.11378 0.337
-3.10696 0.33675
-3.10069 0.337
-3.0936 0.336
-3.08705 0.336
-3.07996 0.3355
-3.07342 0.335
-3.06633 0.33325
-3.05978 0.333
-3.05269 0.33175
-3.04587 0.331
-3.03933 0.3305
-3.03224 0.329
-3.02542 0.3285
-3.01833 0.327
-3.01151 0.32475
-3.00442 0.324
-2.99733 0.32075
-2.98997 0.319
-2.98342 0.319
-2.90515 0
-2.89834 0
-2.89179 0
-2.88497 0
-2.87843 0
-2.93215 0.2735
-2.92534 0.273
-2.91797 0.27125
-2.91115 0.27
-2.90461 0.26975
-2.89752 0.269
-2.8907 0.268
-2.88388 0.268
-2.87734 0.268
-2.87079 0.269
-2.86452 0.27025
-2.85798 0.271
-2.8517 0.27175
-2.84543 0.273
-2.83889 0.274
-2.83289 0.276
-2.82662 0.2775
-2.82062 0.28
-2.81434 0.28125
-2.80807 0.283
-2.8018 0.28475
-2.7958 0.287
-2.7898 0.2885
-2.78353 0.291
-2.77726 0.292
-2.77098 0.294
-2.76389 0.29175
-2.75653 0.29
-2.75053 0.29175
-2.74426 0.294
-2.73853 0.297
-2.73253 0.299
-2.72435 0.294
-2.71644 0.289
-2.70962 0.28875
-2.63845 0
-2.69053 0.26825
-2.68399 0.268
-2.67717 0.26825
-2.66463 0.268
-2.65808 0.268
-2.65181 0.269
-2.64526 0.26975
-2.63899 0.271
-2.63245 0.27225
-2.62645 0.274
-2.62045 0.2765
-2.61418 0.278
-2.60845 0.281
-2.60218 0.283
-2.59645 0.28575
-2.59072 0.29
-2.585 0.29275
-2.579 0.296
-2.57327 0.2995
-2.56727 0.302
-2.56127 0.3055
-2.55554 0.309
-2.54982 0.31375
-2.54409 0.318
-2.53836 0.32225
-2.53264 0.327
-2.528 0.336
-2.52255 0.344
-2.51709 0.35
-2.51164 0.357
-2.50482 0.35625
-2.41919 0
-2.49991 0.41275
-2.49337 0.413
-2.48655 0.4135
-2.39274 0
-2.38592 0
-2.37937 0
-2.37256 0
-2.36601 0
-2.35947 0
-2.35265 0
-2.3461 0
-2.33929 0
-2.33274 0
-2.32592 0
-2.44182 1.2695
-2.43528 1.269
-2.42846 1.27125
-2.42192 1.274
-2.4151 1.27825
-2.40883 1.283
-2.40201 1.2865
-2.39546 1.29
-2.38892 1.294
-2.3821 1.299
-2.37583 1.30425
-2.36901 1.309
-2.36247 1.31225
-2.35565 1.316
-2.3491 1.321
-2.34283 1.326
-2.33601 1.3305
-2.32947 1.335
-2.32265 1.33975
-2.31611 1.344
-2.30956 1.34925
-2.30302 1.354
-2.29647 1.3595
-2.28965 1.366
-2.28338 1.3725
-2.27656 1.378
-2.27002 1.38425
-2.2632 1.391
-2.25693 1.39625
-2.25038 1.403
-2.24357 1.4085
-2.23702 1.415
-2.23048 1.4235
-2.22393 1.431
-2.21711 1.43375
-2.21057 1.437
-2.20375 1.43675
-2.19121 1.455
-2.18466 1.46325
-2.17839 1.473
-2.17157 1.48
-2.16503 1.488
-2.15821 1.497
-2.15194 1.505
-2.14539 1.51225
-2.13857 1.521
-2.1323 1.52875
-2.12548 1.538
-2.11894 1.547
-2.11212 1.557
-2.10585 1.566
-2.0993 1.576
-2.09249 1.58425
-2.08621 1.594
-2.0794 1.60425
-2.07285 1.615
-2.06658 1.6245
-2.05976 1.635
-2.05322 1.646
-2.0464 1.656
-2.04013 1.66775
-2.03331 1.679
-2.02676 1.66475
-2.01995 1.65
-2.0134 1.6805
-2.00713 1.712
-2.00031 1.714
-1.99377 1.717
-1.98749 1.72975
-1.98068 1.743
-1.97413 1.75575
-1.96759 1.77
-1.96104 1.784
-1.95422 1.798
-1.94795 1.814
-1.94141 1.83
-1.93459 1.84575
-1.92832 1.862
-1.9215 1.87775
-1.91495 1.894
-1.90868 1.9115
-1.90186 1.93
-1.89559 1.95
-1.88877 1.969
-1.88223 1.98625
-1.87568 2.004
-1.86914 2.02625
-1.86287 2.048
-1.85605 2.0685
-1.8495 2.089
-1.84296 2.111
-1.83641 2.133
-1.82987 2.15525
-1.82332 2.179
-1.81678 2.20225
-1.81023 2.226
-1.80369 2.2265
-1.66706 0
-1.66052 0
-1.65397 0
-1.77778 2.45
-1.77124 2.45
-1.76442 2.48025
-1.75815 2.51
-1.7516 2.54325
-1.74478 2.578
-1.73851 2.6095
-1.73169 2.641
-1.72542 2.678
-1.7186 2.716
-1.71206 2.75625
-1.70579 2.798
-1.69897 2.83925
-1.6927 2.88
-1.68588 2.8725
-1.67933 2.866
-1.67252 2.8655
-1.65834 2.85
-1.65179 2.8415
-1.64525 2.834
-1.6387 2.82775
-1.63188 2.823
-1.62534 2.82325
-1.48708 0
-1.61088 2.4595
-1.60434 2.46
-1.59779 2.4605
-1.46035 0
-1.4538 0
-1.44726 0
-1.44044 0
-1.4339 0
-1.42735 0
-1.42053 0
-1.54434 2.40275
-1.5378 2.403
-1.53098 2.40325
-1.39408 0
-1.38754 0
-1.38072 0
-1.50562 2.7115
-1.49907 2.711
-1.49226 2.7065
-1.48571 2.701
-1.47917 2.69925
-1.47235 2.697
-1.4658 2.69425
-1.45926 2.693
-1.45244 2.689
-1.4459 2.686
-1.43935 2.682
-1.43253 2.679
-1.42599 2.67925
-1.41944 2.679
-1.41263 2.67525
-1.40608 2.671
-1.39954 2.669
-1.39245 2.667
-1.3859 2.6645
-1.37936 2.662
-1.37254 2.65875
-1.36599 2.656
-1.35945 2.65325
-1.35263 2.65
-1.34609 2.648
-1.33954 2.647
-1.33272 2.6455
-1.32618 2.643
-1.31963 2.64325
-1.31282 2.644
-1.30627 2.64475
-1.29972 2.645
-1.29291 2.6485
-1.28636 2.653
-1.27982 2.6535
-1.14183 0
-1.13528 0
-1.12874 0
-1.12192 0
-1.11537 0
-1.10883 0
-1.10201 0
-1.09547 0
-1.08892 0
-1.0821 0
-1.07556 0
-1.06901 0
-1.0622 0
-1.05565 0
-1.04911 0
-1.04229 0
-1.03574 0
-1.0292 0
-1.02238 0
-1.01584 0
-1.00929 0
-1.00247 0
-0.988565 0
-0.98202 0
-0.975476 0
-0.968658 0
-0.962113 0
-0.955295 0
-0.94875 0
-1.07338 2.70975
-1.06683 2.71
-1.06002 2.7095
-0.922025 0
-0.915207 0
-0.908662 0
-0.901844 0
-0.895299 0
-0.888481 0
-0.881937 0
-0.875392 0
-0.868574 0
-0.862029 0
-0.855212 0
-0.848666 0
-0.841849 0
-0.835304 0
-0.828486 0
-0.821941 0
-0.815123 0
-0.808578 0
-0.80176 0
-0.795215 0
-0.788398 0
-0.781853 0
-0.775308 0
-0.892299 1.376
-0.885754 1.376
-0.878937 1.37575
-0.748583 0
-0.741765 0
-0.73522 0
-0.728402 0
-0.721857 0
-0.71504 0
-0.708494 0
-0.701677 0
-0.695132 0
-0.688314 0
-0.681769 0
-0.674951 0
-0.668407 0
-0.661862 0
-0.655044 0
-0.648499 0
-0.641681 0
-0.635136 0
-0.628319 0
-0.621774 0
-0.614956 0
-0.608411 0
-0.601593 0
-0.595048 0
-0.58823 0
-0.664316 0.37925
-0.657498 0.38
-0.650953 0.379
-0.644136 0.377
-0.637318 0.3775
-0.631046 0.379
-0.624501 0.38075
-0.617956 0.382
-0.61141 0.38375
-0.605139 0.385
-0.598594 0.3865
-0.592321 0.389
-0.585776 0.3915
-0.579777 0.394
-0.573232 0.39675
-0.566959 0.399
-0.560141 0.39875
-0.468239 0
-0.461421 0
-0.447241 0
-0.440696 0
-0.434151 0
-0.427333 0
-0.420788 0
-0.520326 0.65075
-0.513781 0.651
-0.506964 0.6465
-0.499873 0.643
-0.493328 0.638
-0.485965 0.632
-0.47942 0.62825
-0.47233 0.624
-0.465512 0.61975
-0.458694 0.615
-0.451604 0.611
-0.444786 0.607
-0.437696 0.6025
-0.430878 0.599
-0.424333 0.59525
-0.417243 0.592
-0.410425 0.58875
-0.403607 0.586
-0.39679 0.5825
-0.389699 0.579
-0.382881 0.576
-0.376064 0.573
-0.369246 0.56975
-0.362428 0.567
-0.355338 0.56375
-0.348521 0.561
-0.341976 0.5575
-0.334885 0.555
-0.328067 0.552
-0.32125 0.55
-0.314432 0.54775
-0.307341 0.545
-0.300797 0.54225
-0.293979 0.54
-0.287161 0.5405
-0.181078 0
-0.17426 0
-0.167715 0
-0.235619 0.3315
-0.228529 0.331
-0.221984 0.33025
-0.214894 0.329
-0.208076 0.32775
-0.201258 0.328
-0.194713 0.3275
-0.187896 0.326
-0.180805 0.3255
-0.173988 0.324
-0.16717 0.32375
-0.160352 0.323
-0.153534 0.32125
-0.146717 0.321
-0.140172 0.321
-0.133081 0.32
-0.126263 0.319
-0.119173 0.318
-0.112356 0.31675
-0.106083 0.317
-0.0989931 0.31625
-0.0927208 0.317
-0.085903 0.317
-0.0793579 0.317
-0.0722674 0.3145
-0.0649045 0.313
-0.0580867 0.31175
-0.0515416 0.312
-0.0447243 0.31175
-0.0379065 0.311
-0.0310887 0.31
-0.0239981 0.308
-0.0174535 0.309
-0.0109084 0.309
-0.00409061 0.30875
0.00245437 0.309
0.00927206 0.30875
0.022362 0.308
0.0286343 0.3085
0.035452 0.308
0.0422697 0.30775
0.0488147 0.308
0.0553597 0.30725
0.0624501 0.306
0.0692678 0.305
0.0760854 0.305
0.0826304 0.3055
0.0891754 0.305
0.0962658 0.30425
0.102538 0.305
0.109628 0.30275
0.116719 0.302
0.122991 0.3025
0.129536 0.304
0.136081 0.304
0.142626 0.304
0.149444 0.30425
0.155989 0.304
0.162534 0.30375
0.169351 0.304
0.176169 0.3035
0.182714 0.304
0.189532 0.303
0.196077 0.303
0.202895 0.30275
0.20944 0.303
0.216257 0.30275
0.222802 0.303
0.229347 0.303
0.236165 0.303
0.24271 0.303
0.249528 0.302
0.256345 0.30225
0.262617 0.303
0.269435 0.30275
0.27598 0.303
0.282525 0.3035
0.28907 0.304
0.295615 0.304
0.301887 0.305
0.308705 0.30525
0.314977 0.306
0.322068 0.30475
0.328613 0.305
0.335158 0.3055
0.341975 0.305
0.34852 0.305
0.354793 0.306
0.36161 0.30675
0.368155 0.307
0.375246 0.30525
0.381791 0.305
0.388063 0.3065
0.394608 0.308
0.401153 0.308
0.407698 0.309
0.41397 0.30975
0.420515 0.31
0.427333 0.30975
0.433605 0.311
0.439878 0.312
0.446422 0.314
0.452967 0.3135
0.460058 0.312
0.466603 0.31225
0.472875 0.314
0.47942 0.31475
0.485965 0.315
0.492237 0.316
0.499055 0.316
0.5056 0.3165
0.512145 0.317
0.51869 0.31775
0.525235 0.318
0.53178 0.31875
0.538052 0.32
0.54487 0.31975
0.557142 0.321
0.563687 0.32175
0.570232 0.322
0.576777 0.3225
0.583322 0.324
0.589594 0.325
0.596139 0.326
0.602684 0.32725
0.609229 0.328
0.615501 0.32925
0.622046 0.33
0.628864 0.331
0.635136 0.332
0.641954 0.3325
0.648226 0.334
0.654771 0.33425
0.661043 0.336
0.667588 0.33775
0.673861 0.339
0.680678 0.339
0.763309 0
0.769854 0
0.776672 0
0.783216 0
0.790034 0
0.796579 0
0.803397 0
0.809942 0
0.81676 0
0.823305 0
0.830122 0
0.83694 0
0.843485 0
0.850303 0
0.856848 0
0.863665 0
0.87021 0
0.746674 2.4035
0.753219 2.403
0.760036 2.39825
0.766854 2.394
0.773399 2.38925
0.780217 2.384
0.786762 2.393
0.793579 2.402
0.800124 2.4105
0.806942 2.419
0.813214 2.42925
0.820032 2.44
0.82685 2.43975
