0.853302 1.239
0.867756 1.201
0.874028 1.213
0.8803 1.226
0.887391 1.21375
0.893936 1.203
0.900753 1.20225
1.02893 0
1.03574 0
1.04229 0
1.04883 0
1.05565 0
1.0622 0
1.06901 0
1.07556 0
1.08238 0
1.08892 0
1.09547 0
1.10228 0
1.10883 0
1.11565 0
1.12219 0
1.12901 0
1.13555 0
1.1421 0
1.14892 0
1.15546 0
1.16228 0
1.16883 0
1.17564 0
1.18219 0
1.18873 0
1.19555 0
1.2021 0
1.20891 0
1.21546 0
1.22228 0
1.22882 0
1.23537 0
1.24218 0
1.24873 0
1.25555 0
1.26209 0
1.26891 0
1.27545 0
1.282 0
1.28882 0
1.29536 0
1.30218 0
1.30872 0
1.31554 0
1.32209 0
1.32863 0
1.33545 0
1.34199 0
1.34881 0
1.35536 0
1.36217 0
1.36872 0
1.37526 0
1.38208 0
1.38863 0
1.39545 0
1.40199 0
1.40881 0
1.41535 0
1.4219 0
1.42872 0
1.43526 0
1.44208 0
1.44862 0
1.45544 0
1.46199 0
1.46853 0
1.47535 0
1.48189 0
1.48871 0
1.49526 0
1.50207 0
1.50862 0
1.51544 0
1.52962 0
1.53616 0
1.54271 0
1.54953 0
1.55607 0
1.56289 0
1.56943 0
1.57625 0
1.5828 0
1.58961 0
1.59616 0
1.60298 0
1.60952 0
1.61607 0
1.62288 0
1.49853 2.5605
1.50535 2.561
1.51189 2.56075
1.64961 0
1.53153 1.45175
1.53834 1.452
1.54489 1.452
1.67633 0
1.68288 0
1.68942 0
1.67906 0.177
1.68561 0.177
1.69379 0.17525
1.70115 0.174
1.70933 0.17225
1.71615 0.172
1.72406 0.1705
1.73088 0.17
1.73769 0.17
1.74506 0.169
1.75242 0.16775
1.75978 0.167
1.7666 0.16675
1.77396 0.166
1.78051 0.166
1.78814 0.165
1.79469 0.165
1.80151 0.165
1.80914 0.16375
1.81569 0.164
1.82278 0.16325
1.82878 0.164
1.8356 0.164
1.84214 0.164
1.84896 0.164
1.8555 0.164
1.86287 0.16325
1.86887 0.164
1.87623 0.16325
1.88223 0.164
1.88823 0.165
1.89477 0.165
1.90132 0.165
1.90814 0.165
1.91468 0.16525
1.92068 0.166
1.9275 0.16575
1.93404 0.166
1.93977 0.167
1.94659 0.167
1.95286 0.1675
1.9594 0.168
1.96513 0.16875
1.97168 0.169
1.9774 0.17025
1.9834 0.171
1.98968 0.172
1.99622 0.172
2.00195 0.1735
2.00795 0.174
2.01395 0.17525
2.01995 0.176
2.02595 0.17725
2.03194 0.178
2.03849 0.17825
2.0494 0.181
2.05485 0.18275
2.06058 0.184
2.06631 0.186
2.07094 0.189
2.07612 0.1915
2.08076 0.195
2.08785 0.19425
2.12248 0
2.1293 0
2.13585 0
2.14266 0
2.14921 0
2.15603 0
2.16257 0
2.16939 0
2.17593 0
2.18248 0
2.1893 0
2.19584 0
2.20266 0
2.20921 0
2.21602 0
2.22257 0
2.22939 0
2.1203 0.90925
2.12712 0.909
2.13367 0.9085
2.25611 0
2.26266 0
2.26947 0
2.27602 0
2.28256 0
2.28938 0
2.29593 0
2.2013 0.5655
2.20784 0.566
2.21493 0.56375
2.22175 0.561
2.22857 0.55925
2.23538 0.557
2.2422 0.5565
2.24875 0.555
2.25557 0.5565
2.26184 0.558
2.26784 0.57175
2.27356 0.585
2.28011 0.58625
2.28665 0.588
2.2932 0.5885
2.30002 0.59
2.30602 0.595
2.31256 0.601
2.31883 0.60675
2.32538 0.612
2.33192 0.61125
2.33874 0.612
2.34529 0.613
2.35183 0.614
2.3581 0.62
2.36465 0.625
2.37119 0.62425
2.483 0
2.48955 0
2.49609 0
2.50291 0
2.50946 0
2.51627 0
2.52282 0
2.40119 1.95025
2.40774 1.95
2.41483 1.9335
2.42137 1.918
2.42819 1.9015
2.43501 1.885
2.44182 1.87075
2.44837 1.858
2.45546 1.84375
2.46201 1.83
2.46882 1.82975
2.48164 1.804
2.48818 1.791
2.495 1.777
2.50182 1.76425
2.50864 1.752
2.51518 1.74075
2.52227 1.729
2.52882 1.7185
2.53564 1.707
2.54218 1.696
2.54927 1.684
2.55582 1.67325
2.56263 1.663
2.56945 1.65275
2.57627 1.642
2.58281 1.6335
2.58963 1.625
2.59645 1.6165
2.60327 1.607
2.60981 1.59775
2.6169 1.589
2.62345 1.58025
2.63027 1.572
2.63681 1.564
2.6439 1.555
2.65045 1.547
2.65726 1.539
2.66381 1.53125
2.6709 1.523
2.67744 1.51525
2.68426 1.508
2.69081 1.5005
2.6979 1.494
2.70444 1.487
2.71126 1.481
2.7178 1.47375
2.7249 1.467
2.73144 1.46075
2.73826 1.455
2.7448 1.448
2.75189 1.442
2.75844 1.4355
2.76526 1.43
2.7718 1.42425
2.77862 1.42
2.78544 1.41475
2.79225 1.409
2.7988 1.4035
2.80562 1.398
2.81216 1.394
2.81925 1.389
2.8258 1.38375
2.83261 1.38
2.83916 1.37575
2.84598 1.371
2.8528 1.366
2.85961 1.361
2.86616 1.3575
2.87298 1.353
2.87952 1.34875
2.88634 1.346
2.89316 1.34225
2.89997 1.339
2.90652 1.3345
2.91334 1.33
2.91988 1.3275
2.9267 1.324
2.93352 1.32075
2.94033 1.317
2.94688 1.31375
2.9537 1.31
2.96024 1.307
2.96706 1.303
2.97388 1.2995
2.9807 1.297
2.98724 1.29275
2.99406 1.29
3.0006 1.28825
3.00742 1.287
3.01424 1.28675
3.02815 1.283
3.03496 1.27925
3.04151 1.277
3.04833 1.274
3.05487 1.272
3.06169 1.2695
3.06823 1.268
3.07478 1.26625
3.0816 1.264
3.08814 1.26075
3.09496 1.259
3.10178 1.2565
3.1086 1.255
3.11514 1.2535
3.12169 1.252
3.1285 1.25125
3.13505 1.251
-3.14132 1.24925
-3.13477 1.247
-3.12823 1.2455
-3.12141 1.245
-3.11487 1.2435
-3.10805 1.243
-3.1015 1.24125
-3.09469 1.24
-3.08814 1.23975
-3.08132 1.239
-3.07451 1.238
-3.06796 1.238
-3.06114 1.237
-3.0546 1.237
-3.04805 1.23575
-3.04124 1.235
-3.03469 1.23425
-3.02787 1.233
-3.02133 1.233
-3.01451 1.234
-3.00797 1.2335
-3.00142 1.234
-2.9946 1.23325
-2.98806 1.234
-2.98124 1.23325
-2.9747 1.233
-2.96815 1.235
-2.96133 1.236
-2.95479 1.2365
-2.94797 1.236
-2.94143 1.23575
-2.93461 1.236
-2.92806 1.23625
-2.92152 1.236
-2.9147 1.236
-2.90815 1.237
-2.90134 1.2375
-2.89479 1.237
-2.88825 1.23675
-2.88143 1.238
-2.87488 1.23875
-2.86834 1.24
-2.86179 1.241
-2.85498 1.242
-2.84843 1.2435
-2.84189 1.244
-2.83507 1.24475
-2.82852 1.246
-2.82171 1.24775
-2.81516 1.249
-2.80862 1.2515
-2.8018 1.253
-2.79525 1.254
-2.78844 1.256
-2.78189 1.25725
-2.77535 1.259
-2.7688 1.26025
-2.76226 1.262
-2.75544 1.2645
-2.74889 1.267
-2.74208 1.268
-2.73553 1.27
-2.72871 1.2695
-2.71453 1.276
-2.70799 1.27775
-2.70144 1.279
-2.6949 1.2815
-2.68835 1.285
-2.68153 1.287
-2.67499 1.29
-2.66844 1.29325
-2.66163 1.297
-2.65508 1.29825
-2.64826 1.3
-2.64199 1.3025
-2.63517 1.306
-2.62863 1.309
-2.62208 1.312
-2.61527 1.31425
-2.60872 1.318
-2.6019 1.32225
-2.59563 1.326
-2.58909 1.3295
-2.58227 1.334
-2.57572 1.3375
-2.56891 1.341
-2.56236 1.34475
-2.55582 1.349
-2.54927 1.35175
-2.54273 1.356
-2.53591 1.361
-2.52936 1.365
-2.52282 1.369
-2.51627 1.373
-2.50973 1.37725
-2.50291 1.382
-2.49637 1.38625
-2.48955 1.392
-2.48328 1.396
-2.47646 1.401
-2.46991 1.407
-2.46337 1.414
-2.45682 1.41825
-2.45028 1.423
-2.44346 1.42875
-2.43692 1.436
-2.43037 1.4415
-2.42383 1.447
-2.41728 1.4545
-2.41046 1.462
-2.40392 1.46575
-2.39737 1.471
-2.39083 1.47775
-2.38428 1.484
-2.37747 1.491
-2.37119 1.499
-2.36438 1.506
-2.35783 1.513
-2.35129 1.51925
-2.34447 1.527
-2.3382 1.53475
-2.33138 1.542
-2.32483 1.5505
-2.31829 1.558
-2.31174 1.566
-2.3052 1.575
-2.29838 1.58325
-2.29211 1.592
-2.28529 1.60125
-2.27875 1.612
-2.2722 1.6205
-2.26566 1.63
-2.25911 1.639
-2.25229 1.647
-2.24602 1.65675
-2.2392 1.668
-2.23266 1.67825
-2.22611 1.69
-2.21957 1.7005
-2.21302 1.71
-2.20621 1.7215
-2.19993 1.732
-2.19311 1.7325
-2.17921 1.782
-2.17239 1.7645
-2.16584 1.747
-2.15903 1.75675
-2.15248 1.767
-2.14594 1.78025
-2.13939 1.793
-2.13257 1.807
-2.1263 1.821
-2.11976 1.8335
-2.11294 1.846
-2.10667 1.86125
-2.09985 1.877
-2.0933 1.89275
-2.08676 1.908
-2.08021 1.9245
-2.07367 1.94
-2.06712 1.9575
-2.06058 1.975
-2.05403 1.99275
-2.04749 2.012
-2.04067 2.03025
-2.0344 2.048
-2.02785 2.0685
-2.02104 2.088
-2.01476 2.108
-2.00795 2.129
-2.0014 2.15075
-1.99486 2.172
-1.98831 2.19275
-1.98177 2.215
-1.97522 2.246
-1.96868 2.277
-1.96213 2.3075
-1.95559 2.339
-1.94904 2.38025
-1.9425 2.421
-1.93622 2.44825
-1.92941 2.475
-1.92313 2.503
-1.91632 2.532
-1.90977 2.563
-1.90323 2.593
-1.89668 2.62525
-1.89014 2.657
-1.88359 2.69375
-1.87705 2.73
-1.8705 2.7695
-1.86396 2.808
-1.85714 2.847
-1.85087 2.886
-1.84432 2.88075
-1.8375 2.875
-1.83096 2.86975
-1.82414 2.864
-1.81732 2.854
-1.81051 2.845
-1.80396 2.8395
-1.79742 2.833
-1.7906 2.83325
-1.65234 0
-1.64552 0
-1.63897 0
-1.63216 0
-1.62561 0
-1.61907 0
-1.61225 0
-1.6057 0
-1.59889 0
-1.59234 0
-1.58552 0
-1.57898 0
-1.57243 0
-1.69597 2.40075
-1.68942 2.401
-1.68261 2.4005
-1.54571 0
-1.67033 2.707
-1.66379 2.707
-1.65697 2.707
-1.64279 2.697
-1.63625 2.69325
-1.6297 2.691
-1.62288 2.6885
-1.61634 2.685
-1.60952 2.681
-1.60298 2.678
-1.59616 2.67575
-1.58961 2.673
-1.5828 2.67025
-1.57598 2.667
-1.56916 2.6635
-1.56262 2.661
-1.5558 2.659
-1.54925 2.656
-1.54243 2.65225
-1.53589 2.65
-1.52934 2.64725
-1.52253 2.645
-1.51598 2.641
-1.50916 2.638
-1.50262 2.636
-1.4958 2.634
-1.48926 2.63225
-1.48244 2.63
-1.47589 2.62725
-1.46908 2.626
-1.46253 2.6285
-1.45571 2.631
-1.44917 2.637
-1.44235 2.642
-1.43581 2.64125
-1.29809 0
-1.29127 0
-1.28473 0
-1.27791 0
-1.27136 0
-1.26455 0
-1.258 0
-1.25118 0
-1.24464 0
-1.23782 0
-1.23128 0
-1.22446 0
-1.21791 0
-1.21109 0
-1.20455 0
-1.19773 0
-1.19119 0
-1.18464 0
-1.17782 0
-1.17128 0
-1.16446 0
-1.15792 0
-1.1511 0
-1.14455 0
-1.13774 0
-1.13119 0
-1.12437 0
-1.11783 0
-1.11101 0
-1.23591 2.67675
-1.22909 2.677
-1.22255 2.6775
-1.08456 0
-1.07774 0
-1.0712 0
-1.06438 0
-1.05783 0
-1.05102 0
-1.04447 0
-1.03765 0
-1.03111 0
-1.02429 0
-1.01775 0
-1.01093 0
-1.00438 0
-0.997565 0
-0.99102 0
-0.984202 0
-0.971658 0
-0.965113 0
-0.958295 0
-0.951477 0
-0.944932 0
-0.938114 0
-0.931297 0
-0.924752 0
-0.917934 0
-0.911116 0
-0.904571 0
-0.897754 0
-0.890936 0
-0.884118 0
-0.877573 0
-0.870755 0
-0.863938 0
-0.857393 0
-0.850575 0
-0.843757 0
-0.837212 0
-0.830395 0
-0.823577 0
-0.886845 0.31175
-0.880573 0.312
-0.873483 0.3115
-0.866665 0.311
-0.86012 0.3115
-0.853575 0.313
-0.846757 0.31225
-0.83994 0.311
-0.833122 0.31125
-0.826577 0.312
-0.820032 0.3125
-0.813487 0.314
-0.80667 0.314
-0.799579 0.313
-0.793307 0.31425
-0.787034 0.316
-0.780217 0.31675
-0.774217 0.319
-0.767672 0.32
-0.7614 0.322
-0.754582 0.3215
-0.675497 0
-0.742856 0.33125
-0.736311 0.332
-0.729493 0.33125
-0.648499 0
-0.641681 0
-0.635136 0
-0.628319 0
-0.621501 0
-0.614956 0
-0.608138 0
-0.601321 0
-0.594775 0
-0.689405 0.5655
-0.682587 0.566
-0.675497 0.563
-0.668679 0.559
-0.661589 0.55475
-0.654498 0.551
-0.647681 0.54625
-0.64059 0.543
-0.6335 0.5385
-0.626682 0.535
-0.619592 0.531
-0.612501 0.528
-0.605411 0.52475
-0.598594 0.521
-0.591503 0.51725
-0.584412 0.514
-0.577595 0.511
-0.570504 0.508
-0.563414 0.5055
-0.556597 0.502
-0.549506 0.49925
-0.542415 0.496
-0.535598 0.49625
-0.522235 0.491
-0.51569 0.4885
-0.5086 0.485
-0.501509 0.48225
-0.494964 0.48
-0.487874 0.47775
-0.481057 0.475
-0.473966 0.472
-0.467148 0.47
-0.460331 0.4675
-0.453513 0.466
-0.446695 0.46375
-0.439605 0.461
-0.432787 0.45825
-0.425697 0.457
-0.419152 0.4555
-0.412334 0.453
-0.405244 0.4515
-0.398426 0.449
-0.391608 0.44775
-0.384791 0.446
-0.3777 0.44325
-0.370882 0.441
-0.364337 0.44
-0.357247 0.438
-0.350429 0.4365
-0.343612 0.435
-0.336794 0.43375
-0.329704 0.432
-0.323159 0.43025
-0.316341 0.429
-0.309523 0.429
-0.302978 0.428
-0.295888 0.4275
-0.289343 0.426
-0.282253 0.42525
-0.187077 0
-0.180532 0
-0.173715 0
-0.16717 0
-0.160352 0
-0.153807 0
-0.14699 0
-0.140445 0
-0.1339 0
-0.127082 0
-0.120537 0
-0.113719 0
-0.107174 0
-0.100356 0
-0.0938113 0
-0.0872663 0
-0.0804489 0
-0.0739039 0
-0.067086 0
-0.060541 0
-0.0537236 0
-0.0471786 0
-0.0406335 0
-0.0338157 0
-0.0272706 0
-0.0204533 0
-0.0139082 0
-0.00709039 0
-0.000545327 0
-0.123264 2.12125
-0.116446 2.122
-0.109901 2.1185
-0.103083 2.115
-0.0965384 2.112
-0.089721 2.109
-0.083176 2.10425
-0.0766309 2.1
-0.0695403 2.09475
-0.0629953 2.091
-0.0561779 2.0885
-0.0496329 2.087
-0.042815 2.087
-0.03627 2.087
-0.0294526 2.087
-0.0155442 2.08
-0.00899917 2.0785
-0.00245458 2.076
0.00436332 2.07575
0.139899 0
0.0278162 1.05125
0.0343612 1.052
0.0409062 1.054
0.0477238 1.056
0.0542688 1.0535
0.0610865 1.05
0.0676315 1.05175
0.0741765 1.055
0.0807215 1.05675
0.0872665 1.059
0.0940842 1.0575
0.100629 1.057
0.107174 1.061
0.113992 1.064
0.120537 1.06575
0.127354 1.067
0.133899 1.06475
0.140444 1.062
0.147262 1.0675
0.153534 1.073
0.160352 1.072
0.16717 1.07
0.173442 1.07125
0.18026 1.074
0.186805 1.07925
0.19335 1.086
0.199895 1.087
0.20644 1.087
0.213257 1.088
0.219802 1.089
0.22662 1.09275
0.233165 1.096
0.23971 1.09225
0.246528 1.09
0.253073 1.097
0.259618 1.105
0.266163 1.107
0.27298 1.109
0.279525 1.10825
0.28607 1.108
0.292888 1.10825
0.419424 0
0.297251 2.0675
0.303796 2.068
0.310341 2.069
0.317159 2.071
0.323704 2.07125
0.459512 0
0.466057 0
0.472602 0
0.47942 0
0.485965 0
0.375519 0.96675
0.382063 0.967
0.388881 0.9635
0.395699 0.96
0.402244 0.959
0.409062 0.959
0.415607 0.95875
0.422152 0.96
0.428969 0.96075
0.435514 0.963
0.442059 0.9765
0.448059 0.991
0.454604 1.0025
0.461149 1.014
0.467694 1.00975
0.474511 1.006
0.481329 1.00175
0.487874 0.997
0.494692 0.993
0.501509 0.99
0.508327 0.987
0.514872 0.985
0.52169 0.9845
0.535598 0.98
0.542416 0.9775
0.548961 0.976
0.555506 0.97475
0.562051 0.975
0.568596 0.97625
0.575141 0.978
0.581686 0.9805
0.58823 0.983
0.594775 0.9855
0.60132 0.989
0.607865 0.98825
0.73222 0
0.738765 0
0.74531 0
0.751855 0
0.7584 0
0.765218 0
0.771763 0
0.648226 2.31225
0.654771 2.313
0.661316 2.3225
0.667861 2.333
0.674679 2.342
0.680951 2.35
0.687496 2.35825
0.694041 2.366
0.700586 2.37625
0.707131 2.388
0.713949 2.3955
0.720494 2.402
0.726766 2.435
0.733311 2.469
0.739583 2.50225
0.746401 2.536
0.752946 2.55225
0.759491 2.569
0.766036 2.5765
0.772308 2.585
0.778853 2.5855
0.916843 0
0.787307 6.42625
0.793852 6.426
0.800397 6.42625
0.943023 0
0.949841 0
