0.968112 0
0.860393 1.238
0.866938 1.2295
0.873483 1.221
0.8803 1.23225
0.886573 1.243
0.89339 1.24275
1.02211 0
1.02893 0
1.03547 0
1.04229 0
1.04883 0
1.05565 0
1.0622 0
1.06901 0
1.07556 0
1.08238 0
1.08892 0
1.09574 0
1.10228 0
1.1091 0
1.11565 0
1.12246 0
1.12901 0
1.13583 0
1.14237 0
1.14919 0
1.15574 0
1.16228 0
1.1691 0
1.17564 0
1.18246 0
1.18901 0
1.19582 0
1.20237 0
1.20919 0
1.21573 0
1.22255 0
1.22909 0
1.23591 0
1.24246 0
1.24927 0
1.25582 0
1.26264 0
1.26918 0
1.276 0
1.28254 0
1.28936 0
1.29591 0
1.30272 0
1.30927 0
1.31609 0
1.32263 0
1.32945 0
1.33599 0
1.34254 0
1.34936 0
1.3559 0
1.36272 0
1.36927 0
1.37608 0
1.38263 0
1.38945 0
1.39599 0
1.40281 0
1.40935 0
1.41617 0
1.42272 0
1.42953 0
1.43608 0
1.4429 0
1.44944 0
1.45626 0
1.4628 0
1.46962 0
1.47617 0
1.48298 0
1.48953 0
1.49635 0
1.50289 0
1.50971 0
1.52362 0
1.53016 0
1.53671 0
1.54353 0
1.55007 0
1.55689 0
1.56343 0
1.57025 0
1.5768 0
1.58361 0
1.59016 0
1.59698 0
1.60352 0
1.47944 2.57875
1.48598 2.579
1.4928 2.574
1.49935 2.57
1.50616 2.5705
1.64361 0
1.65043 0
1.65697 0
1.66379 0
1.67033 0
1.67715 0
1.6837 0
1.67361 0.17675
1.67988 0.177
1.68779 0.17575
1.69542 0.174
1.70279 0.1735
1.71042 0.172
1.71779 0.171
1.72515 0.17
1.73333 0.16825
1.74015 0.168
1.74751 0.16725
1.75406 0.167
1.76087 0.167
1.76824 0.166
1.77505 0.166
1.78242 0.165
1.78978 0.16425
1.7966 0.164
1.80396 0.16325
1.80996 0.164
1.81651 0.1645
1.82332 0.164
1.83069 0.1635
1.8375 0.163
1.84487 0.16225
1.85087 0.163
1.85796 0.16275
1.86341 0.164
1.86996 0.1645
1.87677 0.164
1.88332 0.1645
1.89014 0.164
1.89668 0.16425
1.90268 0.165
1.91004 0.16425
1.91604 0.165
1.92204 0.166
1.92859 0.166
1.93513 0.1665
1.94113 0.167
1.94741 0.16775
1.95395 0.168
1.95995 0.16875
1.9665 0.169
1.97249 0.17
1.97904 0.17
1.98504 0.171
1.99104 0.172
1.99786 0.17175
2.00358 0.173
2.00986 0.17375
2.01558 0.175
2.02131 0.1765
2.02676 0.178
2.03358 0.178
2.04558 0.181
2.05103 0.18275
2.05676 0.184
2.06194 0.1865
2.06767 0.188
2.07449 0.188
2.1053 0
2.03631 0.33775
2.04313 0.338
2.04967 0.33775
2.05622 0.339
2.06276 0.3395
2.06931 0.341
2.07531 0.344
2.08131 0.347
2.08758 0.35025
2.09358 0.353
2.10039 0.35325
2.10694 0.353
2.11403 0.35
2.12139 0.347
2.12876 0.3415
2.13639 0.337
2.14321 0.33625
2.14975 0.337
2.1563 0.33725
2.16284 0.338
2.16966 0.3375
2.17621 0.338
2.18303 0.338
2.18957 0.337
2.19639 0.33675
2.20293 0.337
2.20948 0.33725
2.2163 0.337
2.22311 0.3365
2.22966 0.337
2.23648 0.3365
2.24275 0.337
2.24984 0.33675
2.25638 0.336
2.2632 0.33625
2.26975 0.336
2.27629 0.3365
2.28311 0.336
2.28965 0.336
2.29647 0.336
2.30302 0.33625
2.30956 0.338
2.31529 0.34175
2.32102 0.346
2.32729 0.35
2.33301 0.355
2.33874 0.3615
2.3442 0.368
2.35074 0.36725
2.43828 0
2.44482 0
2.45164 0
2.45819 0
2.465 0
2.47155 0
2.47809 0
2.37801 0.66325
2.38456 0.663
2.39137 0.661
2.39819 0.659
2.40446 0.6595
2.41155 0.659
2.41783 0.65975
2.42464 0.66
2.43119 0.65975
2.43801 0.661
2.44455 0.663
2.45082 0.665
2.45764 0.6685
2.46391 0.671
2.47073 0.67325
2.47728 0.675
2.48409 0.67525
2.49664 0.677
2.50318 0.67875
2.50973 0.68
2.51655 0.6805
2.52309 0.681
2.52991 0.682
2.53645 0.682
2.543 0.68275
2.54954 0.683
2.55636 0.68375
2.56291 0.685
2.56972 0.6865
2.57627 0.687
2.58281 0.6885
2.58936 0.689
2.59618 0.68975
2.60272 0.692
2.60927 0.69375
2.61581 0.696
2.62208 0.7005
2.6289 0.704
2.6349 0.7185
2.6409 0.734
2.64717 0.74425
2.65345 0.754
2.65999 0.75675
2.66681 0.76
2.67308 0.7625
2.6799 0.765
2.68644 0.7675
2.69299 0.771
2.69953 0.77325
2.70581 0.777
2.71262 0.78175
2.7189 0.786
2.72517 0.806
2.73089 0.826
2.73744 0.8415
2.74344 0.857
2.75026 0.85675
2.87107 0
2.87788 0
2.88443 0
2.76689 1.42075
2.77344 1.421
2.78053 1.416
2.78707 1.411
2.79389 1.4055
2.80044 1.401
2.80698 1.39625
2.81407 1.391
2.82062 1.38575
2.82743 1.381
2.83398 1.3775
2.8408 1.373
2.84734 1.369
2.85443 1.366
2.86098 1.36075
2.86779 1.357
2.87434 1.35225
2.88116 1.347
2.88797 1.343
2.89479 1.339
2.90134 1.336
2.90788 1.333
2.9147 1.32925
2.92124 1.327
2.92834 1.32225
2.93488 1.319
2.9417 1.3155
2.94824 1.312
2.95506 1.309
2.96161 1.305
2.96842 1.30175
2.97524 1.3
2.98206 1.29625
2.9886 1.293
2.99542 1.2915
3.00197 1.289
3.00878 1.2895
3.02133 1.285
3.02787 1.282
3.03469 1.279
3.04151 1.27625
3.04805 1.274
3.05487 1.27075
3.06142 1.269
3.06823 1.267
3.07478 1.265
3.0816 1.263
3.08814 1.261
3.09523 1.25875
3.10178 1.257
3.1086 1.25425
3.11514 1.252
3.12196 1.251
3.1285 1.251
3.13532 1.249
-3.14132 1.248
-3.1345 1.24625
-3.12796 1.246
-3.12114 1.24375
-3.11459 1.243
-3.10778 1.2425
-3.10123 1.241
-3.09441 1.241
-3.08787 1.24
-3.08132 1.23925
-3.07423 1.238
-3.06769 1.23675
-3.06087 1.236
-3.05433 1.236
-3.04751 1.235
-3.04096 1.2335
-3.03415 1.233
-3.0276 1.23325
-3.02078 1.235
-3.01424 1.23525
-3.00742 1.235
-3.00088 1.235
-2.99406 1.234
-2.98751 1.2345
-2.9807 1.235
-2.97415 1.23425
-2.96733 1.234
-2.96079 1.23475
-2.95397 1.237
-2.94742 1.2365
-2.94061 1.235
-2.93406 1.2355
-2.92724 1.235
-2.9207 1.23425
-2.91388 1.235
-2.90734 1.23525
-2.90079 1.237
-2.89397 1.238
-2.88743 1.238
-2.88061 1.2385
-2.87434 1.24
-2.86752 1.24075
-2.86098 1.242
-2.85416 1.24225
-2.84761 1.243
-2.8408 1.2445
-2.83425 1.245
-2.82743 1.246
-2.82089 1.247
-2.81407 1.24925
-2.80753 1.252
-2.80071 1.25275
-2.79416 1.254
-2.78735 1.256
-2.7808 1.257
-2.77398 1.2585
-2.76771 1.261
-2.76089 1.26325
-2.75435 1.265
-2.74753 1.26625
-2.74098 1.269
-2.73417 1.26825
-2.72162 1.273
-2.71508 1.2765
-2.70826 1.279
-2.70199 1.28025
-2.69517 1.282
-2.68863 1.28375
-2.68181 1.287
-2.67499 1.2905
-2.66844 1.293
-2.66163 1.296
-2.65508 1.298
-2.64854 1.30075
-2.64199 1.303
-2.63517 1.30675
-2.62836 1.31
-2.62181 1.312
-2.61499 1.315
-2.60845 1.319
-2.6019 1.323
-2.59509 1.33425
-2.58881 1.347
-2.58172 1.34275
-2.57518 1.34
-2.56836 1.343
-2.56209 1.345
-2.55527 1.349
-2.54845 1.353
-2.54191 1.35725
-2.53509 1.362
-2.52855 1.36625
-2.522 1.371
-2.51518 1.3745
-2.50864 1.379
-2.50182 1.382
-2.49528 1.386
-2.48846 1.39175
-2.48219 1.399
-2.47537 1.40325
-2.46855 1.409
-2.462 1.4145
-2.45546 1.419
-2.44892 1.4255
-2.4421 1.432
-2.43528 1.43725
-2.42873 1.442
-2.42219 1.44875
-2.41564 1.456
-2.40883 1.4615
-2.40228 1.467
-2.39574 1.4735
-2.38892 1.48
-2.38237 1.48675
-2.37556 1.494
-2.36928 1.50125
-2.36247 1.508
-2.35565 1.5145
-2.3491 1.521
-2.34256 1.5295
-2.33601 1.538
-2.3292 1.54525
-2.32265 1.552
-2.31611 1.56075
-2.30929 1.57
-2.30274 1.5785
-2.29593 1.586
-2.28965 1.595
-2.28284 1.604
-2.27602 1.61325
-2.26975 1.624
-2.26293 1.63325
-2.25638 1.642
-2.24957 1.6505
-2.24329 1.66
-2.23648 1.6715
-2.22966 1.683
-2.22311 1.69175
-2.21657 1.702
-2.21002 1.71275
-2.20321 1.723
-2.19639 1.72325
-2.18248 1.763
-2.17593 1.752
-2.16939 1.741
-2.16257 1.74875
-2.15603 1.756
-2.14921 1.76775
-2.14294 1.78
-2.13612 1.7945
-2.12985 1.809
-2.12303 1.823
-2.11648 1.838
-2.10994 1.85275
-2.10339 1.868
-2.09685 1.88375
-2.0903 1.901
-2.08376 1.9165
-2.07694 1.931
-2.07067 1.948
-2.06385 1.964
-2.05731 1.98225
-2.05076 2
-2.04422 2.01925
-2.0374 2.039
-2.03113 2.058
-2.02458 2.076
-2.01776 2.096
-2.01149 2.115
-2.00467 2.13525
-1.9984 2.157
-1.99158 2.18025
-1.98504 2.203
-1.97849 2.2265
-1.97195 2.25
-1.96513 2.2735
-1.95886 2.297
-1.95231 2.34625
-1.94577 2.397
-1.9395 2.42725
-1.93268 2.459
-1.92613 2.487
-1.91959 2.514
-1.91304 2.544
-1.90623 2.575
-1.89995 2.60775
-1.89314 2.64
-1.88686 2.67425
-1.88032 2.709
-1.8735 2.7435
-1.86723 2.778
-1.86041 2.8065
-1.85387 2.835
-1.84732 2.86375
-1.84078 2.892
-1.83396 2.87875
-1.82741 2.865
-1.82032 2.8575
-1.81378 2.851
-1.80723 2.8445
-1.80042 2.838
-1.79387 2.83825
-1.65534 0
-1.77942 2.47425
-1.7726 2.474
-1.76605 2.474
-1.62861 0
-1.62207 0
-1.61525 0
-1.6087 0
-1.60216 0
-1.59534 0
-1.5888 0
-1.71233 2.3985
-1.70579 2.399
-1.69897 2.40475
-1.69242 2.411
-1.68561 2.41075
-1.54871 0
-1.67333 2.7075
-1.66679 2.708
-1.65997 2.7075
-1.64606 2.699
-1.63952 2.698
-1.63297 2.696
-1.62616 2.69125
-1.61961 2.688
-1.61279 2.68475
-1.60625 2.682
-1.59943 2.6785
-1.59289 2.676
-1.58634 2.673
-1.57952 2.671
-1.57298 2.66925
-1.56589 2.667
-1.55934 2.66225
-1.55252 2.659
-1.54598 2.6565
-1.53943 2.654
-1.53262 2.6505
-1.52607 2.648
-1.51925 2.64475
-1.51271 2.641
-1.50589 2.63875
-1.49935 2.637
-1.4928 2.635
-1.48598 2.633
-1.47944 2.6315
-1.47262 2.629
-1.46608 2.62975
-1.45926 2.631
-1.45271 2.63125
-1.315 0
-1.30818 0
-1.30163 0
-1.29482 0
-1.28827 0
-1.28145 0
-1.27491 0
-1.26836 0
-1.26155 0
-1.255 0
-1.24818 0
-1.24164 0
-1.23482 0
-1.22828 0
-1.22173 0
-1.21491 0
-1.20837 0
-1.20155 0
-1.19501 0
-1.18819 0
-1.18164 0
-1.1751 0
-1.16828 0
-1.16173 0
-1.15492 0
-1.14837 0
-1.14155 0
-1.13501 0
-1.12846 0
-1.12165 0
-1.1151 0
-1.10828 0
-1.10174 0
-1.22637 2.6815
-1.21982 2.681
-1.21328 2.6815
-1.07501 0
-1.06847 0
-1.06165 0
-1.05511 0
-1.04829 0
-1.04174 0
-1.0352 0
-1.02838 0
-1.02184 0
-1.01502 0
-1.00847 0
-1.00166 0
-0.99511 0
-0.988293 0
-0.974112 0
-0.967567 0
-0.960749 0
-0.954204 0
-0.947387 0
-1.06411 1.33275
-1.05729 1.333
-1.05074 1.3335
-0.920661 0
-0.914116 0
-0.907298 0
-0.900753 0
-0.893936 0
-0.887118 0
-0.880573 0
-0.873755 0
-0.867211 0
-0.860393 0
-0.853848 0
-0.84703 0
-0.840485 0
-0.833668 0
-0.827123 0
-0.890391 0.3115
-0.883573 0.311
-0.877028 0.31125
-0.87021 0.311
-0.863393 0.31025
-0.856848 0.311
-0.85003 0.3105
-0.843485 0.311
-0.837212 0.312
-0.830395 0.312
-0.82385 0.31225
-0.817032 0.313
-0.810487 0.31375
-0.804215 0.315
-0.79767 0.316
-0.791125 0.316
-0.784853 0.319
-0.779126 0.322
-0.772035 0.32125
-0.765763 0.322
-0.758945 0.32225
-0.67986 0
-0.747219 0.331
-0.740402 0.331
-0.733856 0.33
-0.726766 0.329
-0.720221 0.32875
-0.639499 0
-0.632954 0
-0.626137 0
-0.619592 0
-0.612774 0
-0.606229 0
-0.599411 0
-0.694314 0.57275
-0.687769 0.573
-0.680678 0.5675
-0.673861 0.562
-0.66677 0.558
-0.65968 0.553
-0.65259 0.54875
-0.645772 0.545
-0.638681 0.54175
-0.631864 0.538
-0.624773 0.534
-0.617683 0.53
-0.610865 0.527
-0.603775 0.523
-0.596957 0.51925
-0.589867 0.516
-0.583049 0.51275
-0.575959 0.51
-0.569141 0.506
-0.562051 0.503
-0.555506 0.501
-0.548415 0.498
-0.541598 0.4985
-0.528508 0.492
-0.52169 0.489
-0.5146 0.486
-0.507782 0.48325
-0.500691 0.481
-0.493873 0.47825
-0.486783 0.476
-0.479966 0.473
-0.473148 0.471
-0.46633 0.4685
-0.45924 0.467
-0.452422 0.46475
-0.445332 0.462
-0.438514 0.45975
-0.431696 0.458
-0.424878 0.4565
-0.417788 0.454
-0.411243 0.4525
-0.404153 0.451
-0.397335 0.44825
-0.390245 0.446
-0.3837 0.44475
-0.376609 0.444
-0.369792 0.441
-0.362701 0.439
-0.355883 0.437
-0.349066 0.436
-0.342248 0.43475
-0.33543 0.433
-0.328613 0.43075
-0.321523 0.43
-0.314977 0.429
-0.307887 0.427
-0.301342 0.4255
-0.294252 0.425
-0.287979 0.42725
-0.281434 0.43
-0.274889 0.42975
-0.178896 0
-0.172351 0
-0.165533 0
-0.158989 0
-0.152171 0
-0.145626 0
-0.138808 0
-0.132263 0
-0.125446 0
-0.118901 0
-0.112083 0
-0.105538 0
-0.0987204 0
-0.178351 0.4055
-0.171806 0.406
-0.164988 0.4055
-0.0719946 0
-0.06545 0
-0.0586322 0
-0.0520871 0
-0.0452693 0
-0.0387247 0
-0.0319069 0
-0.0253618 0
-0.018544 0
-0.011999 0
-0.00518161 0
-0.1279 2.12225
-0.121082 2.123
-0.114537 2.11925
-0.10772 2.116
-0.101175 2.113
-0.0943568 2.111
-0.0878118 2.1085
-0.080994 2.106
-0.0744494 2.10075
-0.0673588 2.097
-0.0608137 2.09275
-0.0539959 2.09
-0.0474513 2.0875
-0.0406335 2.085
-0.0338157 2.085
-0.0209983 2.08
-0.0144537 2.0775
-0.0076359 2.074
-0.000818078 2.07225
0.00572686 2.072
0.0125446 2.06925
0.0193622 2.068
0.0259072 2.067
0.0327249 2.065
0.0395426 2.0655
0.175351 0
0.181896 0
0.188714 0
0.0739038 1.21625
0.0804488 1.216
0.0872665 1.21075
0.0940842 1.205
0.101175 1.1965
0.10772 1.189
0.114537 1.186
0.121628 1.182
0.128173 1.17475
0.13499 1.169
0.142081 1.16375
0.148898 1.16
0.155443 1.1595
0.162261 1.158
0.169079 1.149
0.175896 1.139
0.182714 1.13475
0.189805 1.131
0.19635 1.12625
0.203167 1.122
0.209985 1.1225
0.216803 1.122
0.223348 1.117
0.230438 1.112
0.237256 1.10875
0.243801 1.107
0.250618 1.10525
0.257436 1.103
0.264254 1.1015
0.270799 1.101
0.277616 1.1015
0.404426 0
0.288252 1.29025
0.29507 1.291
0.30216 1.27925
0.308978 1.268
0.315523 1.26
0.322613 1.253
0.329431 1.245
0.336249 1.237
0.343066 1.22875
0.349884 1.222
0.356702 1.21725
0.363519 1.212
0.370337 1.207
0.377427 1.201
0.383972 1.196
0.39079 1.191
0.397608 1.18475
0.404426 1.18
0.411243 1.18025
0.418061 1.18
0.424879 1.178
0.431424 1.176
0.438241 1.174
0.445059 1.171
0.451604 1.16875
0.458422 1.166
0.465512 1.16375
0.47233 1.161
0.478875 1.16
0.485692 1.158
0.49251 1.156
0.499055 1.155
0.505873 1.15575
0.51269 1.156
0.519508 1.15625
0.533689 1.156
0.539961 1.15925
0.546506 1.163
0.552778 1.1695
0.559323 1.176
0.565596 1.1855
0.571868 1.196
0.57814 1.20525
0.584685 1.215
0.59123 1.21475
0.719403 0
0.725675 0
0.73222 0
0.608956 2.266
0.615501 2.266
0.622046 2.273
0.628319 2.279
0.634591 2.28825
0.641136 2.298
0.647681 2.30275
0.654226 2.309
0.660498 2.3175
0.667043 2.327
0.673588 2.334
0.680133 2.342
0.686405 2.35125
0.69295 2.36
0.699223 2.37175
0.705768 2.383
0.712313 2.392
0.718857 2.401
0.725402 2.4105
0.731675 2.419
0.737947 2.47475
0.744219 2.53
0.750764 2.54475
0.757309 2.561
0.763582 2.57
0.770127 2.579
0.776672 2.5795
0.914116 0
0.78458 6.43425
0.790852 6.434
0.797397 6.46425
0.803942 6.496
0.810487 6.4955
0.953113 0
0.959658 0
