0.846212 1.225
0.859029 1.207
0.865574 1.21675
0.871846 1.227
0.878937 1.207
0.885755 1.188
0.892572 1.188
1.02047 0
1.02729 0
1.03383 0
1.04065 0
1.0472 0
1.05402 0
1.06056 0
1.06738 0
1.07392 0
1.08074 0
1.08729 0
1.0941 0
1.10065 0
1.10747 0
1.11401 0
1.12083 0
1.12737 0
1.13419 0
1.14074 0
1.14755 0
1.1541 0
1.16092 0
1.16746 0
1.17428 0
1.18082 0
1.18764 0
1.19419 0
1.201 0
1.20755 0
1.21437 0
1.22091 0
1.22773 0
1.23427 0
1.24109 0
1.24764 0
1.25446 0
1.261 0
1.26782 0
1.27436 0
1.28118 0
1.28773 0
1.29454 0
1.30109 0
1.30791 0
1.31445 0
1.32127 0
1.32781 0
1.33463 0
1.34118 0
1.34799 0
1.35454 0
1.36136 0
1.3679 0
1.37472 0
1.38126 0
1.38808 0
1.39463 0
1.40144 0
1.40799 0
1.41481 0
1.42135 0
1.42817 0
1.43472 0
1.44153 0
1.44808 0
1.4549 0
1.46144 0
1.46826 0
1.4748 0
1.48162 0
1.48817 0
1.49498 0
1.50153 0
1.50835 0
1.52116 0
1.52771 0
1.53425 0
1.54107 0
1.54762 0
1.55443 0
1.56098 0
1.5678 0
1.57434 0
1.58116 0
1.5877 0
1.59452 0
1.60107 0
1.47644 2.5815
1.48326 2.582
1.49007 2.57575
1.49689 2.57
1.50344 2.56325
1.51026 2.557
1.5168 2.557
1.65452 0
1.66106 0
1.66788 0
1.67443 0
1.68097 0
1.67061 0.177
1.67715 0.177
1.68533 0.17525
1.6927 0.174
1.70115 0.17175
1.70824 0.171
1.71588 0.17
1.72242 0.17
1.72951 0.1695
1.73742 0.168
1.74451 0.16725
1.75133 0.167
1.75815 0.16675
1.76551 0.166
1.77205 0.166
1.77969 0.165
1.78678 0.1645
1.79387 0.164
1.80096 0.16325
1.80723 0.164
1.81487 0.16275
1.82114 0.163
1.82796 0.163
1.8345 0.163
1.84132 0.163
1.84787 0.163
1.85523 0.16225
1.86123 0.163
1.86859 0.16225
1.87459 0.163
1.88059 0.164
1.88714 0.164
1.89368 0.164
1.9005 0.164
1.90677 0.16425
1.91304 0.165
1.91986 0.16475
1.92641 0.165
1.93213 0.166
1.93895 0.166
1.94522 0.1665
1.9515 0.167
1.9575 0.16775
1.96404 0.168
1.96977 0.16925
1.97577 0.17
1.98177 0.171
1.98831 0.171
1.99404 0.1725
2.00031 0.173
2.00631 0.17425
2.01231 0.175
2.01804 0.17625
2.02404 0.177
2.03085 0.17725
2.04313 0.18
2.04831 0.182
2.05431 0.183
2.06031 0.18425
2.06494 0.187
2.07067 0.18875
2.07531 0.192
2.08212 0.1915
2.11539 0
2.12194 0
2.12876 0
2.05813 0.3465
2.06467 0.346
2.07121 0.34825
2.07749 0.35
2.08376 0.35225
2.08976 0.356
2.09576 0.3595
2.10176 0.364
2.10912 0.3585
2.11703 0.352
2.12385 0.35175
2.20839 0
2.13912 0.34025
2.14566 0.341
2.15248 0.34
2.15903 0.34
2.16584 0.339
2.17266 0.339
2.17948 0.33825
2.18602 0.339
2.19284 0.33825
2.19911 0.339
2.20593 0.3385
2.21275 0.338
2.2193 0.3385
2.22611 0.338
2.23293 0.33675
2.23948 0.337
2.24629 0.33575
2.25311 0.336
2.25966 0.336
2.26647 0.336
2.27302 0.336
2.27929 0.337
2.28584 0.33875
2.29211 0.34
2.29838 0.34375
2.30411 0.348
2.30983 0.3525
2.31583 0.357
2.32156 0.363
2.32756 0.368
2.33383 0.36825
2.42137 0
2.42819 0
2.43473 0
2.44155 0
2.4481 0
2.45464 0
2.46146 0
2.36083 0.66575
2.36765 0.666
2.37447 0.664
2.38101 0.661
2.38783 0.6605
2.39437 0.66
2.40119 0.66075
2.40774 0.662
2.41428 0.66225
2.4211 0.664
2.42737 0.666
2.43419 0.667
2.44046 0.6705
2.44701 0.673
2.45382 0.67525
2.4601 0.678
2.46691 0.67975
2.47346 0.681
2.48028 0.68125
2.49391 0.683
2.50046 0.684
2.507 0.685
2.51382 0.68525
2.52036 0.686
2.52691 0.68675
2.53345 0.688
2.54 0.6885
2.54682 0.689
2.55336 0.689
2.55991 0.69
2.56672 0.69075
2.57327 0.692
2.57981 0.69325
2.58636 0.695
2.5929 0.6975
2.59972 0.699
2.60599 0.703
2.61254 0.706
2.61854 0.72025
2.62454 0.734
2.63081 0.74525
2.63708 0.757
2.64363 0.76
2.65017 0.762
2.65672 0.765
2.66326 0.767
2.66981 0.76975
2.67635 0.773
2.6829 0.77625
2.68944 0.779
2.69572 0.7845
2.70253 0.789
2.70853 0.8045
2.71453 0.821
2.7208 0.83525
2.72708 0.849
2.73389 0.84875
2.85443 0
2.86098 0
2.86779 0
2.74998 1.4375
2.75653 1.437
2.76335 1.43
2.76989 1.424
2.77671 1.41775
2.78353 1.413
2.79007 1.40825
2.79689 1.404
2.80344 1.3995
2.80998 1.394
2.81707 1.3895
2.82362 1.385
2.83043 1.37975
2.83698 1.376
2.84352 1.37075
2.85061 1.367
2.85716 1.362
2.86398 1.358
2.87052 1.3535
2.87707 1.35
2.88388 1.34575
2.8907 1.342
2.89725 1.33825
2.90406 1.334
2.91061 1.331
2.91743 1.328
2.92397 1.3245
2.93079 1.32
2.93761 1.31625
2.94415 1.313
2.9507 1.31025
2.95752 1.307
2.96406 1.304
2.97088 1.302
2.9777 1.3
2.98424 1.297
2.99106 1.29425
2.9976 1.291
3.00442 1.29125
3.0186 1.285
3.02515 1.28275
3.03169 1.281
3.03878 1.278
3.04533 1.275
3.05214 1.273
3.05869 1.27
3.06551 1.26775
3.07205 1.266
3.07887 1.26375
3.08541 1.262
3.09223 1.2605
3.09905 1.258
3.10587 1.255
3.11241 1.252
3.11923 1.25125
3.12578 1.252
3.13232 1.25025
3.13914 1.249
-3.1375 1.2485
-3.13068 1.248
-3.12414 1.2465
-3.11732 1.245
-3.11078 1.24325
-3.10396 1.242
-3.09741 1.24125
-3.0906 1.242
-3.08405 1.24
-3.07696 1.239
-3.07042 1.238
-3.0636 1.237
-3.05705 1.23625
-3.05051 1.236
-3.04369 1.23475
-3.03715 1.234
-3.03033 1.233
-3.02378 1.233
-3.01697 1.2345
-3.01042 1.235
-3.0036 1.23575
-2.99706 1.236
-2.99024 1.23475
-2.98369 1.235
-2.97688 1.2355
-2.97033 1.236
-2.96351 1.236
-2.95697 1.237
-2.95015 1.23625
-2.94361 1.236
-2.93706 1.23625
-2.93024 1.236
-2.9237 1.2365
-2.91688 1.236
-2.91034 1.237
-2.90352 1.238
-2.89697 1.23875
-2.89016 1.239
-2.88388 1.23925
-2.87707 1.24
-2.87052 1.2405
-2.8637 1.241
-2.85716 1.242
-2.85034 1.244
-2.8438 1.24325
-2.83725 1.244
-2.83043 1.24525
-2.82389 1.247
-2.81707 1.2485
-2.81053 1.251
-2.80371 1.2525
-2.79716 1.255
-2.79035 1.25625
-2.7838 1.257
-2.77698 1.25875
-2.77071 1.26
-2.76389 1.2625
-2.75735 1.264
-2.75053 1.266
-2.74398 1.268
-2.73717 1.268
-2.72462 1.272
-2.71808 1.27525
-2.71153 1.278
-2.70499 1.2795
-2.69844 1.281
-2.69162 1.2835
-2.68508 1.287
-2.67826 1.28925
-2.67172 1.292
-2.6649 1.29425
-2.65835 1.297
-2.65154 1.3
-2.64526 1.303
-2.63845 1.306
-2.6319 1.308
-2.62508 1.31125
-2.61854 1.314
-2.61172 1.31725
-2.60518 1.321
-2.59863 1.3255
-2.59209 1.33
-2.58527 1.334
-2.57872 1.337
-2.57191 1.33975
-2.56536 1.342
-2.55882 1.34525
-2.55227 1.35
-2.54545 1.354
-2.53891 1.359
-2.53209 1.3625
-2.52555 1.367
-2.519 1.37125
-2.51246 1.376
-2.50564 1.38025
-2.49909 1.384
-2.49228 1.39
-2.486 1.397
-2.47919 1.4
-2.47264 1.404
-2.46582 1.40975
-2.45928 1.417
-2.45273 1.42125
-2.44619 1.427
-2.43937 1.4325
-2.43283 1.438
-2.42628 1.4455
-2.41974 1.452
-2.41292 1.45875
-2.40637 1.465
-2.39955 1.47025
-2.39328 1.477
-2.38647 1.483
-2.37992 1.49
-2.3731 1.4965
-2.36683 1.504
-2.36001 1.51075
-2.35347 1.519
-2.34665 1.52575
-2.34038 1.534
-2.33356 1.541
-2.32701 1.547
-2.3202 1.556
-2.31392 1.565
-2.30711 1.57275
-2.30056 1.582
-2.29402 1.58975
-2.28747 1.598
-2.28065 1.6075
-2.27411 1.617
-2.26756 1.6265
-2.26102 1.635
-2.2542 1.64475
-2.24766 1.655
-2.24111 1.66575
-2.23457 1.677
-2.22775 1.6865
-2.22148 1.695
-2.21466 1.705
-2.20811 1.716
-2.2013 1.7155
-2.18821 1.678
-2.18193 1.70975
-2.17539 1.741
-2.16884 1.746
-2.16203 1.75
-2.15548 1.7615
-2.14894 1.774
-2.14239 1.78725
-2.13557 1.8
-2.1293 1.81275
-2.12248 1.827
-2.11594 1.8425
-2.10939 1.857
-2.10258 1.872
-2.09603 1.888
-2.08949 1.90275
-2.08294 1.917
-2.07612 1.93275
-2.06985 1.95
-2.06303 1.968
-2.05649 1.987
-2.04994 2.0055
-2.0434 2.024
-2.03658 2.04275
-2.03004 2.061
-2.02349 2.07925
-2.01695 2.099
-2.0104 2.1205
-2.00358 2.142
-1.99731 2.163
-1.99049 2.185
-1.98395 2.20675
-1.9774 2.23
-1.97086 2.25275
-1.96404 2.277
-1.9575 2.3295
-1.95122 2.382
-1.94441 2.409
-1.93813 2.436
-1.93132 2.46275
-1.92477 2.49
-1.91823 2.51875
-1.91168 2.548
-1.90486 2.5805
-1.89859 2.612
-1.89177 2.645
-1.88523 2.678
-1.87868 2.71375
-1.87187 2.75
-1.86559 2.78525
-1.85878 2.822
-1.8525 2.8665
-1.84569 2.911
-1.83914 2.894
-1.83232 2.876
-1.82578 2.86875
-1.81869 2.861
-1.81187 2.85175
-1.80532 2.844
-1.79851 2.7925
-1.79169 2.74
-1.78487 2.7405
-1.64688 0
-1.64006 0
-1.63352 0
-1.6267 0
-1.62016 0
-1.61334 0
-1.60652 0
-1.59998 0
-1.59316 0
-1.58661 0
-1.5798 0
-1.70361 2.40825
-1.69679 2.408
-1.69024 2.40375
-1.68342 2.4
-1.67688 2.4
-1.53971 0
-1.53289 0
-1.65152 2.701
-1.64497 2.69775
-1.63843 2.695
-1.63161 2.69
-1.62507 2.686
-1.61825 2.684
-1.6117 2.683
-1.60516 2.67975
-1.59834 2.676
-1.59179 2.67225
-1.58498 2.669
-1.57816 2.667
-1.57134 2.665
-1.5648 2.664
-1.55825 2.662
-1.55143 2.65725
-1.54489 2.652
-1.53807 2.65025
-1.53153 2.65
-1.52498 2.6465
-1.51816 2.643
-1.51162 2.641
-1.5048 2.638
-1.49826 2.63425
-1.49144 2.632
-1.48489 2.62975
-1.47835 2.628
-1.47153 2.628
-1.46499 2.627
-1.45817 2.6265
-1.45162 2.626
-1.44535 2.67475
-1.43853 2.723
-1.43199 2.72225
-1.29373 0
-1.28718 0
-1.28036 0
-1.27382 0
-1.26727 0
-1.26046 0
-1.25391 0
-1.24709 0
-1.24055 0
-1.234 0
-1.22718 0
-1.22064 0
-1.21382 0
-1.20728 0
-1.20046 0
-1.19391 0
-1.18737 0
-1.18055 0
-1.17401 0
-1.16719 0
-1.16064 0
-1.1541 0
-1.14728 0
-1.14074 0
-1.13392 0
-1.12737 0
-1.12056 0
-1.11401 0
-1.10747 0
-1.23209 2.6765
-1.22555 2.676
-1.21873 2.6765
-1.08074 0
-1.0742 0
-1.06738 0
-1.06083 0
-1.05402 0
-1.04747 0
-1.04065 0
-1.03411 0
-1.02756 0
-1.02075 0
-1.0142 0
-1.00738 0
-1.00084 0
-0.994019 0
-0.980111 0
-0.973566 0
-0.967021 0
-0.960204 0
-0.953659 0
-0.946841 0
-0.940296 0
-0.933479 0
-0.926934 0
-0.920116 0
-0.913571 0
-0.906753 0
-0.900208 0
-0.89339 0
-0.886845 0
-0.880028 0
-0.873483 0
-0.866665 0
-0.86012 0
-0.853302 0
-0.846757 0
-0.83994 0
-0.833395 0
-0.826577 0
-0.820032 0
-0.8833 0.31175
-0.877028 0.312
-0.87021 0.312
-0.863665 0.312
-0.856848 0.313
-0.850303 0.313
-0.843485 0.31225
-0.83694 0.312
-0.82985 0.31175
-0.823577 0.312
-0.816759 0.313
-0.810214 0.313
-0.80367 0.3135
-0.797125 0.314
-0.79058 0.31525
-0.78458 0.318
-0.778035 0.31825
-0.77149 0.319
-0.764127 0.3165
-0.757037 0.314
-0.750219 0.314
-0.673043 0
-0.666225 0
-0.65968 0
-0.652862 0
-0.646317 0
-0.639499 0
-0.632954 0
-0.626137 0
-0.619592 0
-0.612774 0
-0.606229 0
-0.599411 0
-0.592867 0
-0.687223 0.56475
-0.680678 0.565
-0.673588 0.56025
-0.66677 0.557
-0.65968 0.5525
-0.652862 0.549
-0.645772 0.545
-0.638954 0.541
-0.631864 0.53725
-0.625046 0.534
-0.617956 0.52975
-0.611138 0.526
-0.604048 0.522
-0.59723 0.519
-0.59014 0.5165
-0.583322 0.513
-0.576231 0.51025
-0.569413 0.507
-0.562323 0.50325
-0.555778 0.501
-0.548688 0.50025
-0.534507 0.495
-0.527689 0.4915
-0.520871 0.489
-0.513781 0.48625
-0.506964 0.484
-0.500146 0.48075
-0.493056 0.479
-0.486511 0.477
-0.47942 0.474
-0.472603 0.472
-0.465785 0.469
-0.458694 0.46725
-0.451876 0.465
-0.445059 0.46225
-0.437969 0.46
-0.431423 0.4575
-0.424333 0.456
-0.417516 0.454
-0.410698 0.452
-0.40388 0.45075
-0.397063 0.449
-0.390518 0.44775
-0.383427 0.446
-0.376609 0.4435
-0.369519 0.44
-0.362701 0.4395
-0.356156 0.438
-0.349066 0.43675
-0.342521 0.435
-0.33543 0.43275
-0.328613 0.432
-0.322068 0.4305
-0.314977 0.429
-0.308432 0.428
-0.301615 0.426
-0.294797 0.42625
-0.288252 0.426
-0.281162 0.42525
-0.185987 0
-0.179442 0
-0.172624 0
-0.166079 0
-0.159534 0
-0.152716 0
-0.146171 0
-0.139354 0
-0.132809 0
-0.126263 0
-0.119446 0
-0.112901 0
-0.106356 0
-0.185714 0.4045
-0.179169 0.405
-0.172351 0.405
-0.0796307 0
-0.0730856 0
-0.0662678 0
-0.0597232 0
-0.0529054 0
-0.0463603 0
-0.0398153 0
-0.0329974 0
-0.0264528 0
-0.0199078 0
-0.01309 0
-0.00654489 0
0.000272708 0
0.00681769 0
0.0133627 0
-0.109083 2.11225
-0.102538 2.112
-0.0959933 2.10925
-0.0891755 2.108
-0.0826305 2.105
-0.0758126 2.102
-0.0689948 2.0975
-0.0624502 2.094
-0.0556324 2.09375
0.0799034 0
0.086721 0
0.100902 0
0.107447 0
0.113992 0
0.0117264 0.70975
0.0182714 0.71
0.0250891 0.707
0.0319068 0.704
0.0387245 0.702
0.0455422 0.699
0.0523599 0.69675
0.0591776 0.694
0.0659953 0.69175
0.0725402 0.689
0.0796307 0.684
0.0864483 0.679
0.0935387 0.6745
0.100084 0.671
0.106901 0.66975
0.113719 0.67
0.120264 0.66825
0.127082 0.667
0.133899 0.663
0.140717 0.66
0.147535 0.6575
0.154353 0.655
0.16117 0.65275
0.167988 0.652
0.174533 0.65175
0.181351 0.652
0.187896 0.6525
0.194713 0.652
0.201531 0.6475
0.208349 0.643
0.215166 0.63925
0.221984 0.637
0.228802 0.63725
0.235074 0.638
0.241892 0.638
0.248709 0.637
0.255527 0.6335
0.262345 0.631
0.269163 0.62925
0.27598 0.627
0.282798 0.62725
0.289343 0.627
0.296161 0.626
0.302706 0.625
0.309523 0.624
0.316341 0.622
0.322886 0.62075
0.329704 0.619
0.336521 0.61675
0.343339 0.615
0.349884 0.616
0.356702 0.618
0.363247 0.617
0.370064 0.616
0.376609 0.61525
0.383427 0.615
0.389972 0.61525
0.39679 0.615
0.403607 0.6115
0.410698 0.608
0.417243 0.6075
0.527689 0
0.421061 0.82525
0.427606 0.826
0.434423 0.82925
0.440968 0.833
0.447513 0.837
0.454058 0.84
0.460603 0.8465
0.466876 0.853
0.473421 0.86125
0.479966 0.869
0.486238 0.88375
0.49251 0.899
0.499328 0.8985
0.621228 0
0.628046 0
0.64059 0
0.517599 2.18325
0.524144 2.184
0.530689 2.1895
0.537234 2.194
0.544052 2.1985
0.550597 2.202
0.557142 2.20725
0.563687 2.214
0.570232 2.22025
0.576777 2.227
0.583322 2.2335
0.589867 2.24
0.596684 2.245
0.603229 2.251
0.609774 2.25875
0.616319 2.268
0.622864 2.27425
0.629682 2.28
0.635954 2.289
0.642499 2.298
0.649044 2.305
0.655862 2.312
0.662407 2.32025
0.668952 2.33
0.675497 2.33925
0.682042 2.35
0.688587 2.36
0.695132 2.369
0.701677 2.379
0.708495 2.388
0.71504 2.39425
0.721585 2.401
0.72813 2.41575
0.734402 2.43
0.74122 2.485
0.747492 2.54
0.754037 2.552
0.760582 2.563
0.767399 2.56675
0.773944 2.571
0.780489 2.57025
0.917934 0
0.788671 6.4645
0.795216 6.464
0.801761 6.464
0.944387 0
0.951204 0
