0.968112 0
0.85003 2.472
0.856575 2.47175
0.993747 0
1.00056 0
1.00711 0
1.01393 0
1.02047 0
1.02729 0
1.03383 0
1.04038 0
1.0472 0
1.05374 0
1.06056 0
1.06711 0
1.07392 0
1.08047 0
1.08729 0
1.09383 0
1.10038 0
1.10719 0
1.11374 0
1.12056 0
1.1271 0
1.13392 0
1.14046 0
1.14728 0
1.15383 0
1.16037 0
1.16719 0
1.17373 0
1.18055 0
1.1871 0
1.19391 0
1.20046 0
1.20728 0
1.21382 0
1.22037 0
1.22718 0
1.23373 0
1.24055 0
1.24709 0
1.25391 0
1.26046 0
1.26727 0
1.27382 0
1.28036 0
1.28718 0
1.29373 0
1.30054 0
1.30709 0
1.31391 0
1.32045 0
1.32727 0
1.33381 0
1.34036 0
1.34718 0
1.35372 0
1.36054 0
1.36708 0
1.3739 0
1.38045 0
1.38726 0
1.39381 0
1.40035 0
1.40717 0
1.40444 0.1665
1.41154 0.166
1.41944 0.1645
1.42735 0.163
1.43581 0.16075
1.44317 0.16
1.4519 0.15775
1.45899 0.157
1.46717 0.1555
1.47371 0.155
1.48053 0.155
1.48817 0.154
1.49607 0.15275
1.50344 0.152
1.51053 0.15175
1.52525 0.151
1.5318 0.151
1.53943 0.15
1.5468 0.14925
1.55362 0.149
1.56125 0.14825
1.56698 0.149
1.5738 0.149
1.58143 0.148
1.58743 0.1485
1.59479 0.148
1.60161 0.14775
1.60925 0.147
1.61552 0.14725
1.62261 0.147
1.62943 0.1465
1.6357 0.147
1.64197 0.1475
1.64797 0.148
1.65561 0.14725
1.66134 0.148
1.66897 0.14725
1.6747 0.148
1.6807 0.1485
1.68806 0.148
1.69406 0.1485
1.70033 0.149
1.7066 0.14925
1.71288 0.15
1.71969 0.14975
1.72597 0.15
1.73278 0.15
1.73824 0.151
1.74506 0.151
1.75078 0.152
1.75787 0.15175
1.76306 0.153
1.76933 0.15325
1.77451 0.155
1.78051 0.156
1.78733 0.156
1.79305 0.157
1.79905 0.158
1.80451 0.15925
1.81023 0.16
1.81651 0.16075
1.82196 0.162
1.82769 0.1635
1.83287 0.165
1.83887 0.166
1.84459 0.167
1.84978 0.16875
1.85496 0.171
1.85959 0.17375
1.86478 0.176
1.87132 0.176
1.8945 0
1.90105 0
1.90759 0
1.91441 0
1.92095 0
1.92777 0
1.93432 0
1.94113 0
1.94768 0
1.95422 0
1.96104 0
1.96759 0
1.9744 0
1.98095 0
1.98777 0
1.99431 0
2.00086 0
2.00767 0
2.01422 0
2.02104 0
2.02758 0
2.0344 0
2.04094 0
2.04776 0
2.06167 0
2.06822 0
2.07476 0
2.08158 0
2.08812 0
1.96377 2.52525
1.97059 2.526
1.97713 2.5125
1.98395 2.498
1.99077 2.496
1.99731 2.494
2.00386 2.49975
2.0104 2.505
2.01695 2.50475
2.15466 0
2.16121 0
2.16775 0
2.05513 1.08
2.06167 1.08
2.06822 1.0795
2.19448 0
2.0843 0.94425
2.09112 0.945
2.09794 0.93375
2.10476 0.923
2.11212 0.908
2.11894 0.892
2.12548 0.8935
2.1323 0.894
2.13939 0.87025
2.14703 0.847
2.15357 0.84325
2.16039 0.839
2.16721 0.8335
2.17403 0.828
2.18084 0.8225
2.18766 0.818
2.19448 0.81325
2.20102 0.809
2.20811 0.80625
2.21466 0.803
2.22148 0.8
2.22829 0.797
2.23538 0.7835
2.24248 0.771
2.24902 0.77325
2.25557 0.775
2.26211 0.78275
2.26838 0.791
2.27493 0.791
2.39383 0
2.31229 0.4205
2.31883 0.421
2.32565 0.42075
2.42028 0
2.4271 0
2.43364 0
2.44019 0
2.44701 0
2.36819 0.39925
2.37474 0.4
2.38101 0.4025
2.38728 0.405
2.39492 0.3985
2.40255 0.391
2.40937 0.38825
2.41674 0.385
2.42328 0.38525
2.42983 0.386
2.43583 0.3915
2.44128 0.398
2.4481 0.398
2.54 0
2.465 0.37225
2.47182 0.373
2.47809 0.37475
2.48409 0.377
2.49064 0.38
2.49691 0.382
2.50346 0.3825
2.51764 0.382
2.52473 0.37725
2.53209 0.373
2.53891 0.372
2.54573 0.371
2.55227 0.372
2.55882 0.372
2.56618 0.36925
2.573 0.368
2.57954 0.36725
2.58636 0.368
2.59372 0.362
2.60136 0.357
2.60763 0.3585
2.61445 0.359
2.62099 0.35925
2.70717 0
2.71371 0
2.72026 0
2.64554 0.37275
2.65208 0.373
2.6589 0.373
2.66517 0.374
2.67199 0.3735
2.67853 0.374
2.68535 0.37475
2.69135 0.377
2.69762 0.38025
2.7039 0.384
2.71099 0.3805
2.71835 0.376
2.72571 0.3715
2.73335 0.366
2.73989 0.36625
2.82716 0
2.83371 0
2.84025 0
2.77344 0.32825
2.77998 0.328
2.7868 0.328
2.79307 0.329
2.79989 0.3295
2.80616 0.33
2.81325 0.32925
2.81952 0.33
2.82607 0.33075
2.83261 0.332
2.83916 0.3315
2.84625 0.331
2.8528 0.3305
2.85989 0.329
2.8667 0.32825
2.87379 0.327
2.88061 0.32575
2.88743 0.324
2.89452 0.3225
2.90161 0.32
2.9087 0.3185
2.91552 0.317
2.92288 0.31525
2.92943 0.315
2.93652 0.31375
2.94306 0.314
2.94961 0.3135
2.95642 0.314
2.96297 0.314
2.96951 0.315
2.97606 0.31475
2.9826 0.316
2.98915 0.31675
2.99569 0.317
3.00224 0.318
3.00851 0.319
3.01506 0.3195
3.0216 0.32
3.02842 0.32025
3.03496 0.32
3.04178 0.32025
3.04805 0.321
3.05487 0.32075
3.06742 0.321
3.07396 0.321
3.08078 0.32
3.0876 0.32025
3.09414 0.32
3.10123 0.31875
3.10778 0.319
3.11459 0.3185
3.12141 0.317
3.1285 0.316
3.13505 0.316
-3.14105 0.31525
-3.1345 0.315
-3.12741 0.31425
-3.12059 0.313
-3.11378 0.3125
-3.10696 0.311
-3.09987 0.3105
-3.09332 0.31
-3.08596 0.30775
-3.07887 0.305
-3.07205 0.30525
-3.06551 0.305
-3.05842 0.3045
-2.98342 0
-3.03415 0.2635
-3.0276 0.264
-3.02051 0.26225
-3.01369 0.262
-3.00688 0.26125
-3.00033 0.262
-2.99378 0.2625
-2.98697 0.262
-2.98042 0.2625
-2.9736 0.262
-2.96651 0.26075
-2.95915 0.259
-2.95233 0.25825
-2.94524 0.257
-2.9387 0.257
-2.87652 0
-2.91743 0.235
-2.91061 0.235
-2.90379 0.23425
-2.8967 0.234
-2.89043 0.23425
-2.88334 0.234
-2.87679 0.234
-2.87052 0.235
-2.86425 0.236
-2.85743 0.236
-2.85116 0.23675
-2.84489 0.238
-2.83861 0.23825
-2.83261 0.24
-2.82607 0.2405
-2.82007 0.242
-2.8138 0.244
-2.8078 0.245
-2.80125 0.24625
-2.79553 0.248
-2.78925 0.24975
-2.78353 0.252
-2.77644 0.2515
-2.71644 0
-2.70962 0
-2.70308 0
-2.74971 0.2515
-2.74317 0.251
-2.73771 0.25575
-2.7328 0.26
-2.72708 0.26375
-2.72217 0.269
-2.71535 0.269
-2.64963 0
-2.64281 0
-2.63627 0
-2.62945 0
-2.6229 0
-2.61608 0
-2.65072 0.235
-2.64417 0.235
-2.6379 0.236
-2.6319 0.23775
-2.6259 0.239
-2.61936 0.23975
-2.61363 0.242
-2.6079 0.245
-2.6019 0.247
-2.59645 0.2505
-2.591 0.254
-2.58527 0.25675
-2.58009 0.261
-2.57491 0.26575
-2.56945 0.27
-2.56291 0.2705
-2.49664 0
-2.49009 0
-2.48328 0
-2.54436 0.3005
-2.53754 0.301
-2.53209 0.30525
-2.52636 0.31
-2.51955 0.30925
-2.44346 0
-2.51518 0.355
-2.50864 0.355
-2.50209 0.3555
-2.41674 0
-2.40992 0
-2.40337 0
-2.39656 0
-2.39001 0
-2.38319 0
-2.37665 0
-2.3701 0
-2.36328 0
-2.35674 0
-2.34992 0
-2.46555 1.25675
-2.45873 1.257
-2.45246 1.26075
-2.44564 1.266
-2.4391 1.2685
-2.43228 1.271
-2.42573 1.2735
-2.41919 1.277
-2.41264 1.28125
-2.4061 1.285
-2.39928 1.28825
-2.39274 1.293
-2.38592 1.2965
-2.37965 1.301
-2.37283 1.305
-2.36628 1.309
-2.35947 1.31325
-2.35292 1.318
-2.34638 1.32225
-2.33983 1.328
-2.33329 1.333
-2.32647 1.337
-2.31992 1.3425
-2.31338 1.348
-2.30683 1.35325
-2.30002 1.358
-2.29347 1.36425
-2.28693 1.37
-2.28038 1.375
-2.27384 1.381
-2.26702 1.387
-2.26075 1.393
-2.25366 1.39225
-2.1233 0
-2.11648 0
-2.10994 0
-2.10312 0
-2.09658 0
-2.08976 0
-2.08321 0
-2.0764 0
-2.11185 0.24
-2.10394 0.23675
-2.09576 0.233
-2.08785 0.23
-2.0794 0.226
-2.07149 0.223
-2.06358 0.221
-2.05649 0.21975
-2.04994 0.22
-2.04313 0.22025
-2.03658 0.22
-2.02949 0.2195
-2.02295 0.22
-2.0164 0.22
-2.00958 0.22
-2.00222 0.21875
-1.99567 0.219
-1.98858 0.21825
-1.98149 0.218
-1.97522 0.2185
-1.96813 0.218
-1.96159 0.2185
-1.95477 0.218
-1.94822 0.21825
-1.94168 0.219
-1.93541 0.21925
-1.92886 0.22
-1.92232 0.2205
-1.91577 0.221
-1.90895 0.2205
-1.90132 0.219
-1.89368 0.21675
-1.88659 0.216
-1.87896 0.21425
-1.87241 0.214
-1.86478 0.2125
-1.85768 0.212
-1.85032 0.2105
-1.8435 0.21
-1.83587 0.20875
-1.82905 0.208
-1.82169 0.20725
-1.81432 0.206
-1.80723 0.205
-1.80042 0.205
-1.79387 0.2055
-1.78705 0.205
-1.78051 0.20525
-1.77342 0.205
-1.76715 0.20525
-1.7606 0.206
-1.75378 0.206
-1.74778 0.207
-1.74151 0.208
-1.73524 0.209
-1.72869 0.20925
-1.72188 0.209
-1.71506 0.20925
-1.70851 0.209
-1.70279 0.2115
-1.69761 0.215
-1.69079 0.214
-1.68397 0.214
-1.67552 0.21075
-1.66761 0.208
-1.66024 0.20675
-1.65343 0.207
-1.64661 0.2065
-1.64006 0.207
-1.63352 0.2075
-1.6267 0.207
-1.61961 0.20625
-1.61307 0.207
-1.60652 0.20675
-1.5997 0.207
-1.59289 0.207
-1.58634 0.207
-1.57925 0.2065
-1.57271 0.207
-1.56562 0.2065
-1.55116 0.206
-1.54462 0.206
-1.53807 0.206
-1.53153 0.20575
-1.52498 0.206
-1.51762 0.20475
-1.51107 0.205
-1.50453 0.205
-1.49853 0.206
-1.49226 0.2065
-1.48517 0.206
-1.47917 0.20675
-1.47262 0.207
-1.46635 0.20775
-1.46062 0.209
-1.45353 0.2085
-1.44671 0.208
-1.44044 0.2085
-1.43362 0.208
-1.42653 0.20725
-1.41972 0.207
-1.4129 0.20625
-1.40608 0.206
-1.39899 0.205
-1.39245 0.205
-1.38617 0.206
-1.38017 0.207
-1.37363 0.20725
-1.36817 0.209
-1.36163 0.20925
-1.31881 0
-1.31227 0
-1.30572 0
-1.29918 0
-1.29263 0
-1.28582 0
-1.27927 0
-1.27273 0
-1.26618 0
-1.25964 0
-1.25282 0
-1.24627 0
-1.23973 0
-1.23318 0
-1.22664 0
-1.21982 0
-1.21328 0
-1.20673 0
-1.20019 0
-1.19364 0
-1.18682 0
-1.18028 0
-1.17373 0
-1.29863 2.6845
-1.29209 2.684
-1.28527 2.6845
-1.14728 0
-1.14074 0
-1.13419 0
-1.12765 0
-1.12083 0
-1.11428 0
-1.10774 0
-1.10119 0
-1.09465 0
-1.08783 0
-1.08129 0
-1.07474 0
-1.0682 0
-1.06165 0
-1.05483 0
-1.04829 0
-1.04174 0
-1.0352 0
-1.02865 0
-1.02184 0
-1.01529 0
-1.00875 0
-1.0022 0
-0.995383 0
-0.981202 0
-0.974657 0
-0.968112 0
-0.961294 0
-0.954749 0
-1.07938 2.707
-1.07283 2.707
-1.06601 2.71075
-1.05947 2.714
-1.05265 2.71425
-0.914662 0
-0.907844 0
-0.901299 0
-0.894481 0
-0.887936 0
-0.881119 0
-0.874574 0
-0.867756 0
-0.861211 0
-0.854393 0
-0.847848 0
-0.84103 0
-0.834485 0
-0.827668 0
-0.821123 0
-0.814305 0
-0.80776 0
-0.801215 0
-0.794398 0
-0.787853 0
-0.781035 0
-0.77449 0
-0.767672 0
-0.761127 0
-0.754309 0
-0.747764 0
-0.740947 0
-0.734402 0
-0.727584 0
-0.837485 0.9395
-0.830668 0.939
-0.824123 0.9395
-0.700859 0
-0.811578 0.96975
-0.80476 0.97
-0.798215 0.96925
-0.674134 0
-0.667589 0
-0.660771 0
-0.654226 0
-0.647408 0
-0.640863 0
-0.634045 0
-0.6275 0
-0.620955 0
-0.614138 0
-0.607593 0
-0.600775 0
-0.59423 0
-0.587412 0
-0.580868 0
-0.57405 0
-0.567505 0
-0.560687 0
-0.554142 0
-0.633227 0.4025
-0.626682 0.402
-0.620138 0.404
-0.613865 0.407
-0.607047 0.40675
-0.514054 0
-0.507236 0
-0.500691 0
-0.493873 0
-0.487329 0
-0.480511 0
-0.473966 0
-0.467148 0
-0.460603 0
-0.453786 0
-0.439877 0
-0.433333 0
-0.426788 0
-0.526599 0.65625
-0.520054 0.656
-0.512963 0.6505
-0.506145 0.646
-0.499055 0.6395
-0.492237 0.634
-0.48542 0.63125
-0.478602 0.628
-0.471784 0.62375
-0.464694 0.619
-0.457876 0.6155
-0.450786 0.611
-0.443968 0.607
-0.436878 0.603
-0.43006 0.59875
-0.423515 0.596
-0.416425 0.59275
-0.409607 0.589
-0.402789 0.586
-0.395972 0.582
-0.388881 0.579
-0.382064 0.576
-0.374973 0.57275
-0.368155 0.569
-0.36161 0.56525
-0.35452 0.563
-0.347702 0.56
-0.340885 0.558
-0.334067 0.5545
-0.326977 0.552
-0.320159 0.54925
-0.313341 0.547
-0.306524 0.54375
-0.299706 0.541
-0.292615 0.5375
-0.28607 0.535
-0.279253 0.5355
-0.173442 0
-0.166624 0
-0.160079 0
-0.229074 0.33925
-0.222802 0.34
-0.215712 0.33725
-0.208621 0.336
-0.201804 0.3345
-0.194441 0.332
-0.187623 0.33
-0.18026 0.328
-0.173442 0.32625
-0.166352 0.325
-0.159262 0.32325
-0.152716 0.322
-0.145626 0.321
-0.138535 0.319
-0.131445 0.3175
-0.1249 0.317
-0.117537 0.31475
-0.110447 0.313
-0.103356 0.31125
-0.0965384 0.31
-0.0894483 0.3075
-0.0823577 0.306
-0.0749944 0.3035
-0.0673588 0.3
-0.0608137 0.29975
-0.0542687 0.301
-0.0477241 0.30025
-0.0406335 0.299
-0.0338157 0.2985
-0.0269979 0.297
-0.0199078 0.2965
-0.01309 0.295
-0.00572664 0.29275
0.00109083 0.292
0.00845394 0.28975
0.0152716 0.289
0.0220893 0.28825
0.035452 0.287
0.041997 0.287
0.0488147 0.286
0.0559051 0.28425
0.0632682 0.282
0.0700859 0.28175
0.0769036 0.281
0.0834486 0.281
0.090539 0.28
0.0973566 0.2785
0.10472 0.277
0.111265 0.27625
0.118082 0.276
0.125173 0.27475
0.131991 0.274
0.139081 0.273
0.145899 0.272
0.152444 0.2715
0.159807 0.27
0.166624 0.26925
0.173442 0.269
0.181078 0.26575
0.188168 0.264
0.194986 0.264
0.201258 0.265
0.208076 0.2645
0.214894 0.264
0.221711 0.26275
0.228802 0.262
0.235892 0.26075
0.242437 0.261
0.249255 0.26
0.2558 0.26
0.262617 0.2605
0.26889 0.261
0.276526 0.25875
0.283343 0.258
0.290434 0.25625
0.297251 0.256
0.303796 0.256
0.310887 0.255
0.317704 0.2545
0.324795 0.254
0.331885 0.25225
0.338703 0.251
0.345793 0.25075
0.351793 0.252
0.358883 0.251
0.365428 0.251
0.371973 0.2515
0.378791 0.251
0.385609 0.25075
0.392699 0.25
0.399244 0.24975
0.405789 0.25
0.412879 0.249
0.419424 0.249
0.426242 0.249
0.43306 0.248
0.44015 0.24675
0.446968 0.247
0.45324 0.24725
0.460331 0.247
0.467148 0.246
0.473693 0.246
0.480511 0.246
0.487056 0.246
0.494419 0.24475
0.501237 0.244
0.507509 0.24475
0.514054 0.245
0.520872 0.2445
0.527417 0.245
0.534507 0.244
0.541052 0.244
0.547597 0.24425
0.554415 0.244
0.561232 0.24375
0.567777 0.244
0.574595 0.24375
0.587412 0.243
0.593957 0.24325
0.600502 0.244
0.606775 0.2445
0.613865 0.244
0.62041 0.244
0.626682 0.245
0.6335 0.24525
0.640045 0.245
0.647135 0.24425
0.653408 0.245
0.660498 0.2445
0.66677 0.245
0.673588 0.2455
0.680406 0.245
0.686951 0.24525
0.693496 0.246
0.700041 0.24575
0.706858 0.246
0.713403 0.246
0.720221 0.246
0.726766 0.247
0.733311 0.247
0.740129 0.24675
0.746128 0.248
0.752946 0.24825
0.759218 0.249
0.766309 0.2485
0.773126 0.248
0.779671 0.2485
0.786216 0.249
0.793034 0.24825
0.852212 0
0.858757 0
0.865574 0
0.872392 0
0.878937 0
0.885755 0
0.8923 0
0.899117 0
0.905662 0
0.91248 0
0.919298 0
0.925843 0
0.93266 0
0.939205 0
0.946023 0
0.952841 0
