0.833667 2.449
0.846212 2.468
0.852484 2.5285
0.859029 2.588
0.865847 2.59525
0.872665 2.602
0.87921 2.60225
1.0172 0
1.02402 0
1.03084 0
1.03738 0
1.0442 0
1.05102 0
1.05783 0
1.06438 0
1.0712 0
1.07801 0
1.08483 0
1.09138 0
1.09819 0
1.10501 0
1.11183 0
1.11837 0
1.12519 0
1.13201 0
1.13883 0
1.14537 0
1.15219 0
1.15901 0
1.16583 0
1.17264 0
1.17919 0
1.18601 0
1.19282 0
1.19964 0
1.20619 0
1.213 0
1.21982 0
1.22664 0
1.23318 0
1.24 0
1.24682 0
1.25364 0
1.26018 0
1.267 0
1.27382 0
1.28064 0
1.28718 0
1.294 0
1.30082 0
1.30763 0
1.31418 0
1.321 0
1.32781 0
1.33463 0
1.34145 0
1.34799 0
1.35481 0
1.36163 0
1.36845 0
1.37499 0
1.38181 0
1.38863 0
1.39545 0
1.40199 0
1.40881 0
1.40581 0.167
1.41263 0.167
1.42135 0.1645
1.42926 0.163
1.43717 0.16175
1.44535 0.16
1.45408 0.15775
1.46144 0.157
1.46962 0.1555
1.47644 0.155
1.48353 0.1545
1.49089 0.154
1.49935 0.15225
1.50644 0.152
1.5138 0.15125
1.52825 0.151
1.53562 0.15025
1.54243 0.15
1.54925 0.1495
1.55634 0.149
1.56289 0.149
1.57052 0.148
1.57789 0.14725
1.58361 0.148
1.59098 0.14725
1.5967 0.148
1.60379 0.1475
1.61116 0.147
1.6177 0.147
1.62425 0.147
1.63079 0.14675
1.63734 0.147
1.64361 0.14725
1.65043 0.147
1.65643 0.1475
1.66243 0.148
1.66843 0.1485
1.67552 0.148
1.68315 0.14725
1.68888 0.148
1.6957 0.14775
1.70088 0.149
1.7066 0.15
1.71315 0.15
1.71915 0.1505
1.72624 0.15
1.73197 0.15075
1.73824 0.151
1.74424 0.15175
1.75078 0.152
1.75678 0.1525
1.76278 0.153
1.76796 0.1545
1.77396 0.155
1.78024 0.15575
1.78651 0.156
1.79278 0.15625
1.79796 0.158
1.80314 0.1595
1.80914 0.16
1.81487 0.161
1.82087 0.162
1.82632 0.16325
1.83232 0.164
1.83805 0.16525
1.84296 0.167
1.84923 0.1675
1.86587 0
1.87241 0
1.87896 0
1.8855 0
1.89205 0
1.89886 0
1.90541 0
1.91195 0
1.9185 0
1.92504 0
1.93159 0
1.93813 0
1.94468 0
1.95122 0
1.95777 0
1.96431 0
1.97113 0
1.97768 0
1.98422 0
1.99077 0
1.99731 0
2.00386 0
2.0104 0
2.01695 0
2.02349 0
2.03004 0
2.03658 0
2.0434 0
2.05758 0
2.06412 0
2.07067 0
2.07749 0
2.08403 0
1.95968 2.5325
1.9665 2.533
1.97304 2.51775
1.97959 2.503
1.98668 2.49775
1.99322 2.493
1.99977 2.4925
2.13721 0
2.14376 0
2.1503 0
2.04476 0.794
2.05131 0.794
2.0584 0.79125
2.06494 0.79
2.07203 0.77525
2.07912 0.761
2.08594 0.755
2.09276 0.749
2.09958 0.75
2.10612 0.751
2.11239 0.75375
2.11921 0.757
2.12576 0.76075
2.13203 0.765
2.13857 0.7685
2.14512 0.771
2.15166 0.7745
2.15821 0.779
2.16475 0.78225
2.1713 0.787
2.17784 0.79025
2.18412 0.795
2.19093 0.798
2.19721 0.802
2.20375 0.8055
2.2103 0.808
2.21684 0.81075
2.22339 0.815
2.22993 0.81725
2.23648 0.821
2.24275 0.825
2.24957 0.829
2.25611 0.8285
2.37637 0
2.26756 0.89525
2.27411 0.895
2.28093 0.89675
2.28747 0.899
2.29374 0.901
2.30056 0.902
2.30711 0.909
2.31338 0.917
2.31992 0.92925
2.3262 0.941
2.33274 0.93825
2.33956 0.935
2.3461 0.937
2.35265 0.94
2.35947 0.9405
2.48246 0
2.48928 0
2.49582 0
2.37228 2.33575
2.3791 2.336
2.38565 2.30825
2.39219 2.282
2.39928 2.2575
2.40583 2.232
2.41265 2.207
2.41946 2.182
2.42601 2.15975
2.43283 2.139
2.43964 2.11775
2.44646 2.096
2.45328 2.09625
2.59645 0
2.60299 0
2.60954 0
2.61608 0
2.6229 0
2.54654 0.38225
2.55309 0.382
2.55827 0.392
2.56345 0.402
2.57027 0.4015
2.66272 0
2.66926 0
2.67581 0
2.68263 0
2.68917 0
2.61145 0.39125
2.61827 0.391
2.6259 0.38325
2.63354 0.376
2.64063 0.375
2.64745 0.373
2.65399 0.3725
2.66054 0.373
2.66735 0.37225
2.6739 0.373
2.68099 0.36925
2.68808 0.367
2.69653 0.356
2.70472 0.346
2.71208 0.344
2.71862 0.343
2.72544 0.34225
2.73199 0.343
2.73853 0.34375
2.74508 0.344
2.75162 0.3445
2.75817 0.345
2.76471 0.3455
2.77126 0.346
2.7778 0.34625
2.78435 0.347
2.79089 0.34725
2.79771 0.347
2.80425 0.346
2.8108 0.346
2.81762 0.346
2.82416 0.346
2.83098 0.34525
2.83807 0.344
2.84489 0.34275
2.8517 0.341
2.85852 0.3405
2.86534 0.339
2.87188 0.3385
2.87898 0.337
2.88579 0.33575
2.89234 0.336
2.89943 0.33525
2.90597 0.335
2.91252 0.3355
2.91879 0.336
2.92561 0.3365
2.93188 0.337
2.9387 0.33675
2.94524 0.337
2.95179 0.33725
2.95833 0.337
2.96515 0.337
2.9717 0.337
2.97851 0.3365
2.98533 0.336
2.99215 0.33525
2.99897 0.334
3.00578 0.33325
3.01233 0.333
3.01915 0.3325
3.02596 0.332
3.03251 0.3315
3.03933 0.33
3.04614 0.3305
3.0606 0.328
3.06742 0.327
3.07396 0.327
3.08105 0.32525
3.0876 0.325
3.09496 0.32325
3.1015 0.323
3.10805 0.322
3.11487 0.322
3.12141 0.322
3.1285 0.321
3.13532 0.31975
-3.14105 0.319
-3.13423 0.31825
-3.12741 0.318
-3.12032 0.316
-3.1135 0.315
-3.10669 0.314
-3.0996 0.313
-3.09305 0.31275
-3.01587 0
-3.00933 0
-3.00278 0
-3.05324 0.26325
-3.04696 0.264
-3.04015 0.2635
-3.03305 0.262
-3.02651 0.262
-3.01996 0.263
-3.01342 0.26275
-3.00633 0.262
-2.99978 0.26225
-2.93624 0
-2.92943 0
-2.92288 0
-2.96324 0.2345
-2.95697 0.235
-2.95042 0.235
-2.94388 0.236
-2.93761 0.23675
-2.93106 0.237
-2.92479 0.23775
-2.91797 0.238
-2.91197 0.2395
-2.9057 0.24
-2.89916 0.241
-2.89316 0.242
-2.88661 0.24275
-2.88088 0.245
-2.87516 0.24725
-2.86888 0.249
-2.86261 0.2495
-2.80289 0
-2.79634 0
-2.7898 0
-2.8348 0.247
-2.82825 0.247
-2.82334 0.25175
-2.81816 0.256
-2.81162 0.25625
-2.74971 0
-2.74317 0
-2.73635 0
-2.77289 0.2245
-2.76662 0.225
-2.76007 0.2255
-2.75353 0.226
-2.74644 0.22525
-2.74017 0.226
-2.73417 0.22675
-2.7279 0.228
-2.7219 0.2295
-2.71562 0.231
-2.70962 0.232
-2.70362 0.234
-2.6979 0.23625
-2.6919 0.238
-2.68617 0.24075
-2.68072 0.244
-2.6739 0.24375
-2.66326 0.249
-2.65754 0.25125
-2.65235 0.255
-2.64636 0.2575
-2.6409 0.261
-2.6349 0.2635
-2.6289 0.266
-2.62318 0.26875
-2.61745 0.272
-2.61199 0.27625
-2.60627 0.28
-2.59945 0.28
-2.53073 0
-2.52391 0
-2.51736 0
-2.51055 0
-2.504 0
-2.57382 0.3415
-2.567 0.342
-2.56127 0.34725
-2.55582 0.354
-2.549 0.35325
-2.46391 0
-2.45737 0
-2.45055 0
-2.44401 0
-2.43719 0
-2.43064 0
-2.42383 0
-2.41728 0
-2.41046 0
-2.40392 0
-2.39737 0
-2.39056 0
-2.38401 0
-2.49937 1.2415
-2.49282 1.241
-2.486 1.243
-2.47946 1.246
-2.47264 1.24875
-2.4661 1.252
-2.45928 1.25475
-2.45301 1.259
-2.44619 1.2615
-2.43964 1.265
-2.43283 1.2685
-2.42628 1.272
-2.41946 1.27525
-2.41319 1.28
-2.40665 1.28425
-2.39983 1.288
-2.39328 1.2925
-2.38647 1.296
-2.37992 1.3
-2.37337 1.304
-2.36683 1.30825
-2.36001 1.314
-2.35347 1.31775
-2.34665 1.322
-2.34038 1.3265
-2.33356 1.332
-2.32701 1.3365
-2.3202 1.341
-2.31392 1.34675
-2.30738 1.352
-2.30056 1.35825
-2.29402 1.364
-2.28747 1.3695
-2.28093 1.375
-2.27411 1.3805
-2.26756 1.386
-2.26075 1.39175
-2.25447 1.399
-2.24766 1.40525
-2.24111 1.412
-2.23457 1.4185
-2.22802 1.425
-2.2212 1.433
-2.21466 1.44
-2.20784 1.4405
-2.19557 1.454
-2.18902 1.46125
-2.18248 1.469
-2.17593 1.475
-2.16939 1.482
-2.16257 1.4905
-2.1563 1.5
-2.14948 1.50825
-2.14294 1.517
-2.13612 1.52425
-2.12985 1.533
-2.12303 1.542
-2.11648 1.551
-2.10994 1.561
-2.10339 1.57
-2.09658 1.58025
-2.0903 1.59
-2.08376 1.60025
-2.07694 1.61
-2.0704 1.62
-2.06385 1.63
-2.05731 1.6405
-2.05049 1.652
-2.04422 1.66325
-2.0374 1.674
-2.03085 1.68575
-2.02431 1.697
-2.01776 1.718
-2.01122 1.739
-2.0044 1.7265
-1.99758 1.714
-1.99104 1.72475
-1.98477 1.737
-1.97795 1.74825
-1.9714 1.76
-1.96486 1.7745
-1.95831 1.79
-1.9515 1.8085
-1.94522 1.826
-1.93841 1.83975
-1.93213 1.855
-1.92532 1.86975
-1.91877 1.884
-1.91223 1.904
-1.90568 1.923
-1.89886 1.941
-1.89259 1.958
-1.88577 1.97675
-1.8795 1.996
-1.87296 2.01725
-1.86614 2.038
-1.85987 2.06
-1.85305 2.081
-1.84678 2.1025
-1.83996 2.124
-1.83341 2.14575
-1.82687 2.167
-1.82032 2.19125
-1.81351 2.215
-1.80723 2.241
-1.80042 2.267
-1.79414 2.321
-1.7876 2.374
-1.78105 2.40325
-1.77478 2.434
-1.76796 2.46325
-1.76142 2.492
-1.75487 2.524
-1.74833 2.555
-1.74178 2.5915
-1.73524 2.629
-1.72842 2.66725
-1.72215 2.705
-1.71533 2.74175
-1.70906 2.78
-1.70224 2.822
-1.69597 2.865
-1.68915 2.871
-1.68261 2.876
-1.67579 2.8765
-1.66134 2.858
-1.65479 2.8505
-1.64825 2.842
-1.6417 2.83425
-1.63488 2.828
-1.62834 2.82775
-1.49007 0
-1.61388 2.465
-1.60734 2.465
-1.60079 2.465
-1.46335 0
-1.4568 0
-1.45026 0
-1.44344 0
-1.4369 0
-1.43035 0
-1.42353 0
-1.41699 0
-1.41044 0
-1.53398 2.40725
-1.52744 2.407
-1.52089 2.42075
-1.51435 2.436
-1.5078 2.436
-1.37063 0
-1.49526 2.7045
-1.48871 2.705
-1.48217 2.70175
-1.47535 2.698
-1.4688 2.69475
-1.46226 2.691
-1.45544 2.6875
-1.4489 2.685
-1.44235 2.682
-1.43553 2.68
-1.42899 2.67775
-1.42244 2.675
-1.41563 2.67175
-1.40908 2.67
-1.40254 2.671
-1.39572 2.671
-1.38917 2.669
-1.38236 2.667
-1.37554 2.66175
-1.36899 2.657
-1.36245 2.65525
-1.35563 2.653
-1.34909 2.6505
-1.34254 2.648
-1.33572 2.646
-1.32918 2.643
-1.32263 2.64275
-1.31581 2.644
-1.30927 2.64425
-1.30272 2.644
-1.29591 2.647
-1.28936 2.649
-1.28282 2.6485
-1.14483 0
-1.13828 0
-1.13174 0
-1.12492 0
-1.11837 0
-1.11183 0
-1.10501 0
-1.09847 0
-1.09192 0
-1.0851 0
-1.07856 0
-1.07201 0
-1.0652 0
-1.05865 0
-1.05211 0
-1.04529 0
-1.03874 0
-1.0322 0
-1.02538 0
-1.01884 0
-1.01229 0
-1.00547 0
-0.991292 0
-0.984748 0
-0.978203 0
-0.971385 0
-0.96484 0
-0.958022 0
-0.951477 0
-1.0761 2.70775
-1.06956 2.708
-1.06274 2.715
-1.0562 2.723
-1.04938 2.723
-0.911389 0
-0.904571 0
-0.898026 0
-0.891209 0
-0.884664 0
-0.878119 0
-0.871301 0
-0.864756 0
-0.857939 0
-0.851394 0
-0.844576 0
-0.838031 0
-0.831213 0
-0.824668 0
-0.81785 0
-0.811305 0
-0.804488 0
-0.797943 0
-0.791125 0
-0.78458 0
-0.778035 0
-0.771217 0
-0.764673 0
-0.881391 1.34825
-0.874846 1.348
-0.868028 1.34725
-0.737947 0
-0.731129 0
-0.724584 0
-0.717767 0
-0.711222 0
-0.704404 0
-0.697859 0
-0.808306 0.9705
-0.80176 0.97
-0.79467 0.9615
-0.787853 0.953
-0.781308 0.95225
-0.657771 0
-0.651226 0
-0.644408 0
-0.637863 0
-0.631046 0
-0.624501 0
-0.617683 0
-0.697859 0.40875
-0.691041 0.409
-0.684496 0.409
-0.590957 0
-0.584412 0
-0.577595 0
-0.57105 0
-0.564505 0
-0.643318 0.4015
-0.636772 0.401
-0.629955 0.40075
-0.53778 0
-0.530962 0
-0.524417 0
-0.517599 0
-0.511054 0
-0.504237 0
-0.497691 0
-0.490874 0
-0.484329 0
-0.477511 0
-0.470966 0
-0.464148 0
-0.45024 0
-0.443695 0
-0.43715 0
-0.430333 0
-0.423788 0
-0.523599 0.6545
-0.517054 0.654
-0.509963 0.64875
-0.503146 0.644
-0.496328 0.63925
-0.489238 0.634
-0.48242 0.63
-0.47533 0.625
-0.468512 0.621
-0.461421 0.617
-0.454603 0.61275
-0.448059 0.609
-0.440968 0.60575
-0.434151 0.602
-0.42706 0.5985
-0.420515 0.595
-0.413425 0.5915
-0.406607 0.588
-0.39979 0.58375
-0.392699 0.581
-0.385881 0.57725
-0.379064 0.574
-0.372246 0.5705
-0.365156 0.568
-0.35861 0.5655
-0.351793 0.562
-0.34443 0.55675
-0.337612 0.553
-0.330522 0.54825
-0.323704 0.543
-0.316886 0.5435
-0.21053 0
-0.203986 0
-0.197168 0
-0.269435 0.3565
-0.26289 0.357
-0.256072 0.35525
-0.248982 0.354
-0.242164 0.35225
-0.235347 0.351
-0.228257 0.35
-0.221711 0.349
-0.214348 0.347
-0.207803 0.346
-0.20044 0.34425
-0.193895 0.344
-0.187077 0.34275
-0.179987 0.341
-0.173442 0.3405
-0.166352 0.339
-0.159807 0.339
-0.152716 0.338
-0.145899 0.33625
-0.139354 0.336
-0.132263 0.33525
-0.125446 0.334
-0.118628 0.3335
-0.11181 0.332
-0.10472 0.331
-0.0981749 0.33
-0.0913571 0.32875
-0.0839937 0.327
-0.0774492 0.32625
-0.0706313 0.327
-0.0640863 0.3265
-0.0572684 0.326
-0.0507239 0.3265
-0.0441788 0.326
-0.037361 0.32625
-0.0308159 0.326
-0.0231803 0.32325
-0.0166352 0.322
-0.00954467 0.3215
-0.00299961 0.321
0.00381791 0.321
0.0166352 0.32
0.0231802 0.31975
0.0299978 0.319
0.0370882 0.318
0.0436332 0.317
0.0501782 0.317
0.0569959 0.318
0.0638136 0.31675
0.0703586 0.317
0.0769036 0.31725
0.0834486 0.317
0.0902663 0.317
0.0970839 0.316
0.103902 0.316
0.110719 0.315
0.117264 0.31525
0.124082 0.315
0.130627 0.31475
0.137717 0.314
0.144262 0.314
0.150807 0.314
0.157898 0.313
0.164715 0.311
0.171533 0.31125
0.177805 0.313
0.18435 0.31275
0.191168 0.313
0.197713 0.313
0.204258 0.313
0.210803 0.314
0.217348 0.314
0.224166 0.31375
0.230983 0.313
0.237528 0.31225
0.244346 0.313
0.250891 0.313
0.257709 0.313
0.263981 0.3135
0.270799 0.313
0.277616 0.31275
0.284161 0.313
0.291252 0.31175
0.297524 0.312
0.304069 0.3125
0.310614 0.314
0.316886 0.3145
0.323977 0.314
0.330249 0.31475
0.336794 0.315
0.343339 0.31575
0.349884 0.316
0.356974 0.3155
0.363247 0.316
0.369792 0.316
0.376609 0.316
0.383154 0.31575
0.389427 0.317
0.396517 0.31625
0.402789 0.317
0.409607 0.317
0.416152 0.318
0.422697 0.318
0.429515 0.318
0.435787 0.31825
0.442605 0.319
0.448877 0.31975
0.455422 0.32
0.46224 0.3205
0.468512 0.321
0.47533 0.3215
0.481602 0.322
0.488147 0.32225
0.494964 0.323
0.501237 0.32375
0.507782 0.325
0.514327 0.325
0.520599 0.326
0.527417 0.327
0.533962 0.327
0.540507 0.3275
0.552778 0.329
0.559051 0.33
0.565596 0.33
0.572141 0.33075
0.578958 0.331
0.585231 0.33275
0.591503 0.334
0.597775 0.336
0.603775 0.339
0.61032 0.3395
0.692678 0
0.699495 0
0.70604 0
0.712585 0
0.719403 0
0.725948 0
0.732493 0
0.739038 0
0.745856 0
0.752401 0
0.758946 0
0.765763 0
0.772308 0
0.778853 0
0.785398 0
0.662407 2.26825
0.668952 2.269
0.675497 2.27525
0.682315 2.281
0.688587 2.286
0.695132 2.29
0.701677 2.296
0.708495 2.303
0.71504 2.30925
0.721585 2.315
0.728402 2.32325
0.734947 2.332
0.741492 2.3405
0.748037 2.348
0.754582 2.3555
0.761127 2.363
0.767672 2.37325
0.77449 2.383
0.781035 2.38925
0.78758 2.397
0.794125 2.406
0.800942 2.414
0.807215 2.424
0.81376 2.434
0.820577 2.434
