0.845121 1.219
0.857666 1.213
0.863938 1.22875
0.87021 1.246
0.877573 1.219
0.884391 1.193
0.891209 1.1925
1.01911 0
1.02593 0
1.03247 0
1.03929 0
1.04583 0
1.05265 0
1.0592 0
1.06601 0
1.07256 0
1.07938 0
1.08592 0
1.09274 0
1.09928 0
1.1061 0
1.11265 0
1.11947 0
1.12601 0
1.13283 0
1.13937 0
1.14619 0
1.15274 0
1.15955 0
1.1661 0
1.17292 0
1.17946 0
1.18628 0
1.19282 0
1.19964 0
1.20619 0
1.213 0
1.21955 0
1.22637 0
1.23291 0
1.23973 0
1.24627 0
1.25309 0
1.25964 0
1.26645 0
1.273 0
1.27982 0
1.28636 0
1.29318 0
1.29972 0
1.30654 0
1.31309 0
1.31991 0
1.32645 0
1.33327 0
1.33981 0
1.34663 0
1.35318 0
1.35999 0
1.36654 0
1.37336 0
1.3799 0
1.38672 0
1.39326 0
1.40008 0
1.40663 0
1.41344 0
1.41999 0
1.42681 0
1.43335 0
1.44017 0
1.44671 0
1.45353 0
1.46008 0
1.46689 0
1.47344 0
1.48026 0
1.4868 0
1.49362 0
1.50016 0
1.50698 0
1.52116 0
1.52771 0
1.53425 0
1.54107 0
1.54762 0
1.55443 0
1.56098 0
1.5678 0
1.57434 0
1.58116 0
1.5877 0
1.59452 0
1.60107 0
1.60761 0
1.61443 0
1.49007 2.5655
1.49689 2.566
1.50344 2.56175
1.51026 2.558
1.5168 2.55775
1.65452 0
1.66106 0
1.66788 0
1.67443 0
1.68097 0
1.67061 0.177
1.67715 0.177
1.68506 0.1755
1.6927 0.174
1.70088 0.17225
1.70824 0.171
1.71615 0.16975
1.72242 0.17
1.73033 0.1685
1.73742 0.168
1.74397 0.168
1.75133 0.167
1.75869 0.16625
1.76551 0.166
1.77233 0.16575
1.77969 0.165
1.78624 0.165
1.79387 0.164
1.80042 0.164
1.80723 0.164
1.81487 0.16275
1.82114 0.163
1.82851 0.16225
1.8345 0.163
1.84132 0.163
1.84787 0.163
1.85469 0.163
1.86123 0.163
1.86832 0.16275
1.87377 0.164
1.88114 0.16325
1.88714 0.164
1.89341 0.1645
1.9005 0.164
1.90677 0.1645
1.91304 0.165
1.91986 0.16475
1.92641 0.165
1.93295 0.16525
1.93895 0.166
1.94468 0.167
1.9515 0.167
1.95777 0.1675
1.96404 0.168
1.96977 0.16925
1.97577 0.17
1.98204 0.17075
1.98831 0.171
1.99404 0.1725
2.00031 0.173
2.00604 0.1745
2.01231 0.175
2.01804 0.17625
2.02404 0.177
2.03085 0.17725
2.04313 0.18
2.04913 0.18075
2.05431 0.183
2.05949 0.1855
2.06494 0.187
2.0704 0.1895
2.07531 0.192
2.0824 0.19175
2.11539 0
2.04504 0.34525
2.05158 0.346
2.05785 0.3475
2.06467 0.348
2.07094 0.3495
2.07749 0.351
2.08376 0.35325
2.09003 0.356
2.09576 0.36025
2.10149 0.365
2.10939 0.3585
2.11703 0.352
2.12412 0.3515
2.20866 0
2.13939 0.34075
2.14594 0.341
2.15275 0.34075
2.1593 0.34
2.16584 0.34
2.17266 0.34
2.17921 0.3405
2.18602 0.34
2.19284 0.33975
2.19966 0.339
2.20648 0.33825
2.2133 0.338
2.21984 0.3375
2.22639 0.338
2.2332 0.338
2.23975 0.337
2.24684 0.33575
2.25338 0.336
2.2602 0.33625
2.26675 0.336
2.27356 0.336
2.27984 0.337
2.28611 0.339
2.29265 0.34
2.29865 0.34425
2.30465 0.348
2.31038 0.35325
2.31638 0.358
2.32265 0.3585
2.40883 0
2.41537 0
2.42192 0
2.42873 0
2.43528 0
2.4421 0
2.44864 0
2.45546 0
2.46201 0
2.36165 0.6655
2.36819 0.665
2.37501 0.66225
2.38183 0.661
2.38837 0.65975
2.39519 0.66
2.40174 0.66
2.40855 0.661
2.4151 0.6625
2.42192 0.664
2.42819 0.66625
2.43473 0.669
2.44128 0.67075
2.44782 0.674
2.45437 0.6765
2.46091 0.678
2.46773 0.68
2.47428 0.681
2.48109 0.6815
2.495 0.683
2.50155 0.684
2.50809 0.685
2.51491 0.68575
2.52146 0.686
2.52827 0.68675
2.53455 0.688
2.54136 0.6885
2.54791 0.689
2.55473 0.6895
2.56127 0.691
2.56809 0.69175
2.57463 0.693
2.58091 0.69425
2.58772 0.695
2.59427 0.6975
2.60109 0.7
2.60736 0.704
2.6139 0.708
2.6199 0.72375
2.6259 0.741
2.63217 0.74925
2.63872 0.758
2.64526 0.7605
2.65154 0.763
2.65835 0.7655
2.6649 0.768
2.67144 0.77125
2.67799 0.774
2.68453 0.77725
2.69108 0.78
2.69735 0.7915
2.70362 0.803
2.71017 0.8145
2.71617 0.825
2.72244 0.84025
2.72871 0.855
2.73526 0.85475
2.85634 0
2.86289 0
2.8697 0
2.75189 1.4345
2.75871 1.435
2.76526 1.4285
2.77207 1.423
2.77889 1.41675
2.78544 1.411
2.79225 1.40625
2.7988 1.403
2.80562 1.397
2.81243 1.392
2.81925 1.388
2.8258 1.383
2.83261 1.37875
2.83916 1.374
2.84598 1.36975
2.8528 1.366
2.85934 1.361
2.86616 1.357
2.8727 1.3535
2.87952 1.35
2.88607 1.34525
2.89316 1.342
2.8997 1.33775
2.90652 1.334
2.91306 1.33
2.91988 1.327
2.92643 1.3235
2.93324 1.319
2.94006 1.31625
2.94661 1.313
2.95342 1.30975
2.95997 1.306
2.96679 1.303
2.9736 1.3
2.98042 1.2965
2.98697 1.294
2.99379 1.29175
3.00033 1.289
3.00715 1.28925
3.01996 1.284
3.02651 1.282
3.03333 1.28
3.04015 1.27725
3.04696 1.275
3.05351 1.27175
3.06033 1.27
3.06714 1.268
3.07369 1.266
3.08051 1.264
3.08705 1.262
3.09387 1.25925
3.10069 1.257
3.1075 1.25425
3.11432 1.252
3.12087 1.251
3.12768 1.251
3.13423 1.249
3.14105 1.248
-3.13532 1.24675
-3.12878 1.247
-3.12196 1.24475
-3.11541 1.244
-3.10859 1.243
-3.10205 1.241
-3.09523 1.241
-3.08841 1.24
-3.08187 1.23925
-3.07478 1.238
-3.06823 1.23675
-3.06142 1.236
-3.0546 1.236
-3.04805 1.235
-3.04124 1.234
-3.03469 1.234
-3.02787 1.23325
-3.02133 1.234
-3.01451 1.23475
-3.00769 1.235
-3.00115 1.2355
-2.99433 1.235
-2.98779 1.2345
-2.98097 1.234
-2.97415 1.23475
-2.96761 1.236
-2.96079 1.23575
-2.95424 1.237
-2.94742 1.2365
-2.94088 1.235
-2.93406 1.236
-2.92724 1.236
-2.9207 1.23525
-2.91388 1.236
-2.90734 1.23575
-2.90052 1.237
-2.8937 1.2385
-2.88716 1.239
-2.88034 1.239
-2.87407 1.24
-2.86725 1.23975
-2.8607 1.24
-2.85389 1.24125
-2.84707 1.243
-2.84052 1.2445
-2.83371 1.245
-2.82716 1.2465
-2.82034 1.248
-2.81353 1.25025
-2.80698 1.253
-2.80016 1.25375
-2.79362 1.255
-2.7868 1.257
-2.78025 1.258
-2.77344 1.2585
-2.76689 1.26
-2.76035 1.26225
-2.75353 1.264
-2.74698 1.26575
-2.74017 1.269
-2.73335 1.26825
-2.72053 1.273
-2.71399 1.2755
-2.70717 1.279
-2.7009 1.28075
-2.69408 1.283
-2.68753 1.28475
-2.68072 1.288
-2.67417 1.29
-2.66735 1.292
-2.66081 1.2955
-2.65399 1.299
-2.64772 1.30075
-2.6409 1.304
-2.63436 1.30575
-2.62754 1.309
-2.62099 1.312
-2.61418 1.316
-2.60763 1.32
-2.60109 1.323
-2.59454 1.32725
-2.58772 1.331
-2.58118 1.33425
-2.57436 1.338
-2.56782 1.342
-2.56127 1.345
-2.55473 1.3485
-2.54791 1.352
-2.54136 1.35725
-2.53455 1.362
-2.528 1.36525
-2.52146 1.37
-2.51491 1.3745
-2.50809 1.378
-2.50155 1.3825
-2.49473 1.386
-2.48846 1.39325
-2.48164 1.4
-2.4751 1.40325
-2.46828 1.407
-2.46173 1.412
-2.45519 1.418
-2.44864 1.424
-2.44182 1.431
-2.43528 1.43675
-2.42846 1.442
-2.42219 1.44775
-2.41537 1.455
-2.40883 1.4615
-2.40201 1.467
-2.39574 1.4735
-2.38892 1.481
-2.38237 1.48825
-2.37556 1.495
-2.36928 1.50175
-2.36247 1.508
-2.35592 1.515
-2.3491 1.521
-2.34283 1.5285
-2.33601 1.537
-2.32947 1.54475
-2.32265 1.552
-2.31638 1.56075
-2.30956 1.57
-2.30302 1.5785
-2.2962 1.586
-2.28993 1.594
-2.28311 1.603
-2.27656 1.61175
-2.26975 1.622
-2.26347 1.63125
-2.25666 1.64
-2.25011 1.6495
-2.24357 1.66
-2.23702 1.6695
-2.2302 1.68
-2.22366 1.68925
-2.21711 1.7
-2.21057 1.71025
-2.20375 1.722
-2.19693 1.72125
-2.1833 1.738
-2.17675 1.73975
-2.17021 1.743
-2.16339 1.7485
-2.15685 1.754
-2.15003 1.766
-2.14376 1.779
-2.13694 1.79225
-2.13039 1.807
-2.12385 1.82125
-2.1173 1.835
-2.11048 1.851
-2.10421 1.867
-2.09739 1.8825
-2.09112 1.899
-2.08431 1.91425
-2.07776 1.929
-2.07121 1.94625
-2.06467 1.963
-2.05785 1.981
-2.05158 1.999
-2.04476 2.0185
-2.03822 2.037
-2.03167 2.05625
-2.02513 2.075
-2.01831 2.09375
-2.01204 2.113
-2.00522 2.1345
-1.99895 2.157
-1.99213 2.18
-1.98558 2.202
-1.97904 2.22475
-1.97249 2.248
-1.96568 2.27075
-1.9594 2.294
-1.95259 2.3435
-1.94631 2.394
-1.93977 2.424
-1.93323 2.454
-1.92641 2.48225
-1.92013 2.511
-1.91332 2.54175
-1.90677 2.573
-1.90023 2.6045
-1.89368 2.635
-1.88714 2.669
-1.88059 2.702
-1.87377 2.73875
-1.8675 2.776
-1.86068 2.81525
-1.85414 2.854
-1.84732 2.8575
-1.84078 2.862
-1.83423 2.866
-1.82769 2.871
-1.8206 2.86075
-1.81405 2.852
-1.80723 2.84675
-1.80069 2.842
-1.79387 2.842
-1.65561 0
-1.77942 2.469
-1.77287 2.469
-1.76605 2.46825
-1.62888 0
-1.62207 0
-1.61552 0
-1.6087 0
-1.60216 0
-1.59534 0
-1.5888 0
-1.58198 0
-1.57543 0
-1.69897 2.40875
-1.69242 2.409
-1.68561 2.409
-1.54871 0
-1.67333 2.708
-1.66679 2.708
-1.65997 2.708
-1.64606 2.702
-1.63952 2.69725
-1.63297 2.692
-1.62616 2.6875
-1.61961 2.684
-1.61279 2.6825
-1.60625 2.68
-1.5997 2.67825
-1.59289 2.677
-1.58634 2.67125
-1.57925 2.667
-1.57271 2.665
-1.56589 2.663
-1.55934 2.662
-1.5528 2.66
-1.54598 2.65425
-1.53943 2.649
-1.53262 2.64825
-1.52607 2.648
-1.51953 2.646
-1.51271 2.643
-1.50616 2.641
-1.49935 2.638
-1.4928 2.63375
-1.48598 2.63
-1.47944 2.62775
-1.47289 2.627
-1.46608 2.6275
-1.45953 2.628
-1.45271 2.63
-1.44617 2.633
-1.43962 2.63275
-1.30163 0
-1.29509 0
-1.28827 0
-1.28173 0
-1.27491 0
-1.26836 0
-1.26182 0
-1.255 0
-1.24846 0
-1.24164 0
-1.23509 0
-1.22855 0
-1.22173 0
-1.21519 0
-1.20837 0
-1.20182 0
-1.19501 0
-1.18846 0
-1.18192 0
-1.1751 0
-1.16855 0
-1.16173 0
-1.15519 0
-1.14864 0
-1.14183 0
-1.13528 0
-1.12846 0
-1.12192 0
-1.1151 0
-1.10856 0
-1.10201 0
-1.22664 2.68325
-1.22009 2.684
-1.21328 2.6835
-1.07529 0
-1.06874 0
-1.06192 0
-1.05538 0
-1.04856 0
-1.04202 0
-1.0352 0
-1.02865 0
-1.02211 0
-1.01529 0
-1.00875 0
-1.00193 0
-0.995383 0
-0.988565 0
-0.974385 0
-0.96784 0
-0.961294 0
-0.954477 0
-0.947932 0
-1.06438 1.332
-1.05783 1.332
-1.05102 1.33125
-0.921207 0
-0.914389 0
-0.907844 0
-0.901026 0
-0.894481 0
-0.887664 0
-0.881119 0
-0.874301 0
-0.867756 0
-0.860938 0
-0.854393 0
-0.847575 0
-0.84103 0
-0.834213 0
-0.827668 0
-0.890936 0.31125
-0.884391 0.311
-0.877301 0.3105
-0.871028 0.311
-0.864483 0.311
-0.857666 0.311
-0.851121 0.31125
-0.844576 0.312
-0.837758 0.31175
-0.831213 0.312
-0.824668 0.312
-0.81785 0.313
-0.811305 0.313
-0.80476 0.314
-0.798488 0.31525
-0.791943 0.316
-0.785671 0.31775
-0.779671 0.321
-0.773399 0.322
-0.766581 0.322
-0.759764 0.3215
-0.680678 0
-0.74831 0.33025
-0.741492 0.33
-0.734675 0.32875
-0.727311 0.327
-0.720766 0.3265
-0.64059 0
-0.634045 0
-0.627228 0
-0.620683 0
-0.614138 0
-0.60732 0
-0.600775 0
-0.593957 0
-0.587412 0
-0.681769 0.5615
-0.675224 0.562
-0.668134 0.55825
-0.661316 0.554
-0.654226 0.54975
-0.647408 0.546
-0.640318 0.5425
-0.633227 0.538
-0.626137 0.5345
-0.619319 0.53
-0.612229 0.52675
-0.605411 0.523
-0.598321 0.51925
-0.591503 0.516
-0.584412 0.5125
-0.577595 0.51
-0.570504 0.5065
-0.563959 0.504
-0.556869 0.50075
-0.550052 0.498
-0.543234 0.49775
-0.528508 0.492
-0.52169 0.48925
-0.5146 0.487
-0.507782 0.4835
-0.500691 0.481
-0.493873 0.4795
-0.487056 0.477
-0.479966 0.47375
-0.473148 0.472
-0.46633 0.46925
-0.45924 0.467
-0.452695 0.4655
-0.445604 0.463
-0.438241 0.46
-0.431696 0.458
-0.424606 0.45625
-0.417788 0.454
-0.410698 0.45175
-0.404153 0.451
-0.397063 0.4495
-0.390245 0.447
-0.383427 0.4465
-0.376882 0.445
-0.369519 0.44125
-0.362428 0.439
-0.355611 0.43675
-0.348793 0.436
-0.342248 0.435
-0.335158 0.433
-0.32834 0.432
-0.32125 0.43
-0.314705 0.42925
-0.307887 0.428
-0.301069 0.42625
-0.293979 0.425
-0.287707 0.4285
-0.281434 0.432
-0.274617 0.432
-0.178623 0
-0.171806 0
-0.165261 0
-0.158443 0
-0.151898 0
-0.14508 0
-0.138535 0
-0.131718 0
-0.1249 0
-0.118355 0
-0.111537 0
-0.104993 0
-0.0981749 0
-0.0916298 0
-0.084812 0
-0.0782669 0
-0.0714496 0
-0.0649045 0
-0.0580867 0
-0.0512689 0
-0.0447243 0
-0.0379065 0
-0.0313614 0
-0.0245436 0
-0.0179985 0
-0.0111812 0
-0.00463611 0
0.00218166 0
0.00872665 0
0.0155443 0
0.022362 0
0.028907 0
0.0357247 0
0.0422697 0
0.0490874 0
-0.0509961 0.65725
-0.0441788 0.657
-0.0376337 0.65675
-0.0308159 0.657
-0.0242708 0.658
-0.0177258 0.66
-0.0109084 0.6595
0.00190895 0.661
0.00845394 0.66025
0.0149989 0.661
0.0218166 0.6595
0.0286343 0.658
0.0351793 0.6595
0.0417243 0.661
0.0482693 0.66475
0.0548142 0.668
0.0613592 0.66875
0.0681769 0.669
0.0747219 0.6685
0.0815396 0.669
0.0880846 0.669
0.0946296 0.668
0.101175 0.67125
0.10772 0.675
0.114265 0.67675
0.12081 0.679
0.127354 0.678
0.134172 0.678
0.140717 0.679
0.147535 0.68
0.15408 0.68175
0.160625 0.685
0.16717 0.68625
0.173442 0.689
0.18026 0.6885
0.186805 0.689
0.193622 0.6915
0.200167 0.693
0.20644 0.69425
0.213257 0.697
0.219802 0.69825
0.226347 0.701
0.232892 0.702
0.23971 0.702
0.246255 0.704
0.252527 0.707
0.259345 0.70875
0.26589 0.712
0.272708 0.71225
0.279253 0.712
0.285525 0.7135
0.292343 0.714
0.298888 0.7175
0.305433 0.721
0.311978 0.72275
0.318523 0.726
0.325068 0.72725
0.331613 0.73
0.33843 0.73
0.454876 0
0.461694 0
0.468239 0
0.36161 0.82
0.368428 0.82
0.374973 0.82175
0.381518 0.825
0.388063 0.82825
0.394881 0.831
0.401153 0.835
0.407698 0.838
0.414516 0.842
0.420788 0.845
0.427606 0.85025
0.433878 0.855
0.440423 0.86025
0.446968 0.866
0.45324 0.873
0.459785 0.88
0.46633 0.8805
0.58823 0
0.594775 0
0.60132 0
0.608138 0
0.614683 0
0.491965 2.16525
0.49851 2.165
0.505327 2.16525
0.518145 2.176
0.52469 2.18175
0.531235 2.189
0.53778 2.193
0.544325 2.198
0.551142 2.202
0.557687 2.207
0.564232 2.21375
0.570504 2.222
0.577322 2.22725
0.583867 2.234
0.590412 2.24
0.596957 2.247
0.603775 2.2535
0.61032 2.26
0.616865 2.26775
0.62341 2.277
0.629682 2.28525
0.6365 2.293
0.643045 2.3005
0.64959 2.308
0.656135 2.316
0.662952 2.323
0.669497 2.33175
0.676042 2.342
0.682315 2.35025
0.689132 2.358
0.695677 2.368
0.702222 2.377
0.708767 2.388
0.715585 2.399
0.721857 2.43025
0.728402 2.462
0.734947 2.49375
0.74122 2.526
0.748037 2.541
0.754582 2.557
0.761127 2.568
0.767672 2.578
0.77449 2.57775
0.911935 0
0.782398 6.42425
0.788943 6.425
0.795761 6.4245
0.938387 0
0.823032 1.2255
0.829577 1.226
0.836394 1.2255
