0.965658 0
0.849212 2.492
0.855757 2.49175
0.992929 0
0.999474 0
1.00602 0
1.01284 0
1.01938 0
1.02593 0
1.03247 0
1.03902 0
1.04583 0
1.05238 0
1.05892 0
1.06547 0
1.07229 0
1.07883 0
1.08538 0
1.09192 0
1.09847 0
1.10528 0
1.11183 0
1.11837 0
1.12492 0
1.13146 0
1.13828 0
1.14483 0
1.15137 0
1.15792 0
1.16473 0
1.17128 0
1.17782 0
1.18437 0
1.19091 0
1.19773 0
1.20428 0
1.21082 0
1.21737 0
1.22391 0
1.23073 0
1.23727 0
1.24382 0
1.25036 0
1.25718 0
1.26373 0
1.27027 0
1.27682 0
1.28336 0
1.29018 0
1.29673 0
1.30327 0
1.30982 0
1.31636 0
1.32318 0
1.32972 0
1.33627 0
1.34281 0
1.34963 0
1.35618 0
1.36272 0
1.36927 0
1.37581 0
1.38263 0
1.38917 0
1.39572 0
1.40226 0
1.40881 0
1.41563 0
1.41372 0.1655
1.42053 0.165
1.42844 0.1635
1.43717 0.161
1.44562 0.15875
1.45299 0.158
1.4609 0.15625
1.46771 0.156
1.47508 0.155
1.48271 0.154
1.48926 0.154
1.49662 0.153
1.50316 0.1535
1.51844 0.152
1.52635 0.1505
1.53344 0.15
1.53998 0.15025
1.5468 0.15
1.55471 0.14875
1.56098 0.149
1.5678 0.149
1.57543 0.148
1.58225 0.148
1.5888 0.148
1.59643 0.14725
1.60216 0.148
1.60898 0.14775
1.61661 0.147
1.62261 0.1475
1.62997 0.147
1.63679 0.1465
1.64334 0.147
1.64961 0.14725
1.65561 0.148
1.66297 0.14725
1.66897 0.148
1.67552 0.148
1.68206 0.148
1.68779 0.149
1.69433 0.149
1.70142 0.14875
1.7077 0.149
1.71479 0.14875
1.72024 0.15
1.72651 0.1505
1.73251 0.151
1.73933 0.151
1.74506 0.152
1.75078 0.15275
1.75733 0.153
1.76415 0.15275
1.76987 0.154
1.77642 0.154
1.78214 0.155
1.78814 0.156
1.79414 0.157
1.80014 0.15775
1.80587 0.159
1.81214 0.15925
1.81705 0.161
1.82278 0.1625
1.82878 0.163
1.8345 0.1645
1.83969 0.166
1.84514 0.16775
1.85087 0.169
1.8555 0.17175
1.86041 0.174
1.86559 0.1765
1.86968 0.18
1.87623 0.18
1.90214 0
1.90868 0
1.9155 0
1.92204 0
1.92886 0
1.93541 0
1.94222 0
1.94877 0
1.95559 0
1.96213 0
1.96868 0
1.97549 0
1.98204 0
1.98886 0
1.9954 0
2.00222 0
2.00876 0
2.01558 0
2.02213 0
2.02895 0
2.03549 0
2.04231 0
2.05513 0
2.06167 0
2.06822 0
2.07503 0
2.08158 0
2.0884 0
2.09494 0
1.97086 2.51425
1.9774 2.514
1.98422 2.5045
1.99104 2.496
1.99786 2.4975
2.00413 2.5
2.01095 2.50225
2.01749 2.506
2.02431 2.50575
2.16175 0
2.1683 0
2.17512 0
2.06085 1.1505
2.06767 1.151
2.07449 1.139
2.08158 1.127
2.08812 1.12675
2.2152 0
2.22175 0
2.22857 0
2.11839 0.94575
2.12521 0.946
2.13203 0.9355
2.13912 0.925
2.14566 0.926
2.15221 0.927
2.15957 0.90125
2.16694 0.875
2.17375 0.87125
2.18057 0.868
2.18739 0.864
2.19393 0.861
2.20102 0.8555
2.20784 0.851
2.21439 0.85125
2.3352 0
2.34201 0
2.34856 0
2.35538 0
2.36192 0
2.28202 0.40875
2.28856 0.409
2.29511 0.4085
2.30193 0.409
2.30956 0.401
2.31747 0.393
2.32265 0.40325
2.32811 0.414
2.33492 0.41125
2.34201 0.41
2.3491 0.405
2.35647 0.401
2.36356 0.3965
2.37119 0.391
2.37719 0.39525
2.38347 0.399
2.39056 0.39575
2.39737 0.392
2.40474 0.389
2.41183 0.385
2.41919 0.382
2.42601 0.38
2.43283 0.37975
2.43937 0.379
2.44564 0.38375
2.4511 0.39
2.45955 0.3795
2.46746 0.37
2.47428 0.37
2.48109 0.369
2.48818 0.36775
2.49473 0.367
2.50155 0.36675
2.51409 0.369
2.51955 0.376
2.525 0.383
2.53236 0.38025
2.53918 0.377
2.54654 0.37375
2.55363 0.371
2.56018 0.372
2.56672 0.372
2.57354 0.37
2.58091 0.368
2.58745 0.36675
2.59427 0.367
2.60081 0.36725
2.60763 0.368
2.61472 0.3645
2.62154 0.362
2.62863 0.361
2.63517 0.361
2.6409 0.36775
2.64608 0.376
2.65263 0.37775
2.65863 0.381
2.66545 0.38
2.67226 0.38
2.67881 0.379
2.68563 0.379
2.69217 0.37925
2.69899 0.379
2.70581 0.37875
2.71208 0.38
2.71835 0.384
2.72435 0.387
2.7328 0.3755
2.74099 0.365
2.74808 0.36425
2.8348 0
2.76771 0.32825
2.77453 0.328
2.78107 0.328
2.78816 0.327
2.79444 0.328
2.80125 0.328
2.8078 0.32825
2.81434 0.328
2.82116 0.32775
2.82743 0.329
2.83425 0.329
2.84052 0.33
2.84734 0.33
2.85416 0.329
2.86098 0.32775
2.86807 0.327
2.87488 0.32525
2.88197 0.324
2.88879 0.323
2.89588 0.321
2.9027 0.3195
2.90979 0.317
2.91688 0.31575
2.92397 0.314
2.93106 0.31275
2.93761 0.312
2.94443 0.3125
2.95097 0.312
2.95752 0.312
2.96433 0.313
2.9706 0.31375
2.97742 0.314
2.98369 0.31475
2.99051 0.315
2.99706 0.3155
3.00333 0.316
3.01015 0.316
3.01642 0.317
3.02296 0.31825
3.02951 0.319
3.03633 0.31875
3.0426 0.32
3.04969 0.31925
3.0636 0.32
3.07014 0.32025
3.07669 0.32
3.08378 0.319
3.09032 0.319
3.09687 0.319
3.10396 0.318
3.1105 0.31725
3.11705 0.317
3.12414 0.31575
3.13068 0.316
3.1375 0.3145
-3.13859 0.314
-3.13205 0.3135
-3.12523 0.313
-3.11841 0.31225
-3.11187 0.312
-3.10478 0.31025
-3.09796 0.31
-3.09141 0.3095
-3.0846 0.309
-3.07723 0.3065
-3.07014 0.304
-3.06333 0.30325
-2.98833 0
-2.98179 0
-2.97524 0
-3.02542 0.26225
-3.01915 0.263
-3.01233 0.262
-3.00551 0.262
-2.99869 0.2615
-2.99242 0.262
-2.98533 0.26125
-2.97906 0.262
-2.97224 0.26125
-2.96542 0.261
-2.95861 0.26
-2.95124 0.258
-2.94279 0.253
-2.93488 0.249
-2.92806 0.24875
-2.86888 0
-2.86234 0
-2.85552 0
-2.89588 0.23375
-2.88934 0.234
-2.88279 0.2345
-2.87598 0.234
-2.86998 0.235
-2.86316 0.235
-2.85661 0.23525
-2.85089 0.237
-2.8438 0.23675
-2.8378 0.238
-2.8318 0.2395
-2.82552 0.241
-2.81952 0.242
-2.81325 0.243
-2.80671 0.24375
-2.80098 0.246
-2.79498 0.24775
-2.78871 0.249
-2.78189 0.248
-2.7748 0.247
-2.76771 0.246
-2.76035 0.244
-2.75408 0.24425
-2.69626 0
-2.74398 0.25375
-2.73744 0.254
-2.73199 0.2575
-2.7268 0.262
-2.72026 0.262
-2.65645 0
-2.6499 0
-2.64336 0
-2.63654 0
-2.62999 0
-2.62318 0
-2.65617 0.234
-2.6499 0.2345
-2.64336 0.235
-2.63708 0.23575
-2.63081 0.237
-2.62454 0.23775
-2.61827 0.239
-2.61199 0.241
-2.60627 0.243
-2.60027 0.2455
-2.59481 0.248
-2.58936 0.25175
-2.58391 0.255
-2.57818 0.25875
-2.57272 0.263
-2.56754 0.267
-2.56182 0.271
-2.55636 0.2745
-2.55064 0.279
-2.54518 0.28375
-2.54027 0.29
-2.53482 0.29525
-2.52991 0.302
-2.52336 0.3025
-2.44864 0
-2.44182 0
-2.43501 0
-2.42846 0
-2.42164 0
-2.4151 0
-2.40828 0
-2.40146 0
-2.39492 0
-2.3881 0
-2.38156 0
-2.37474 0
-2.36819 0
-2.36138 0
-2.35456 0
-2.34801 0
-2.3412 0
-2.4571 1.261
-2.45028 1.261
-2.44346 1.26375
-2.43692 1.267
-2.4301 1.27025
-2.42355 1.273
-2.41674 1.278
-2.41046 1.282
-2.40365 1.286
-2.39683 1.291
-2.39028 1.29475
-2.38347 1.298
-2.37719 1.30325
-2.37038 1.308
-2.36356 1.3115
-2.35701 1.316
-2.35019 1.3205
-2.34392 1.324
-2.3371 1.32825
-2.33056 1.334
-2.32374 1.33875
-2.3172 1.345
-2.31065 1.35
-2.30383 1.354
-2.29729 1.3585
-2.29047 1.364
-2.28393 1.36975
-2.27738 1.377
-2.27056 1.38275
-2.26402 1.39
-2.2572 1.3895
-2.12685 0
-2.12003 0
-2.11321 0
-2.1623 0.258
-2.15548 0.258
-2.14785 0.25425
-2.14021 0.252
-2.13312 0.25125
-2.11594 0.244
-2.10749 0.23875
-2.09958 0.235
-2.09276 0.2345
-2.03876 0
-2.03222 0
-2.02567 0
-2.05922 0.2175
-2.05213 0.217
-2.04531 0.21675
-2.03849 0.216
-2.03194 0.21575
-2.02458 0.215
-2.01831 0.2155
-2.01204 0.216
-2.00549 0.216
-1.99867 0.216
-1.99158 0.21475
-1.98504 0.215
-1.97849 0.21525
-1.97168 0.215
-1.9654 0.2155
-1.95859 0.215
-1.9515 0.2145
-1.94522 0.215
-1.93868 0.21475
-1.93268 0.216
-1.92586 0.21575
-1.91986 0.217
-1.91304 0.2165
-1.90677 0.217
-1.89968 0.2165
-1.89232 0.215
-1.8855 0.21425
-1.87814 0.213
-1.87077 0.21125
-1.86368 0.21
-1.85632 0.2085
-1.84923 0.208
-1.84187 0.2065
-1.83505 0.206
-1.82769 0.20425
-1.8206 0.204
-1.81405 0.20375
-1.80696 0.203
-1.80042 0.203
-1.79305 0.202
-1.78651 0.202
-1.77996 0.202
-1.77369 0.20275
-1.76715 0.203
-1.76087 0.20325
-1.7546 0.204
-1.74806 0.2045
-1.74178 0.205
-1.73551 0.2055
-1.69488 0
-1.72133 0.20375
-1.71479 0.204
-1.70933 0.20575
-1.70442 0.209
-1.69897 0.212
-1.69351 0.214
-1.68697 0.214
-1.6417 0
-1.63516 0
-1.62861 0
-1.65561 0.20425
-1.64906 0.205
-1.64279 0.20525
-1.63597 0.205
-1.62943 0.205
-1.62261 0.205
-1.61579 0.2045
-1.60952 0.205
-1.6027 0.20425
-1.59616 0.205
-1.58989 0.20525
-1.58307 0.205
-1.57652 0.20525
-1.56207 0.205
-1.55525 0.20425
-1.54843 0.204
-1.54189 0.2045
-1.53507 0.204
-1.52825 0.204
-1.52171 0.204
-1.51462 0.20325
-1.50835 0.204
-1.50126 0.20325
-1.49498 0.204
-1.48789 0.2035
-1.48053 0.202
-1.47453 0.2035
-1.46935 0.206
-1.46308 0.20675
-1.45708 0.208
-1.44999 0.20675
-1.44317 0.207
-1.43608 0.206
-1.42926 0.206
-1.42272 0.206
-1.41535 0.205
-1.40826 0.20375
-1.40144 0.204
-1.39463 0.20325
-1.38754 0.203
-1.38099 0.203
-1.37417 0.203
-1.3679 0.2035
-1.3619 0.205
-1.35645 0.20725
-1.35099 0.209
-1.34418 0.20925
-1.33818 0.21
-1.33136 0.2105
-1.28827 0
-1.28145 0
-1.27491 0
-1.26809 0
-1.26155 0
-1.25473 0
-1.24818 0
-1.24137 0
-1.23482 0
-1.228 0
-1.22146 0
-1.21464 0
-1.20809 0
-1.20155 0
-1.19473 0
-1.18819 0
-1.18137 0
-1.17482 0
-1.16801 0
-1.16146 0
-1.15464 0
-1.1481 0
-1.14128 0
-1.13474 0
-1.12792 0
-1.12137 0
-1.11456 0
-1.10801 0
-1.10147 0
-1.09465 0
-1.0881 0
-1.08129 0
-1.07474 0
-1.06792 0
-1.06138 0
-1.05456 0
-1.04802 0
-1.0412 0
-1.03465 0
-1.02784 0
-1.02129 0
-1.01447 0
-1.00793 0
-1.00111 0
-0.988565 0
-0.98202 0
-0.975203 0
-0.968658 0
-0.96184 0
-0.955295 0
-0.948478 0
-1.07338 2.7105
-1.06656 2.71
-1.06002 2.70925
-0.921752 0
-0.915207 0
-0.908389 0
-0.901844 0
-0.895027 0
-0.888481 0
-0.881664 0
-0.874846 0
-0.868301 0
-0.861483 0
-0.854939 0
-0.848121 0
-0.841576 0
-0.834758 0
-0.828213 0
-0.821396 0
-0.814851 0
-0.808033 0
-0.801488 0
-0.79467 0
-0.788125 0
-0.781308 0
-0.77449 0
-0.891754 1.37825
-0.884937 1.378
-0.878392 1.3785
-0.747764 0
-0.741219 0
-0.734402 0
-0.727857 0
-0.721039 0
-0.714494 0
-0.707676 0
-0.701132 0
-0.694314 0
-0.687769 0
-0.680951 0
-0.674406 0
-0.667589 0
-0.660771 0
-0.654226 0
-0.647408 0
-0.640863 0
-0.634045 0
-0.6275 0
-0.620683 0
-0.614138 0
-0.60732 0
-0.600775 0
-0.593957 0
-0.587412 0
-0.580595 0
-0.57405 0
-0.567232 0
-0.560414 0
-0.55387 0
-0.547052 0
-0.626137 0.4015
-0.619319 0.401
-0.612774 0.40075
-0.520326 0
-0.513781 0
-0.506964 0
-0.500418 0
-0.493601 0
-0.487056 0
-0.480238 0
-0.473693 0
-0.466875 0
-0.460058 0
-0.447241 0
-0.440696 0
-0.433878 0
-0.427333 0
-0.420515 0
-0.520054 0.64875
-0.513509 0.649
-0.506418 0.6455
-0.499328 0.641
-0.49251 0.637
-0.48542 0.632
-0.478329 0.62725
-0.471784 0.623
-0.464694 0.61875
-0.457603 0.614
-0.450786 0.6105
-0.443695 0.607
-0.436878 0.6035
-0.429787 0.599
-0.42297 0.59525
-0.416152 0.592
-0.409062 0.58875
-0.401971 0.585
-0.395153 0.581
-0.388336 0.578
-0.381245 0.5745
-0.374428 0.572
-0.367337 0.56825
-0.36052 0.566
-0.353702 0.56375
-0.346611 0.561
-0.339794 0.558
-0.332976 0.554
-0.325886 0.551
-0.319068 0.549
-0.31225 0.54575
-0.30516 0.544
-0.298342 0.54175
-0.291525 0.539
-0.284161 0.531
-0.276798 0.522
-0.269981 0.5215
-0.164988 0
-0.158443 0
-0.151625 0
-0.220893 0.34125
-0.214621 0.342
-0.207258 0.33925
-0.20044 0.338
-0.193077 0.335
-0.185987 0.333
-0.179169 0.3315
-0.172078 0.33
-0.164443 0.32725
-0.157898 0.326
-0.150534 0.32375
-0.143444 0.323
-0.136627 0.3215
-0.129536 0.32
-0.122446 0.3185
-0.115628 0.318
-0.108265 0.31475
-0.100902 0.313
-0.0940841 0.31075
-0.0869935 0.31
-0.0801762 0.309
-0.0728129 0.307
-0.0657228 0.305
-0.0586322 0.303
-0.0515416 0.30225
-0.0447243 0.302
-0.0379065 0.30075
-0.0308159 0.299
-0.0234531 0.2975
-0.016908 0.297
-0.0100902 0.2975
-0.00327236 0.297
0.00409062 0.29375
0.0114537 0.292
0.0185441 0.29125
0.0329976 0.29
0.040088 0.288
0.0469057 0.287
0.0537234 0.28575
0.0608138 0.285
0.0676315 0.28325
0.0744492 0.283
0.0812669 0.2815
0.0883573 0.281
0.0949023 0.2805
0.101993 0.279
0.109083 0.27775
0.115901 0.277
0.122173 0.27725
0.128991 0.277
0.136081 0.276
0.143172 0.274
0.149989 0.2725
0.157352 0.271
0.164443 0.26925
0.170988 0.269
0.178078 0.26725
0.184896 0.267
0.191986 0.266
0.198531 0.266
0.205349 0.2645
0.212439 0.264
0.218984 0.26375
0.225802 0.263
0.232892 0.26225
0.239437 0.262
0.246255 0.261
0.2528 0.261
0.259618 0.261
0.266163 0.261
0.273526 0.25875
0.280616 0.258
0.287434 0.25675
0.293979 0.257
0.301069 0.2555
0.307887 0.255
0.314705 0.2545
0.321522 0.254
0.32834 0.25325
0.335158 0.253
0.341975 0.25225
0.34852 0.252
0.355338 0.252
0.362156 0.251
0.368974 0.2505
0.375246 0.251
0.382336 0.25075
0.389154 0.25
0.395972 0.24875
0.402789 0.249
0.409334 0.249
0.415879 0.249
0.422424 0.249
0.429515 0.248
0.436332 0.24725
0.44315 0.247
0.449695 0.24675
0.456513 0.247
0.463058 0.2465
0.469875 0.246
0.476693 0.246
0.483238 0.246
0.489783 0.24575
0.496601 0.245
0.503691 0.24475
0.510509 0.244
0.517054 0.244
0.523871 0.244
0.530416 0.244
0.536961 0.244
0.543506 0.24375
0.550597 0.243
0.557142 0.24325
0.563687 0.243
0.570504 0.24325
0.584685 0.242
0.59123 0.2425
0.597503 0.243
0.60432 0.24225
0.610593 0.243
0.617137 0.24275
0.62341 0.244
0.629955 0.2435
0.6365 0.244
0.643317 0.244
0.649862 0.244
0.656407 0.24375
0.662952 0.244
0.66977 0.24325
0.676042 0.244
0.682587 0.2435
0.689132 0.244
0.69595 0.244
0.70195 0.245
0.708495 0.24525
0.71504 0.245
0.721857 0.24475
0.72813 0.245
0.734402 0.246
0.740947 0.246
0.747492 0.2465
0.754037 0.247
0.760582 0.24675
0.767127 0.247
0.773399 0.24725
0.779671 0.248
0.786216 0.2485
0.792489 0.249
0.799034 0.2495
0.858484 0
0.865029 0
0.871574 0
0.878119 0
0.884664 0
0.891209 0
0.897754 0
0.904571 0
0.911116 0
0.917661 0
0.924206 0
0.930751 0
0.937296 0
0.943841 0
0.950386 0
0.957204 0
