0.973294 0
0.865847 1.217
0.872119 1.22325
0.878664 1.231
0.885482 1.2265
0.892027 1.223
0.898845 1.2225
1.02729 0
1.03411 0
1.04065 0
1.04747 0
1.05402 0
1.06083 0
1.06738 0
1.0742 0
1.08074 0
1.08756 0
1.0941 0
1.10092 0
1.10747 0
1.11428 0
1.12083 0
1.12765 0
1.13419 0
1.14101 0
1.14755 0
1.15437 0
1.16092 0
1.16773 0
1.17428 0
1.1811 0
1.18764 0
1.19446 0
1.201 0
1.20782 0
1.21437 0
1.22119 0
1.22773 0
1.23455 0
1.24109 0
1.24791 0
1.25446 0
1.26127 0
1.26782 0
1.27464 0
1.28118 0
1.288 0
1.29454 0
1.30136 0
1.30791 0
1.31472 0
1.32127 0
1.32809 0
1.33463 0
1.34145 0
1.34799 0
1.35481 0
1.36136 0
1.36817 0
1.37472 0
1.38154 0
1.38808 0
1.3949 0
1.40144 0
1.40826 0
1.41481 0
1.42163 0
1.42817 0
1.43499 0
1.44153 0
1.44835 0
1.4549 0
1.46171 0
1.46826 0
1.47508 0
1.48162 0
1.48844 0
1.49498 0
1.5018 0
1.50835 0
1.51516 0
1.52934 0
1.53589 0
1.54243 0
1.54925 0
1.5558 0
1.56262 0
1.56916 0
1.57598 0
1.58252 0
1.58934 0
1.59589 0
1.6027 0
1.60925 0
1.48517 2.56825
1.49171 2.569
1.49853 2.5655
1.50507 2.563
1.51162 2.563
1.64934 0
1.65588 0
1.6627 0
1.66924 0
1.67606 0
1.66543 0.17725
1.6717 0.178
1.67988 0.17575
1.68724 0.175
1.69433 0.174
1.70279 0.172
1.70988 0.171
1.71751 0.17
1.72488 0.16875
1.73142 0.169
1.7396 0.16725
1.74615 0.167
1.75351 0.1665
1.76033 0.166
1.76796 0.165
1.77451 0.165
1.7816 0.16475
1.78869 0.164
1.79605 0.16325
1.80205 0.164
1.80887 0.164
1.81623 0.163
1.8236 0.1625
1.8296 0.163
1.83669 0.16275
1.84296 0.163
1.84923 0.16325
1.85632 0.163
1.86341 0.1625
1.86968 0.163
1.87541 0.164
1.88223 0.164
1.88905 0.16375
1.89559 0.164
1.90186 0.16425
1.90814 0.165
1.91523 0.1645
1.9215 0.165
1.92723 0.166
1.93404 0.166
1.94004 0.16675
1.94631 0.167
1.95313 0.16725
1.95913 0.168
1.9654 0.1685
1.97168 0.169
1.97795 0.1695
1.9834 0.171
1.98968 0.17175
1.99622 0.172
2.00277 0.17225
2.00795 0.174
2.01422 0.175
2.01995 0.176
2.0254 0.178
2.03113 0.179
2.03767 0.1795
2.04885 0.182
2.05431 0.18375
2.06031 0.185
2.06549 0.187
2.07067 0.19
2.07749 0.1895
2.10939 0
2.03931 0.34375
2.04613 0.344
2.05267 0.34425
2.05894 0.346
2.06549 0.347
2.07231 0.347
2.07831 0.3515
2.0843 0.355
2.09058 0.35825
2.0963 0.362
2.10394 0.35825
2.11103 0.355
2.11839 0.3505
2.12576 0.347
2.13285 0.3445
2.14021 0.341
2.14703 0.34025
2.15385 0.34
2.16066 0.33875
2.16748 0.339
2.17403 0.3395
2.18084 0.339
2.18739 0.3385
2.19448 0.338
2.20102 0.33725
2.20784 0.338
2.21439 0.33775
2.2212 0.337
2.22802 0.337
2.23457 0.337
2.24166 0.336
2.2482 0.336
2.25529 0.33525
2.26184 0.335
2.26866 0.33525
2.27493 0.336
2.28147 0.337
2.28802 0.338
2.29429 0.341
2.30056 0.343
2.30629 0.34775
2.31229 0.352
2.31802 0.35675
2.32401 0.362
2.32974 0.368
2.33547 0.374
2.34201 0.3745
2.43064 0
2.43719 0
2.44401 0
2.45082 0
2.45737 0
2.46419 0
2.47073 0
2.37065 0.66075
2.37719 0.661
2.38428 0.65925
2.39083 0.658
2.39765 0.6585
2.40419 0.659
2.41074 0.6605
2.41755 0.661
2.4241 0.66125
2.43092 0.663
2.43719 0.66575
2.44401 0.669
2.45028 0.6715
2.4571 0.674
2.46337 0.6765
2.47019 0.678
2.47673 0.67875
2.48355 0.68
2.49037 0.67975
2.50318 0.682
2.50946 0.68275
2.516 0.683
2.52282 0.684
2.52936 0.685
2.53618 0.6855
2.54273 0.687
2.54927 0.68675
2.55582 0.688
2.56236 0.68925
2.56918 0.69
2.57572 0.6915
2.58254 0.692
2.58909 0.694
2.59536 0.695
2.60218 0.69775
2.60872 0.7
2.61527 0.70025
2.73062 0
2.73717 0
2.74398 0
2.63954 0.759
2.64636 0.759
2.65263 0.7615
2.65945 0.763
2.66599 0.76575
2.67226 0.77
2.67908 0.77225
2.68563 0.775
2.69217 0.779
2.69872 0.783
2.70444 0.8
2.71071 0.816
2.71699 0.82575
2.72353 0.835
2.7298 0.84825
2.73608 0.863
2.74262 0.863
2.8637 0
2.87052 0
2.87707 0
2.75953 1.4265
2.76607 1.426
2.77262 1.42125
2.77971 1.417
2.78625 1.41125
2.79307 1.407
2.79962 1.4015
2.80643 1.397
2.81325 1.3925
2.8198 1.387
2.82662 1.38225
2.83316 1.377
2.83998 1.37325
2.84652 1.369
2.85334 1.364
2.86016 1.36
2.8667 1.356
2.87352 1.352
2.88007 1.34725
2.88716 1.344
2.8937 1.33975
2.90025 1.337
2.90706 1.3325
2.91361 1.329
2.92043 1.326
2.92697 1.323
2.93379 1.31925
2.94061 1.316
2.94715 1.31275
2.95397 1.309
2.96051 1.306
2.96733 1.303
2.97415 1.3
2.9807 1.297
2.98751 1.29375
2.99406 1.291
3.00088 1.28825
3.00742 1.286
3.01424 1.28575
3.02842 1.28
3.03524 1.2775
3.04178 1.276
3.0486 1.27375
3.05514 1.272
3.06196 1.26975
3.06851 1.267
3.07532 1.265
3.08187 1.264
3.08869 1.2615
3.09523 1.259
3.10232 1.25675
3.10887 1.255
3.11569 1.25425
3.12223 1.253
3.12905 1.252
3.13559 1.251
-3.14077 1.25
-3.13423 1.248
-3.12741 1.24675
-3.12087 1.245
-3.11405 1.24375
-3.1075 1.242
-3.10069 1.242
-3.09414 1.241
-3.08732 1.2405
-3.08051 1.239
-3.07396 1.23825
-3.06714 1.238
-3.0606 1.23775
-3.05378 1.238
-3.04724 1.2365
-3.04042 1.236
-3.03387 1.235
-3.02706 1.234
-3.02051 1.23425
-3.01369 1.234
-3.00715 1.23325
-3.00033 1.234
-2.99378 1.2335
-2.98697 1.234
-2.98042 1.2335
-2.9736 1.234
-2.96706 1.23675
-2.96024 1.239
-2.9537 1.23675
-2.94688 1.236
-2.94033 1.2355
-2.93352 1.236
-2.92697 1.236
-2.92015 1.235
-2.91361 1.23525
-2.90679 1.237
-2.90025 1.23675
-2.8937 1.238
-2.88688 1.238
-2.88034 1.239
-2.87379 1.2405
-2.86725 1.241
-2.86043 1.24175
-2.85389 1.243
-2.84707 1.24425
-2.84052 1.245
-2.83371 1.246
-2.82716 1.247
-2.82034 1.249
-2.8138 1.25
-2.80698 1.25225
-2.80044 1.254
-2.79362 1.25525
-2.78707 1.257
-2.78025 1.2575
-2.77398 1.259
-2.76716 1.2615
-2.76062 1.263
-2.7538 1.26575
-2.74726 1.268
-2.74044 1.27025
-2.73389 1.272
-2.72708 1.27225
-2.71317 1.277
-2.70662 1.27825
-2.69981 1.279
-2.69353 1.2825
-2.68672 1.286
-2.68017 1.2875
-2.67335 1.29
-2.66681 1.29225
-2.65999 1.296
-2.65345 1.29775
-2.6469 1.301
-2.64036 1.305
-2.63354 1.308
-2.62699 1.3115
-2.62018 1.314
-2.61363 1.31675
-2.60681 1.32
-2.60054 1.32275
-2.59372 1.327
-2.58718 1.331
-2.58036 1.334
-2.57382 1.338
-2.567 1.341
-2.56045 1.34425
-2.55391 1.349
-2.54736 1.35275
-2.54054 1.358
-2.53373 1.3625
-2.52718 1.367
-2.52064 1.3715
-2.51409 1.375
-2.50727 1.37875
-2.50073 1.382
-2.49391 1.38775
-2.48764 1.395
-2.48082 1.399
-2.47428 1.402
-2.46746 1.407
-2.46091 1.413
-2.45437 1.41875
-2.44782 1.424
-2.44101 1.42925
-2.43446 1.436
-2.42764 1.4425
-2.42137 1.449
-2.41455 1.456
-2.40801 1.463
-2.40119 1.46825
-2.39492 1.475
-2.3881 1.48075
-2.38156 1.487
-2.37474 1.4935
-2.36847 1.501
-2.36165 1.5085
-2.35483 1.516
-2.34829 1.52275
-2.34174 1.531
-2.3352 1.53775
-2.32838 1.545
-2.32183 1.553
-2.31529 1.56
-2.30874 1.569
-2.30193 1.578
-2.29538 1.58675
-2.28884 1.596
-2.28229 1.60475
-2.27547 1.614
-2.2692 1.6245
-2.26238 1.634
-2.25584 1.643
-2.24902 1.651
-2.24275 1.66025
-2.23593 1.671
-2.22939 1.68175
-2.22257 1.692
-2.2163 1.7025
-2.20948 1.713
-2.20293 1.719
-2.19611 1.726
-2.1893 1.7255
-2.17539 1.74
-2.16884 1.74325
-2.1623 1.748
-2.15548 1.7585
-2.14921 1.769
-2.14266 1.7825
-2.13585 1.796
-2.12957 1.80975
-2.12276 1.824
-2.11621 1.83825
-2.10994 1.853
-2.10312 1.868
-2.09658 1.883
-2.09003 1.898
-2.08349 1.913
-2.07694 1.92975
-2.0704 1.947
-2.06385 1.96525
-2.05703 1.983
-2.05076 2.0005
-2.04422 2.019
-2.0374 2.039
-2.03113 2.058
-2.02431 2.07625
-2.01776 2.095
-2.01149 2.11525
-2.00467 2.137
-1.9984 2.1595
-1.99186 2.181
-1.98504 2.202
-1.97877 2.224
-1.97195 2.24675
-1.9654 2.27
-1.95913 2.31425
-1.95259 2.359
-1.94604 2.3945
-1.9395 2.429
-1.93295 2.457
-1.92641 2.485
-1.91986 2.51325
-1.91332 2.541
-1.9065 2.57325
-1.90023 2.606
-1.89368 2.6395
-1.88714 2.672
-1.88059 2.708
-1.87377 2.745
-1.8675 2.78025
-1.86096 2.817
-1.85414 2.85625
-1.84787 2.897
-1.84105 2.887
-1.8345 2.878
-1.82796 2.87
-1.82114 2.863
-1.81432 2.85275
-1.80778 2.843
-1.80096 2.84225
-1.6627 0
-1.65588 0
-1.64934 0
-1.64279 0
-1.63597 0
-1.62943 0
-1.62261 0
-1.61607 0
-1.60952 0
-1.6027 0
-1.59616 0
-1.58934 0
-1.5828 0
-1.7066 2.4075
-1.69979 2.408
-1.69324 2.4015
-1.68642 2.396
-1.67988 2.39575
-1.54298 0
-1.53616 0
-1.52962 0
-1.5228 0
-1.64006 2.696
-1.63352 2.6905
-1.6267 2.686
-1.62016 2.68425
-1.61334 2.684
-1.60679 2.68025
-1.59998 2.676
-1.59343 2.6735
-1.58661 2.671
-1.5798 2.6675
-1.57298 2.665
-1.56643 2.66175
-1.55962 2.66
-1.55307 2.65625
-1.54625 2.652
-1.53971 2.65
-1.53289 2.648
-1.52607 2.6445
-1.51953 2.641
-1.51271 2.63725
-1.50616 2.634
-1.49935 2.63425
-1.4928 2.634
-1.48598 2.6305
-1.47944 2.627
-1.47262 2.6285
-1.46608 2.629
-1.45926 2.62725
-1.45271 2.627
-1.4459 2.63875
-1.43935 2.652
-1.43253 2.652
-1.29454 0
-1.288 0
-1.28118 0
-1.27464 0
-1.26782 0
-1.26127 0
-1.25446 0
-1.24791 0
-1.24109 0
-1.23455 0
-1.22773 0
-1.22119 0
-1.21437 0
-1.20782 0
-1.201 0
-1.19446 0
-1.18764 0
-1.18082 0
-1.17428 0
-1.16746 0
-1.16092 0
-1.1541 0
-1.14755 0
-1.14074 0
-1.13419 0
-1.12737 0
-1.12083 0
-1.11401 0
-1.10747 0
-1.23209 2.676
-1.22555 2.676
-1.21873 2.67625
-1.08047 0
-1.07392 0
-1.06711 0
-1.06056 0
-1.05374 0
-1.0472 0
-1.04038 0
-1.03383 0
-1.02702 0
-1.02047 0
-1.01365 0
-1.00711 0
-1.00029 0
-0.993747 0
-0.986929 0
-0.980111 0
-0.967294 0
-0.960749 0
-0.953932 0
-0.947387 0
-0.940569 0
-0.934024 0
-0.927206 0
-0.920661 0
-0.913843 0
-0.907298 0
-0.900481 0
-0.893936 0
-0.887118 0
-0.8803 0
-0.873755 0
-0.866938 0
-0.860393 0
-0.853575 0
-0.84703 0
-0.840213 0
-0.833668 0
-0.82685 0
-0.820305 0
-0.883573 0.31125
-0.877028 0.312
-0.870483 0.312
-0.863393 0.311
-0.85712 0.3125
-0.850575 0.314
-0.843757 0.31275
-0.836667 0.311
-0.830122 0.31075
-0.823577 0.312
-0.817032 0.313
-0.810214 0.313
-0.80367 0.314
-0.797125 0.314
-0.79058 0.31475
-0.784307 0.316
-0.777489 0.31675
-0.77149 0.319
-0.764673 0.319
-0.686405 0
-0.679588 0
-0.673043 0
-0.741219 0.3345
-0.734129 0.334
-0.727584 0.33325
-0.646045 0
-0.639499 0
-0.632682 0
-0.626137 0
-0.619319 0
-0.612774 0
-0.605956 0
-0.599411 0
-0.592594 0
-0.585776 0
-0.579231 0
-0.673315 0.55725
-0.666498 0.557
-0.65968 0.5535
-0.65259 0.549
-0.645499 0.545
-0.638681 0.541
-0.631591 0.53675
-0.624773 0.534
-0.617683 0.52925
-0.610593 0.526
-0.603775 0.5225
-0.596684 0.519
-0.589867 0.516
-0.582776 0.513
-0.575959 0.50925
-0.568868 0.506
-0.562051 0.50225
-0.55496 0.5
-0.548142 0.4975
-0.541052 0.494
-0.534507 0.4945
-0.521144 0.489
-0.514327 0.48625
-0.507236 0.483
-0.500418 0.481
-0.493328 0.479
-0.486511 0.4765
-0.47942 0.473
-0.472603 0.47025
-0.465785 0.469
-0.458967 0.46675
-0.451876 0.464
-0.445059 0.462
-0.437969 0.46
-0.431151 0.4585
-0.424333 0.456
-0.417243 0.45425
-0.410425 0.452
-0.403607 0.44975
-0.39679 0.449
-0.389972 0.448
-0.383154 0.446
-0.376064 0.4425
-0.369246 0.44
-0.362156 0.43825
-0.355338 0.438
-0.348521 0.43675
-0.341703 0.435
-0.334885 0.434
-0.327795 0.432
-0.320977 0.43
-0.314159 0.429
-0.307341 0.42725
-0.300251 0.425
-0.293979 0.42625
-0.287161 0.427
-0.280343 0.4265
-0.184896 0
-0.178078 0
-0.171533 0
-0.164716 0
-0.158171 0
-0.151353 0
-0.144808 0
-0.13799 0
-0.131445 0
-0.124627 0
-0.11781 0
-0.111265 0
-0.104447 0
-0.184078 0.405
-0.17726 0.405
-0.170715 0.40475
-0.0777219 0
-0.0711768 0
-0.064359 0
-0.0578139 0
-0.0509961 0
-0.0441788 0
-0.0376337 0
-0.0308159 0
-0.0242708 0
-0.0174535 0
-0.0109084 0
-0.00409061 0
0.00245437 0
-0.119992 2.12125
-0.113447 2.121
-0.106629 2.118
-0.0998109 2.115
-0.0932658 2.1145
0.0428151 0
0.0493601 0
0.0561778 0
-0.0455421 0.68825
-0.0387247 0.689
-0.0319069 0.68675
-0.0250891 0.684
-0.0182713 0.6815
-0.0114539 0.68
-0.00463611 0.6795
0.00981748 0.675
0.0163625 0.6705
0.0231802 0.667
0.0299978 0.66875
0.0362701 0.671
0.0430878 0.66975
0.0499055 0.669
0.0564505 0.6665
0.0632682 0.664
0.0700859 0.6635
0.0766309 0.663
0.0831758 0.66175
0.0899935 0.661
0.0965385 0.66025
0.103084 0.661
0.109901 0.662
0.116446 0.664
0.123264 0.662
0.130082 0.659
0.136627 0.65625
0.143444 0.654
0.149989 0.65625
0.156534 0.658
0.163079 0.6595
0.169624 0.66
0.176442 0.6575
0.18326 0.655
0.189805 0.65425
0.19635 0.655
0.20344 0.65375
0.209712 0.654
0.216257 0.655
0.223075 0.656
0.22962 0.658
0.236165 0.66
0.242983 0.65625
0.249528 0.654
0.256618 0.65375
0.26289 0.655
0.269435 0.6565
0.276253 0.657
0.282798 0.658
0.289343 0.659
0.296161 0.65675
0.302706 0.655
0.309251 0.65475
0.316068 0.655
0.322613 0.656
0.329431 0.656
0.335976 0.658
0.342248 0.66
0.349066 0.66125
0.355611 0.662
0.362156 0.66275
0.368974 0.663
0.375246 0.6655
0.381791 0.667
0.388608 0.6675
0.502328 0
0.508873 0
0.51569 0
0.408516 0.83325
0.415334 0.833
0.421879 0.83675
0.428424 0.84
0.434969 0.8435
0.441514 0.848
0.447786 0.8535
0.454604 0.859
0.460876 0.86625
0.467148 0.873
0.473693 0.88475
0.479966 0.896
0.486511 0.8965
0.608684 0
0.615229 0
0.621774 0
0.628591 0
0.635136 0
0.641954 0
0.526599 2.184
0.533144 2.18825
0.539689 2.194
0.546234 2.1985
0.552778 2.204
0.559596 2.212
0.565868 2.22
0.572413 2.22425
0.578958 2.23
0.585776 2.23525
0.592321 2.242
0.598866 2.2495
0.605411 2.257
0.612229 2.264
0.618774 2.272
0.625319 2.27625
0.631591 2.282
0.638409 2.28975
0.644954 2.297
0.651499 2.305
0.658044 2.312
0.664861 2.324
0.671406 2.335
0.677951 2.34275
0.684224 2.352
0.691041 2.36125
0.697586 2.371
0.704131 2.382
0.710676 2.392
0.717494 2.3985
0.724039 2.405
0.730584 2.41825
0.736856 2.431
0.743674 2.48375
0.749946 2.537
0.756491 2.552
0.763036 2.568
0.769854 2.568
0.907299 0
0.913844 0
0.920388 0
0.791125 6.45925
0.79767 6.459
0.804215 6.45825
0.946841 0
0.953659 0
