0.831758 2.449
0.845939 2.464
0.852212 2.5235
0.858484 2.584
0.865301 2.59225
0.871846 2.6
0.878664 2.59975
1.01638 0
1.0232 0
1.02974 0
1.03629 0
1.04311 0
1.04965 0
1.05647 0
1.06301 0
1.06983 0
1.07638 0
1.08292 0
1.08974 0
1.09628 0
1.1031 0
1.10965 0
1.11647 0
1.12301 0
1.12956 0
1.13637 0
1.14292 0
1.14974 0
1.15628 0
1.1631 0
1.16964 0
1.17619 0
1.18301 0
1.18955 0
1.19637 0
1.20291 0
1.20973 0
1.21628 0
1.22282 0
1.22964 0
1.23618 0
1.243 0
1.24955 0
1.25636 0
1.26291 0
1.26945 0
1.27627 0
1.28282 0
1.28963 0
1.29618 0
1.303 0
1.30954 0
1.31609 0
1.32291 0
1.32945 0
1.33627 0
1.34281 0
1.34963 0
1.35618 0
1.36272 0
1.36954 0
1.37608 0
1.3829 0
1.38945 0
1.39626 0
1.40281 0
1.40008 0.1665
1.40635 0.167
1.41426 0.1655
1.42217 0.164
1.43062 0.16175
1.43881 0.16
1.44644 0.15875
1.4538 0.158
1.46144 0.157
1.4688 0.156
1.47617 0.155
1.4838 0.154
1.49171 0.15275
1.49907 0.152
1.50616 0.15175
1.52062 0.151
1.52825 0.15
1.53507 0.15
1.54216 0.14925
1.54925 0.149
1.55716 0.14775
1.56371 0.148
1.57107 0.1475
1.57707 0.148
1.58443 0.1475
1.59043 0.148
1.59807 0.14725
1.60488 0.147
1.61143 0.14725
1.61852 0.147
1.62507 0.147
1.63188 0.147
1.63788 0.1475
1.64525 0.147
1.65179 0.14725
1.65752 0.148
1.66406 0.14825
1.67088 0.148
1.67824 0.1475
1.68424 0.148
1.68997 0.149
1.69679 0.149
1.70279 0.14975
1.70933 0.15
1.7156 0.15025
1.72269 0.15
1.72951 0.15
1.73497 0.151
1.74124 0.1515
1.74751 0.152
1.75406 0.15225
1.75978 0.153
1.76687 0.15275
1.7726 0.154
1.77805 0.155
1.78433 0.156
1.79005 0.157
1.79605 0.158
1.80205 0.15875
1.80751 0.16
1.81432 0.16025
1.81923 0.162
1.82578 0.1625
1.83096 0.164
1.83614 0.166
1.84214 0.167
1.84705 0.16925
1.8525 0.171
1.85959 0.17025
1.87868 0
1.8855 0
1.89205 0
1.89886 0
1.90541 0
1.91223 0
1.91877 0
1.92559 0
1.93241 0
1.93895 0
1.94577 0
1.95231 0
1.95913 0
1.96595 0
1.97249 0
1.97931 0
1.98586 0
1.99268 0
1.99922 0
2.00604 0
2.01286 0
2.0194 0
2.02622 0
2.03276 0
2.03958 0
2.0464 0
2.05949 0
2.06603 0
2.07258 0
2.0794 0
2.08594 0
1.96186 2.53275
1.9684 2.533
1.97522 2.5185
1.98177 2.503
1.98858 2.4985
1.9954 2.495
2.00195 2.49475
2.13939 0
2.14594 0
2.15275 0
2.1593 0
2.16612 0
2.06058 0.78525
2.06712 0.786
2.07449 0.7715
2.08158 0.757
2.08867 0.7525
2.09521 0.749
2.10203 0.75025
2.10858 0.751
2.11512 0.75375
2.12167 0.757
2.12821 0.7605
2.13476 0.765
2.1413 0.768
2.14785 0.772
2.15439 0.77475
2.16094 0.779
2.16748 0.78225
2.17403 0.787
2.18057 0.7905
2.18684 0.794
2.19366 0.7985
2.19993 0.802
2.20675 0.80425
2.21302 0.808
2.21984 0.81125
2.22639 0.815
2.23293 0.819
2.23948 0.822
2.24575 0.826
2.25257 0.829
2.25911 0.82925
2.37937 0
2.27056 0.89525
2.27738 0.895
2.28393 0.895
2.29074 0.896
2.29702 0.9045
2.30329 0.913
2.30983 0.92075
2.31638 0.93
2.32292 0.93425
2.32947 0.938
2.33629 0.937
2.34283 0.935
2.34965 0.938
2.35619 0.941
2.36274 0.94025
2.486 0
2.49255 0
2.49937 0
2.37583 2.32575
2.38265 2.326
2.38919 2.2995
2.39628 2.273
2.40283 2.2465
2.40937 2.22
2.41646 2.19775
2.42301 2.176
2.4301 2.15325
2.43664 2.132
2.44346 2.1105
2.45028 2.088
2.4571 2.0885
2.59863 0
2.60518 0
2.61172 0
2.53455 0.3895
2.54082 0.39
2.54845 0.38575
2.55554 0.381
2.56127 0.38725
2.567 0.395
2.57354 0.3945
2.66517 0
2.58772 0.3885
2.59454 0.388
2.60136 0.38775
2.6079 0.388
2.61472 0.38775
2.62127 0.387
2.62863 0.381
2.63654 0.374
2.64336 0.373
2.65017 0.372
2.65672 0.37175
2.66326 0.372
2.67008 0.37175
2.6769 0.371
2.68453 0.365
2.69244 0.358
2.70008 0.351
2.70826 0.344
2.71481 0.34325
2.7219 0.342
2.72844 0.34175
2.73499 0.342
2.74153 0.343
2.74808 0.343
2.75489 0.3435
2.76144 0.344
2.76771 0.34525
2.77426 0.346
2.78107 0.34525
2.78762 0.346
2.79416 0.346
2.80098 0.346
2.8078 0.3455
2.81434 0.345
2.82116 0.34475
2.82798 0.344
2.83507 0.34175
2.84189 0.341
2.8487 0.339
2.85579 0.338
2.86234 0.337
2.86943 0.336
2.87625 0.33475
2.88279 0.335
2.88988 0.33375
2.89643 0.334
2.90325 0.3335
2.90979 0.334
2.91606 0.3345
2.92315 0.334
2.9297 0.33375
2.93624 0.335
2.94279 0.33425
2.94933 0.335
2.95615 0.335
2.9627 0.335
2.96951 0.3355
2.97606 0.335
2.9826 0.33475
2.98969 0.334
2.99651 0.33225
3.00333 0.332
3.00987 0.332
3.01669 0.331
3.02351 0.331
3.03006 0.33
3.03742 0.32825
3.04396 0.328
3.05105 0.32725
3.06496 0.327
3.07151 0.3265
3.0786 0.325
3.08541 0.32425
3.09251 0.323
3.09932 0.32175
3.10587 0.322
3.11241 0.322
3.1195 0.321
3.12605 0.321
3.13314 0.32
3.13996 0.31925
-3.13614 0.318
-3.12932 0.31575
-3.12223 0.315
-3.11541 0.3135
-3.10832 0.313
-3.10178 0.313
-3.0246 0
-3.01806 0
-3.01124 0
-3.06196 0.26275
-3.05514 0.263
-3.04833 0.26175
-3.04151 0.262
-3.03442 0.2605
-3.02706 0.259
-3.02106 0.26
-3.01451 0.261
-3.00742 0.25975
-3.00088 0.26
-2.99433 0.26025
-2.93106 0
-2.92452 0
-2.9177 0
-2.95806 0.2335
-2.95124 0.234
-2.94497 0.2345
-2.93843 0.235
-2.93188 0.23525
-2.92534 0.236
-2.91906 0.23675
-2.91279 0.238
-2.90652 0.2385
-2.90025 0.24
-2.89452 0.242
-2.88797 0.243
-2.88197 0.24425
-2.8757 0.246
-2.8697 0.24775
-2.86343 0.249
-2.85661 0.2485
-2.79744 0
-2.79089 0
-2.78407 0
-2.77753 0
-2.77071 0
-2.76417 0
-2.75735 0
-2.80453 0.252
-2.79771 0.252
-2.79116 0.25225
-2.73062 0
-2.76662 0.22325
-2.76007 0.224
-2.7538 0.2245
-2.74726 0.225
-2.74098 0.2255
-2.73417 0.226
-2.72817 0.22675
-2.7219 0.228
-2.71562 0.22925
-2.70962 0.231
-2.70362 0.2325
-2.6979 0.235
-2.69217 0.237
-2.68617 0.239
-2.68044 0.24125
-2.67499 0.245
-2.6679 0.24425
-2.65617 0.251
-2.65045 0.25375
-2.64499 0.257
-2.63872 0.259
-2.63327 0.262
-2.62754 0.265
-2.62154 0.267
-2.61581 0.27025
-2.60981 0.273
-2.6049 0.27875
-2.59972 0.284
-2.59318 0.2845
-2.52309 0
-2.51627 0
-2.50973 0
-2.50318 0
-2.49637 0
-2.56645 0.3435
-2.55963 0.343
-2.55418 0.35025
-2.549 0.357
-2.54191 0.35625
-2.45655 0
-2.44973 0
-2.44319 0
-2.43664 0
-2.42983 0
-2.42328 0
-2.41674 0
-2.40992 0
-2.40337 0
-2.39656 0
-2.39001 0
-2.38347 0
-2.37665 0
-2.49228 1.2425
-2.48546 1.243
-2.47891 1.245
-2.47237 1.248
-2.46555 1.25175
-2.45901 1.255
-2.45246 1.25925
-2.44592 1.263
-2.43937 1.266
-2.43255 1.269
-2.42601 1.272
-2.41919 1.275
-2.41292 1.27975
-2.40637 1.284
-2.39955 1.28825
-2.39301 1.292
-2.38619 1.2955
-2.37965 1.3
-2.37337 1.305
-2.36656 1.309
-2.36001 1.31375
-2.35347 1.318
-2.34665 1.32225
-2.34038 1.327
-2.33356 1.331
-2.32701 1.336
-2.32047 1.342
-2.31392 1.347
-2.30738 1.35175
-2.30056 1.357
-2.29402 1.36325
-2.28774 1.369
-2.28093 1.375
-2.27438 1.381
-2.26756 1.388
-2.26129 1.394
-2.25475 1.39875
-2.24793 1.405
-2.24138 1.41225
-2.23484 1.419
-2.22829 1.4255
-2.22175 1.433
-2.21493 1.44
-2.20866 1.447
-2.20184 1.447
-2.18766 1.461
-2.18112 1.46975
-2.17457 1.478
-2.16803 1.4855
-2.16121 1.492
-2.15494 1.5005
-2.14812 1.51
-2.14157 1.51775
-2.13476 1.526
-2.12848 1.53475
-2.12167 1.543
-2.11512 1.551
-2.10858 1.56
-2.10176 1.57
-2.09521 1.58
-2.08867 1.58975
-2.08212 1.599
-2.07531 1.61025
-2.06876 1.622
-2.06222 1.632
-2.05567 1.641
-2.04885 1.653
-2.04258 1.664
-2.03576 1.67575
-2.02895 1.687
-2.0224 1.69125
-2.01586 1.697
-2.00931 1.706
-2.00249 1.714
-1.99595 1.719
-1.98913 1.723
-1.98286 1.73575
-1.97604 1.748
-1.9695 1.76325
-1.96295 1.778
-1.95613 1.7925
-1.94959 1.808
-1.94304 1.823
-1.9365 1.839
-1.92995 1.85625
-1.92341 1.873
-1.91659 1.88975
-1.91032 1.906
-1.9035 1.924
-1.89695 1.942
-1.89041 1.9595
-1.88359 1.977
-1.87732 1.99775
-1.8705 2.019
-1.86396 2.04075
-1.85741 2.062
-1.85087 2.0825
-1.84432 2.102
-1.83778 2.126
-1.83096 2.149
-1.82469 2.17175
-1.81787 2.196
-1.81132 2.22175
-1.80478 2.249
-1.79823 2.29
-1.79169 2.33
-1.78514 2.371
-1.7786 2.412
-1.77205 2.44225
-1.76551 2.472
-1.75896 2.50075
-1.75242 2.531
-1.7456 2.5655
-1.73906 2.599
-1.73251 2.633
-1.72569 2.668
-1.71942 2.70775
-1.7126 2.748
-1.70633 2.78475
-1.69951 2.822
-1.69297 2.859
-1.68642 2.897
-1.67988 2.88
-1.67306 2.864
-1.66624 2.8635
-1.65315 2.847
-1.64661 2.8395
-1.64006 2.833
-1.63325 2.82775
-1.6267 2.823
-1.61988 2.82325
-1.48162 0
-1.4748 0
-1.46826 0
-1.46144 0
-1.4549 0
-1.44808 0
-1.44153 0
-1.43472 0
-1.42817 0
-1.42135 0
-1.41481 0
-1.53834 2.4085
-1.5318 2.408
-1.52498 2.404
-1.51844 2.4
-1.51162 2.40025
-1.37472 0
-1.49935 2.70325
-1.4928 2.704
-1.48598 2.702
-1.47944 2.699
-1.47289 2.6975
-1.46608 2.695
-1.45953 2.69225
-1.45271 2.689
-1.44617 2.68575
-1.43935 2.683
-1.43281 2.6805
-1.42599 2.679
-1.41944 2.6775
-1.41263 2.675
-1.40608 2.67325
-1.39926 2.671
-1.39245 2.66675
-1.38563 2.664
-1.37908 2.6605
-1.37227 2.657
-1.36572 2.656
-1.3589 2.654
-1.35236 2.65225
-1.34554 2.652
-1.33899 2.64975
-1.33218 2.648
-1.32563 2.6445
-1.31881 2.642
-1.31227 2.6415
-1.30545 2.642
-1.29891 2.64125
-1.16119 0
-1.15437 0
-1.14783 0
-1.14101 0
-1.13446 0
-1.12765 0
-1.1211 0
-1.11428 0
-1.10774 0
-1.10092 0
-1.09438 0
-1.08756 0
-1.08101 0
-1.0742 0
-1.06765 0
-1.06083 0
-1.05429 0
-1.04747 0
-1.04093 0
-1.03411 0
-1.02756 0
-1.02075 0
-1.0142 0
-1.00738 0
-1.00084 0
-0.994019 0
-0.981202 0
-0.974657 0
-0.96784 0
-0.961294 0
-0.954477 0
-0.947932 0
-0.941114 0
-1.06601 2.71325
-1.0592 2.714
-1.05265 2.714
-0.914389 0
-0.907844 0
-0.901026 0
-0.894209 0
-0.887664 0
-0.880846 0
-0.874301 0
-0.867483 0
-0.860938 0
-0.854121 0
-0.847575 0
-0.840758 0
-0.834213 0
-0.827395 0
-0.820577 0
-0.814032 0
-0.807215 0
-0.80067 0
-0.793852 0
-0.787307 0
-0.780489 0
-0.773944 0
-0.767127 0
-0.760582 0
-0.753764 0
-0.878664 2.859
-0.872119 2.859
-0.865301 2.85825
-0.727039 0
-0.83694 0.94925
-0.830395 0.95
-0.823577 0.9505
-0.700313 0
-0.81076 0.9705
-0.804215 0.97
-0.797397 0.96975
-0.673315 0
-0.66677 0
-0.659952 0
-0.653408 0
-0.64659 0
-0.640045 0
-0.633227 0
-0.626682 0
-0.619865 0
-0.61332 0
-0.606502 0
-0.599684 0
-0.593139 0
-0.586322 0
-0.579777 0
-0.572959 0
-0.566414 0
-0.559596 0
-0.553051 0
-0.632137 0.40275
-0.625592 0.403
-0.619047 0.4055
-0.612501 0.407
-0.605956 0.4065
-0.51269 0
-0.506145 0
-0.499328 0
-0.492783 0
-0.485965 0
-0.47942 0
-0.472603 0
-0.466058 0
-0.45924 0
-0.452422 0
-0.439877 0
-0.433333 0
-0.426515 0
-0.526599 0.6545
-0.519781 0.655
-0.512963 0.65025
-0.505873 0.645
-0.499055 0.63975
-0.491965 0.634
-0.485147 0.631
-0.478057 0.627
-0.471512 0.623
-0.464421 0.619
-0.457603 0.61525
-0.450513 0.611
-0.443695 0.60725
-0.436605 0.603
-0.429787 0.5985
-0.42297 0.595
-0.416152 0.591
-0.409062 0.588
-0.402244 0.58425
-0.395153 0.581
-0.388608 0.57775
-0.381518 0.575
-0.3747 0.5725
-0.36761 0.569
-0.361065 0.566
-0.353975 0.563
-0.347157 0.55925
-0.340066 0.557
-0.333522 0.55425
-0.326431 0.552
-0.319886 0.552
-0.212712 0
-0.206167 0
-0.199349 0
-0.27189 0.3575
-0.265072 0.357
-0.257982 0.35475
-0.251164 0.354
-0.244346 0.35275
-0.237256 0.351
-0.230711 0.3505
-0.22362 0.349
-0.216802 0.348
-0.209712 0.346
-0.202895 0.34525
-0.195804 0.344
-0.189259 0.34325
-0.182169 0.342
-0.175351 0.3405
-0.168533 0.34
-0.161989 0.34
-0.154898 0.339
-0.14808 0.33825
-0.141262 0.338
-0.134445 0.33625
-0.127082 0.334
-0.120264 0.3325
-0.113174 0.331
-0.106901 0.3315
-0.0998109 0.331
-0.0929936 0.32875
-0.0856302 0.327
-0.0790852 0.32625
-0.0722674 0.327
-0.0657228 0.327
-0.0589049 0.326
-0.0520871 0.325
-0.0452693 0.325
-0.0387247 0.32575
-0.0321797 0.326
-0.0250891 0.32375
-0.0179985 0.323
-0.0114539 0.3225
-0.00436336 0.321
0.00245437 0.32
0.00927206 0.32
0.0160898 0.3195
0.0302706 0.32
0.0370882 0.3185
0.0439059 0.318
0.0507236 0.31775
0.0572686 0.318
0.0640863 0.31725
0.0706313 0.318
0.0771763 0.3175
0.083994 0.317
0.090539 0.317
0.0973566 0.318
0.104174 0.31625
0.110719 0.316
0.11781 0.31525
0.124355 0.315
0.131172 0.3155
0.137717 0.315
0.144262 0.315
0.15108 0.315
0.157898 0.31325
0.164988 0.312
0.171533 0.31275
0.177805 0.314
0.18435 0.3145
0.191168 0.314
0.197713 0.3145
0.204531 0.314
0.211076 0.31425
0.217893 0.314
0.224166 0.31525
0.230711 0.316
0.237528 0.3155
0.244346 0.314
0.250891 0.3145
0.257709 0.314
0.264526 0.31375
0.271071 0.314
0.277616 0.31375
0.284434 0.314
0.290979 0.3135
0.29807 0.313
0.304342 0.3135
0.310887 0.315
0.317432 0.31525
0.323704 0.316
0.330522 0.31575
0.337067 0.316
0.343612 0.317
0.350157 0.318
0.356429 0.3185
0.363247 0.319
0.369792 0.31875
0.376882 0.318
0.383427 0.31725
0.389972 0.318
0.396517 0.3185
0.403335 0.318
0.40988 0.319
0.416425 0.319
0.42297 0.31875
0.429787 0.319
0.43606 0.31975
0.442605 0.321
0.44915 0.321
0.455422 0.322
0.46224 0.323
0.468785 0.323
0.475602 0.32325
0.481874 0.324
0.488147 0.32475
0.494964 0.325
0.501509 0.3255
0.508054 0.326
0.514599 0.327
0.521144 0.327
0.527689 0.32825
0.533962 0.329
0.540779 0.32975
0.547052 0.33
0.553869 0.33025
0.567505 0.332
0.57405 0.33275
0.580322 0.333
0.586867 0.334
0.592867 0.336
0.599139 0.339
0.605411 0.341
0.611956 0.34025
0.694587 0
0.701404 0
0.707949 0
0.714494 0
0.721039 0
0.727857 0
0.734402 0
0.740947 0
0.747492 0
0.754037 0
0.760854 0
0.767399 0
0.773944 0
0.650408 2.33175
0.657226 2.332
0.663771 2.3
0.670588 2.268
0.677133 2.275
0.683951 2.281
0.690223 2.28625
0.696768 2.293
0.703313 2.29775
0.710131 2.303
0.716676 2.311
0.723221 2.32
0.729766 2.327
0.736311 2.334
0.743128 2.34125
0.749673 2.349
0.755946 2.35575
0.762491 2.362
0.769308 2.372
0.775853 2.382
0.782398 2.3895
0.788943 2.396
0.795761 2.40425
0.802306 2.413
0.808578 2.42375
0.815123 2.434
0.821941 2.43425
