0.846212 1.223
0.860393 1.221
0.866938 1.22125
0.873483 1.223
0.8803 1.2245
0.886845 1.225
0.893663 1.225
1.02211 0
1.02893 0
1.03547 0
1.04229 0
1.04883 0
1.05565 0
1.0622 0
1.06901 0
1.07556 0
1.08238 0
1.08892 0
1.09574 0
1.10228 0
1.1091 0
1.11565 0
1.12246 0
1.12901 0
1.13583 0
1.14237 0
1.14919 0
1.15574 0
1.16255 0
1.1691 0
1.17592 0
1.18246 0
1.18928 0
1.19582 0
1.20264 0
1.20919 0
1.216 0
1.22255 0
1.22937 0
1.23591 0
1.24273 0
1.24927 0
1.25609 0
1.26264 0
1.26945 0
1.276 0
1.28282 0
1.28936 0
1.29618 0
1.30272 0
1.30954 0
1.31609 0
1.32291 0
1.32945 0
1.33627 0
1.34281 0
1.34963 0
1.35618 0
1.36299 0
1.36954 0
1.37636 0
1.3829 0
1.38972 0
1.39626 0
1.40308 0
1.40963 0
1.41644 0
1.42299 0
1.42981 0
1.43635 0
1.44317 0
1.44971 0
1.45653 0
1.46308 0
1.46989 0
1.47644 0
1.48326 0
1.4898 0
1.49662 0
1.50316 0
1.50998 0
1.52253 0
1.52907 0
1.53562 0
1.54243 0
1.54898 0
1.5558 0
1.56234 0
1.56916 0
1.57571 0
1.58252 0
1.58907 0
1.59589 0
1.60243 0
1.4778 2.5815
1.48462 2.581
1.49144 2.57425
1.49826 2.568
1.5048 2.56775
1.51162 2.567
1.51816 2.5665
1.65588 0
1.66243 0
1.66924 0
1.67579 0
1.68233 0
1.67115 0.1785
1.67715 0.179
1.68561 0.17675
1.6927 0.176
1.70088 0.17425
1.70824 0.173
1.71588 0.172
1.72297 0.171
1.7306 0.17
1.73797 0.169
1.74506 0.16825
1.75215 0.168
1.75951 0.16675
1.76605 0.167
1.7726 0.167
1.78024 0.166
1.78678 0.166
1.79442 0.165
1.80151 0.16425
1.80778 0.165
1.8146 0.16475
1.82169 0.164
1.82905 0.1635
1.83505 0.164
1.84241 0.1635
1.84841 0.164
1.85578 0.16325
1.86178 0.164
1.86914 0.16325
1.87514 0.164
1.88196 0.164
1.8885 0.164
1.89477 0.1645
1.90105 0.165
1.90759 0.16525
1.91441 0.165
1.92123 0.16475
1.92695 0.166
1.93268 0.167
1.9395 0.167
1.94604 0.167
1.95231 0.168
1.95859 0.16825
1.96459 0.169
1.9714 0.16875
1.97713 0.17
1.98395 0.17
1.98968 0.171
1.9954 0.1725
2.00167 0.173
2.00822 0.17325
2.01367 0.175
2.0194 0.17625
2.0254 0.177
2.03222 0.17725
2.04313 0.18
2.04885 0.18125
2.05431 0.183
2.06031 0.184
2.06576 0.186
2.07067 0.189
2.07585 0.191
2.08294 0.19075
2.11539 0
2.12221 0
2.12876 0
2.13557 0
2.14212 0
2.14894 0
2.15548 0
2.1623 0
2.16884 0
2.17539 0
2.18221 0
2.18875 0
2.19557 0
2.20211 0
2.20893 0
2.21548 0
2.2223 0
2.22884 0
2.23566 0
2.2422 0
2.24902 0
2.25557 0
2.26238 0
2.16148 0.67125
2.16803 0.672
2.17566 0.6545
2.1833 0.637
2.19012 0.6375
2.3022 0
2.20784 0.56375
2.21439 0.564
2.22148 0.56075
2.22802 0.559
2.23484 0.5585
2.24166 0.557
2.24847 0.5555
2.25502 0.555
2.26156 0.55825
2.26784 0.562
2.27384 0.57375
2.27956 0.587
2.28611 0.5875
2.29293 0.589
2.29947 0.59
2.30629 0.59
2.31256 0.59125
2.31938 0.594
2.32538 0.60225
2.33165 0.611
2.3382 0.611
2.34501 0.611
2.35129 0.6135
2.3581 0.617
2.36465 0.61675
2.47591 0
2.48246 0
2.489 0
2.49582 0
2.50237 0
2.50918 0
2.51573 0
2.52255 0
2.52909 0
2.40774 1.93425
2.41428 1.934
2.4211 1.9195
2.42764 1.904
2.43473 1.8895
2.44128 1.874
2.4481 1.85975
2.45491 1.845
2.46173 1.84525
2.47564 1.817
2.48246 1.80275
2.48928 1.789
2.49582 1.775
2.50291 1.762
2.50973 1.7515
2.51627 1.74
2.52336 1.72825
2.52991 1.716
2.53673 1.70525
2.54354 1.695
2.55036 1.6845
2.55718 1.673
2.564 1.663
2.57082 1.653
2.57763 1.64375
2.58418 1.635
2.591 1.62475
2.59809 1.616
2.60463 1.606
2.61145 1.596
2.61854 1.588
2.62508 1.579
2.6319 1.57025
2.63845 1.562
2.64554 1.55375
2.65235 1.546
2.6589 1.538
2.66572 1.531
2.67254 1.5235
2.67935 1.516
2.68617 1.50875
2.69272 1.502
2.69981 1.49375
2.70662 1.487
2.71317 1.4805
2.71999 1.473
2.7268 1.467
2.73362 1.461
2.74044 1.45575
2.74698 1.45
2.75408 1.44325
2.76089 1.437
2.76744 1.43
2.77426 1.423
2.7808 1.4185
2.78789 1.413
2.79471 1.40925
2.80125 1.405
2.80807 1.39875
2.81489 1.394
2.82171 1.3885
2.82852 1.384
2.83507 1.3795
2.84189 1.375
2.8487 1.37025
2.85552 1.367
2.86234 1.36225
2.86889 1.358
2.8757 1.353
2.88252 1.349
2.88934 1.3445
2.89616 1.341
2.90297 1.33625
2.90952 1.333
2.91634 1.32975
2.92288 1.327
2.9297 1.323
2.93679 1.318
2.94333 1.315
2.95015 1.312
2.95697 1.30875
2.96351 1.306
2.97033 1.30325
2.97715 1.3
2.98397 1.2975
2.99079 1.294
2.99733 1.291
3.00415 1.289
3.01097 1.2885
3.02515 1.285
3.03169 1.2815
3.03851 1.279
3.04505 1.27575
3.0516 1.273
3.05842 1.27175
3.06496 1.27
3.07151 1.268
3.07805 1.265
3.08487 1.2625
3.09141 1.261
3.09796 1.25925
3.10478 1.257
3.11132 1.25475
3.11814 1.252
3.12468 1.2525
3.13123 1.252
3.13777 1.2505
-3.13859 1.249
-3.13205 1.24725
-3.1255 1.247
-3.11896 1.24575
-3.11214 1.244
-3.1056 1.2425
-3.09905 1.241
-3.09251 1.2405
-3.08596 1.24
-3.07887 1.23825
-3.07232 1.238
-3.06578 1.23625
-3.05923 1.236
-3.05242 1.235
-3.04587 1.235
-3.03933 1.235
-3.03278 1.235
-3.02624 1.23375
-3.01942 1.233
-3.01287 1.23375
-3.00633 1.234
-2.99978 1.2335
-2.99297 1.234
-2.98642 1.2335
-2.97988 1.234
-2.97333 1.23325
-2.96651 1.234
-2.95997 1.23475
-2.95342 1.236
-2.94688 1.235
-2.94033 1.234
-2.93352 1.2345
-2.92697 1.236
-2.92043 1.23575
-2.91388 1.236
-2.90706 1.23725
-2.90052 1.238
-2.89397 1.2385
-2.88743 1.239
-2.88088 1.239
-2.87434 1.24
-2.86779 1.23975
-2.86125 1.241
-2.8547 1.24125
-2.84789 1.243
-2.84134 1.243
-2.8348 1.244
-2.82825 1.2455
-2.82143 1.247
-2.81489 1.24925
-2.80834 1.252
-2.8018 1.25325
-2.79525 1.255
-2.78844 1.2565
-2.78189 1.257
-2.77562 1.259
-2.76907 1.261
-2.76226 1.26275
-2.75571 1.264
-2.74917 1.26675
-2.74262 1.269
-2.7358 1.26925
-2.7219 1.273
-2.71535 1.27525
-2.70853 1.277
-2.70171 1.2785
-2.69544 1.281
-2.68863 1.284
-2.68181 1.287
-2.67526 1.28875
-2.66844 1.292
-2.66163 1.29475
-2.65508 1.298
-2.64854 1.301
-2.64172 1.303
-2.6349 1.306
-2.62836 1.309
-2.62154 1.31225
-2.61472 1.316
-2.60818 1.31875
-2.60136 1.322
-2.59481 1.326
-2.58827 1.331
-2.58145 1.3335
-2.57463 1.337
-2.56782 1.33975
-2.56127 1.344
-2.55473 1.34825
-2.54791 1.353
-2.54136 1.3575
-2.53455 1.361
-2.52773 1.365
-2.52146 1.37
-2.51464 1.37325
-2.50782 1.378
-2.50127 1.38225
-2.49446 1.386
-2.48764 1.3925
-2.48109 1.399
-2.47455 1.4035
-2.46773 1.408
-2.46091 1.41225
-2.45464 1.418
-2.44782 1.42375
-2.44101 1.429
-2.43446 1.435
-2.42764 1.441
-2.4211 1.4485
-2.41428 1.455
-2.40774 1.46025
-2.40092 1.466
-2.39437 1.47275
-2.38783 1.48
-2.38101 1.486
-2.37419 1.493
-2.36792 1.4995
-2.3611 1.507
-2.35429 1.51325
-2.34774 1.521
-2.3412 1.52975
-2.33438 1.538
-2.32756 1.544
-2.32102 1.551
-2.31447 1.559
-2.30765 1.568
-2.30111 1.57675
-2.29429 1.586
-2.28774 1.59375
-2.2812 1.602
-2.27438 1.6115
-2.26756 1.621
-2.26102 1.631
-2.25447 1.641
-2.24766 1.65025
-2.24111 1.66
-2.23457 1.67025
-2.22775 1.68
-2.22093 1.6895
-2.21466 1.7
-2.20784 1.7095
-2.20102 1.72
-2.19421 1.7195
-2.18166 1.731
-2.17512 1.73625
-2.16857 1.742
-2.16175 1.7475
-2.15521 1.753
-2.14866 1.7665
-2.14212 1.779
-2.13557 1.79275
-2.12903 1.806
-2.12248 1.82075
-2.11594 1.836
-2.10912 1.8505
-2.10285 1.865
-2.0963 1.881
-2.08976 1.898
-2.08321 1.91175
-2.07667 1.927
-2.07012 1.94525
-2.06358 1.963
-2.05703 1.981
-2.05049 1.998
-2.04394 2.016
-2.03713 2.035
-2.03085 2.05375
-2.02431 2.073
-2.01749 2.09125
-2.01122 2.111
-2.00467 2.133
-1.99813 2.156
-1.99158 2.179
-1.98477 2.202
-1.97849 2.22275
-1.97195 2.245
-1.96513 2.26875
-1.95886 2.294
-1.95231 2.344
-1.94577 2.394
-1.9395 2.422
-1.93295 2.451
-1.92613 2.48025
-1.91986 2.51
-1.91304 2.54075
-1.9065 2.571
-1.90023 2.602
-1.89341 2.633
-1.88686 2.6655
-1.88059 2.699
-1.87377 2.73525
-1.8675 2.773
-1.86096 2.81125
-1.85414 2.851
-1.84787 2.8755
-1.84105 2.9
-1.8345 2.885
-1.82796 2.869
-1.82087 2.86075
-1.81432 2.854
-1.80778 2.84625
-1.80096 2.838
-1.79442 2.8385
-1.65588 0
-1.64934 0
-1.64279 0
-1.63597 0
-1.62943 0
-1.62288 0
-1.61607 0
-1.60952 0
-1.60298 0
-1.59616 0
-1.58961 0
-1.5828 0
-1.57625 0
-1.70006 2.411
-1.69324 2.411
-1.6867 2.41075
-1.5498 0
-1.67443 2.71025
-1.66788 2.71
-1.66106 2.71025
-1.64852 2.702
-1.64197 2.699
-1.63543 2.695
-1.62861 2.69075
-1.62207 2.688
-1.61525 2.68325
-1.6087 2.679
-1.60189 2.676
-1.59534 2.674
-1.58852 2.672
-1.58198 2.671
-1.57489 2.66825
-1.56834 2.665
-1.56152 2.65925
-1.55498 2.655
-1.54816 2.654
-1.54162 2.653
-1.5348 2.6495
-1.52825 2.647
-1.52144 2.64375
-1.51489 2.64
-1.50807 2.63725
-1.50153 2.635
-1.49471 2.632
-1.48817 2.629
-1.48135 2.628
-1.4748 2.626
-1.46826 2.62775
-1.46144 2.63
-1.4549 2.63025
-1.44808 2.63
-1.44153 2.6305
-1.30354 0
-1.297 0
-1.29018 0
-1.28364 0
-1.27682 0
-1.27027 0
-1.26345 0
-1.25691 0
-1.25009 0
-1.24355 0
-1.23673 0
-1.23018 0
-1.22337 0
-1.21682 0
-1.21 0
-1.20346 0
-1.19664 0
-1.1901 0
-1.18328 0
-1.17673 0
-1.16992 0
-1.16337 0
-1.15683 0
-1.15001 0
-1.14346 0
-1.13665 0
-1.1301 0
-1.12328 0
-1.11674 0
-1.10992 0
-1.10338 0
-1.09656 0
-1.09001 0
-1.0832 0
-1.07665 0
-1.06983 0
-1.06329 0
-1.05647 0
-1.04992 0
-1.04311 0
-1.03656 0
-1.02974 0
-1.0232 0
-1.01638 0
-1.00984 0
-1.00302 0
-0.996474 0
-0.989656 0
-0.977112 0
-0.970567 0
-0.963749 0
-0.957204 0
-0.950386 0
-1.06711 1.33075
-1.06029 1.331
-1.05347 1.3315
-0.923661 0
-0.916843 0
-0.910298 0
-0.903481 0
-0.896663 0
-0.890118 0
-0.8833 0
-0.876755 0
-0.869938 0
-0.86312 0
-0.856575 0
-0.849757 0
-0.843212 0
-0.836395 0
-0.829577 0
-0.823032 0
-0.816214 0
-0.879755 0.3115
-0.872938 0.311
-0.865847 0.31025
-0.859575 0.311
-0.852757 0.31125
-0.846484 0.312
-0.839667 0.3125
-0.832849 0.312
-0.826304 0.3125
-0.819486 0.313
-0.812942 0.31275
-0.806397 0.314
-0.799852 0.31475
-0.793579 0.316
-0.787307 0.3185
-0.78158 0.322
-0.77449 0.3215
-0.695677 0
-0.68886 0
-0.682042 0
-0.749128 0.32825
-0.742583 0.329
-0.735765 0.32775
-0.728675 0.327
-0.721857 0.3265
-0.641954 0
-0.635136 0
-0.628591 0
-0.621774 0
-0.614956 0
-0.608411 0
-0.601593 0
-0.595048 0
-0.58823 0
-0.682587 0.5635
-0.676042 0.563
-0.668952 0.55875
-0.662134 0.554
-0.655044 0.55025
-0.647953 0.546
-0.641136 0.5425
-0.633773 0.538
-0.626955 0.534
-0.620138 0.531
-0.612774 0.52675
-0.606229 0.524
-0.598866 0.52025
-0.592048 0.517
-0.585231 0.514
-0.57814 0.511
-0.571323 0.508
-0.564232 0.504
-0.557142 0.50025
-0.550324 0.498
-0.543234 0.49725
-0.529053 0.493
-0.522235 0.49025
-0.515417 0.487
-0.508327 0.484
-0.501509 0.481
-0.494419 0.4795
-0.487874 0.477
-0.480511 0.47375
-0.473966 0.472
-0.467148 0.46975
-0.460058 0.467
-0.45324 0.465
-0.446422 0.463
-0.439605 0.4615
-0.432514 0.459
-0.425697 0.45725
-0.418879 0.455
-0.412062 0.45225
-0.405244 0.451
-0.398153 0.4495
-0.391335 0.447
-0.384245 0.4445
-0.3777 0.443
-0.37061 0.44075
-0.364065 0.44
-0.356974 0.43875
-0.350157 0.437
-0.343612 0.436
-0.336521 0.434
-0.329704 0.432
-0.322886 0.431
-0.316068 0.42975
-0.309251 0.428
-0.302433 0.42675
-0.295342 0.425
-0.28907 0.4275
-0.28307 0.431
-0.276253 0.431
-0.18026 0
-0.173442 0
-0.166897 0
-0.160079 0
-0.153534 0
-0.146717 0
-0.140172 0
-0.133627 0
-0.126809 0
-0.120264 0
-0.113447 0
-0.106901 0
-0.100084 0
-0.0935386 0
-0.0867212 0
-0.0801762 0
-0.0736311 0
-0.0668133 0
-0.0602682 0
-0.0534509 0
-0.0469058 0
-0.040088 0
-0.0335429 0
-0.0267251 0
-0.0201805 0
-0.0136355 0
-0.00681764 0
-0.000272576 0
0.00654498 0
-0.116174 2.11675
-0.109356 2.117
-0.102811 2.11425
-0.0959933 2.111
-0.0894483 2.109
-0.0829032 2.107
-0.0760854 2.1035
-0.0695403 2.101
-0.0624502 2.09525
-0.0559052 2.091
-0.0490873 2.08875
-0.0425423 2.086
-0.0357249 2.08625
-0.0215438 2.082
-0.0149987 2.0805
-0.00845415 2.078
-0.00163633 2.07525
0.00490874 2.073
0.0114537 2.07025
0.0182714 2.069
0.0248164 2.067
0.0313614 2.066
0.0381791 2.0635
0.0447241 2.062
0.051269 2.06175
0.187077 0
0.193622 0
0.200167 0
0.0864483 1.13275
0.0929933 1.133
0.100084 1.129
0.106629 1.124
0.113446 1.1155
0.120264 1.108
0.126809 1.10325
0.133627 1.099
0.140444 1.09425
0.146989 1.09
0.153534 1.088
0.160352 1.086
0.16717 1.0845
0.173715 1.084
0.180533 1.07375
0.18735 1.064
0.193895 1.06525
0.200713 1.067
0.207258 1.0605
0.214348 1.053
0.220893 1.052
0.227438 1.05
0.234256 1.04525
0.241074 1.041
0.247619 1.04175
0.254164 1.043
0.260981 1.038
0.267526 1.034
0.274344 1.0295
0.281162 1.026
0.287707 1.02425
0.294524 1.024
0.301069 1.02125
0.307887 1.019
0.314432 1.019
0.439332 0
0.44615 0
0.452695 0
0.45924 0
0.466057 0
0.352338 1.1275
0.358883 1.127
0.365974 1.11425
0.372519 1.103
0.379336 1.09125
0.386427 1.079
0.392972 1.0785
0.518963 0
0.52578 0
0.532325 0
0.423788 0.8935
0.430333 0.893
0.436878 0.89175
0.443695 0.891
0.45024 0.89525
0.456785 0.899
0.463603 0.8965
0.470148 0.894
0.476693 0.8965
0.483511 0.898
0.48951 0.91725
0.49551 0.936
0.502055 0.95325
0.508054 0.97
0.514872 0.97025
0.529326 0.965
0.535871 0.96225
0.542416 0.961
0.548961 0.9585
0.555506 0.957
0.562323 0.9555
0.568868 0.955
0.575413 0.95575
0.581958 0.956
0.588776 0.95925
0.595321 0.962
0.601866 0.965
0.608138 0.968
0.614683 0.9795
0.620955 0.992
0.626955 1.02225
0.632955 1.053
0.6395 1.05225
0.765218 0
0.771763 0
0.778308 0
0.784853 0
0.79167 0
0.668134 2.3435
0.674679 2.344
0.680951 2.3515
0.687769 2.359
0.694314 2.36925
0.700859 2.381
0.707404 2.39025
0.714221 2.401
0.720766 2.408
0.727311 2.416
0.733584 2.4655
0.739856 2.516
0.746674 2.53325
0.753219 2.552
0.759764 2.56625
0.766309 2.58
0.773126 2.5805
0.910571 0
0.917116 0
0.923661 0
0.930479 0
0.937024 0
0.943569 0
0.950114 0
0.956931 0
