0.833667 2.45
0.847303 2.518
0.853848 2.55225
0.860393 2.586
0.86721 2.595
0.873755 2.603
0.880573 2.6025
1.01856 0
1.02511 0
1.03193 0
1.03874 0
1.04529 0
1.05211 0
1.05892 0
1.06574 0
1.07229 0
1.0791 0
1.08592 0
1.09247 0
1.09928 0
1.1061 0
1.11265 0
1.11947 0
1.12628 0
1.1331 0
1.13965 0
1.14646 0
1.15328 0
1.15983 0
1.16664 0
1.17346 0
1.18001 0
1.18682 0
1.19364 0
1.20019 0
1.207 0
1.21382 0
1.22064 0
1.22718 0
1.234 0
1.24082 0
1.24736 0
1.25418 0
1.261 0
1.26755 0
1.27436 0
1.28118 0
1.288 0
1.29454 0
1.30136 0
1.30818 0
1.31472 0
1.32154 0
1.32836 0
1.3349 0
1.34172 0
1.34854 0
1.35508 0
1.3619 0
1.36872 0
1.37554 0
1.38208 0
1.3889 0
1.39572 0
1.40226 0
1.40908 0
1.4069 0.16625
1.41263 0.167
1.42135 0.16475
1.42872 0.164
1.43635 0.163
1.44453 0.161
1.45326 0.159
1.4609 0.158
1.46799 0.15725
1.47589 0.156
1.48408 0.15425
1.49089 0.154
1.49826 0.1535
1.50644 0.152
1.51271 0.1525
1.52825 0.151
1.5348 0.15025
1.54107 0.15
1.5468 0.15
1.55362 0.149
1.55989 0.1485
1.56534 0.149
1.57134 0.14875
1.57816 0.148
1.58416 0.14775
1.58989 0.148
1.59616 0.1475
1.60161 0.148
1.60788 0.1475
1.61443 0.147
1.62043 0.147
1.63461 0.147
1.64061 0.1475
1.64797 0.147
1.65424 0.14725
1.66024 0.148
1.66761 0.14725
1.67361 0.148
1.67988 0.1485
1.68697 0.148
1.6927 0.149
1.69924 0.149
1.70633 0.14875
1.7126 0.149
1.71915 0.14925
1.72542 0.15
1.73142 0.1505
1.73769 0.151
1.74424 0.151
1.75024 0.152
1.75624 0.15275
1.76251 0.153
1.76905 0.15325
1.77505 0.154
1.78133 0.1545
1.78678 0.156
1.79224 0.1575
1.79878 0.158
1.8056 0.15775
1.81132 0.159
1.81678 0.16025
1.82196 0.162
1.82851 0.1625
1.83369 0.164
1.83969 0.165
1.84459 0.167
1.85005 0.16875
1.85578 0.17
1.86096 0.17225
1.86587 0.175
1.87268 0.1745
1.89477 0
1.90132 0
1.90814 0
1.91495 0
1.9215 0
1.92832 0
1.93486 0
1.94168 0
1.94822 0
1.95504 0
1.96186 0
1.9684 0
1.97522 0
1.98177 0
1.98858 0
1.9954 0
2.00195 0
2.00876 0
2.01531 0
2.02213 0
2.02867 0
2.03549 0
2.04231 0
2.04885 0
2.05567 0
2.06222 0
2.06903 0
2.07585 0
2.0824 0
1.95831 2.5245
1.96486 2.525
1.97168 2.51625
1.97822 2.508
1.98504 2.50175
1.99213 2.496
1.9984 2.4995
2.00522 2.503
2.01176 2.507
2.01858 2.51
2.0254 2.5105
2.03958 2.515
2.04613 2.51675
2.05267 2.519
2.05922 2.522
2.06603 2.526
2.07258 2.5305
2.07912 2.534
2.08594 2.53575
2.09249 2.539
2.09903 2.54325
2.10585 2.548
2.11239 2.548
2.24984 0
2.25666 0
2.2632 0
2.1473 1.275
2.15412 1.275
2.16066 1.27425
2.28965 0
2.21548 0.36925
2.22202 0.369
2.22857 0.3685
2.23511 0.369
2.2422 0.3675
2.24902 0.366
2.25557 0.36525
2.26266 0.364
2.26947 0.36275
2.27602 0.362
2.28256 0.3645
2.28856 0.367
2.29538 0.366
2.3022 0.365
2.30902 0.36475
2.31529 0.365
2.32265 0.36275
2.3292 0.362
2.33574 0.363
2.34256 0.363
2.3491 0.363
2.35565 0.363
2.36301 0.35775
2.37065 0.353
2.37665 0.35525
2.38292 0.358
2.38919 0.3605
2.39546 0.363
2.40201 0.363
2.40855 0.364
2.4151 0.36475
2.42137 0.365
2.42846 0.36325
2.43555 0.361
2.44073 0.3685
2.44646 0.376
2.4541 0.369
2.46173 0.363
2.46855 0.36225
2.47537 0.361
2.48191 0.36075
2.48846 0.36
2.49555 0.3595
2.50182 0.36
2.50837 0.361
2.51518 0.361
2.52173 0.36075
2.528 0.362
2.53455 0.36475
2.54054 0.367
2.54736 0.3665
2.55391 0.367
2.56045 0.3675
2.567 0.368
2.57382 0.36725
2.58036 0.368
2.58691 0.36725
2.59372 0.367
2.60027 0.368
2.60654 0.369
2.61336 0.369
2.62672 0.366
2.63327 0.3665
2.63981 0.366
2.64663 0.36625
2.6529 0.367
2.65972 0.36775
2.66626 0.368
2.67281 0.3685
2.67908 0.37
2.6859 0.3705
2.69217 0.372
2.69899 0.37275
2.70526 0.375
2.71153 0.37625
2.71808 0.378
2.72408 0.3815
2.73035 0.385
2.73635 0.3885
2.74262 0.392
2.74889 0.39475
2.75517 0.398
2.76226 0.39575
2.76907 0.395
2.77535 0.3975
2.78162 0.399
2.78816 0.4015
2.79444 0.403
2.80125 0.40375
2.80725 0.406
2.81462 0.40225
2.82171 0.398
2.82852 0.399
2.8348 0.401
2.84134 0.402
2.84761 0.404
2.85416 0.40425
2.8607 0.406
2.86698 0.40975
2.87298 0.415
2.87952 0.415
2.97388 0
2.98042 0
2.98724 0
2.99379 0
3.0006 0
2.92779 0.359
2.93433 0.359
2.9417 0.35575
2.94879 0.352
2.95506 0.35575
2.96079 0.361
2.96733 0.3625
2.97388 0.363
2.98097 0.361
2.98751 0.36
2.99488 0.35775
3.00169 0.356
3.00878 0.35275
3.01587 0.351
3.02296 0.348
3.03006 0.346
3.03687 0.3455
3.04396 0.344
3.05078 0.34275
3.05733 0.343
3.06414 0.34275
3.07096 0.342
3.07751 0.3425
3.08405 0.342
3.09087 0.342
3.09741 0.342
3.10423 0.34225
3.1105 0.343
3.11759 0.34225
3.12387 0.343
3.13068 0.3435
3.13723 0.344
-3.13941 0.345
-3.13287 0.345
-3.12605 0.3455
-3.11378 0.346
-3.10696 0.345
-3.10041 0.345
-3.09332 0.34375
-3.08678 0.344
-3.07969 0.34275
-3.07342 0.343
-3.0666 0.3415
-3.05951 0.341
-3.05296 0.3405
-3.04587 0.339
-3.03905 0.33775
-3.03251 0.337
-3.02515 0.33525
-3.01833 0.334
-3.01124 0.332
-3.00442 0.331
-2.99706 0.326
-2.98915 0.321
-2.9826 0.32075
-2.90352 0
-2.96106 0.28625
-2.95452 0.287
-2.94742 0.2855
-2.94006 0.283
-2.9327 0.281
-2.92588 0.28
-2.91906 0.27875
-2.9117 0.277
-2.90515 0.27675
-2.89806 0.276
-2.89152 0.2755
-2.88497 0.276
-2.87816 0.276
-2.87188 0.277
-2.86534 0.27775
-2.85879 0.278
-2.8528 0.27975
-2.84625 0.281
-2.84025 0.283
-2.83371 0.284
-2.82771 0.286
-2.82143 0.288
-2.81516 0.28875
-2.80916 0.291
-2.80289 0.29325
-2.79689 0.295
-2.79062 0.297
-2.78435 0.298
-2.77807 0.2995
-2.77153 0.301
-2.76471 0.29975
-2.75762 0.298
-2.75162 0.30025
-2.74535 0.302
-2.73908 0.304
-2.73308 0.307
-2.72626 0.307
-2.65072 0
-2.64417 0
-2.63736 0
-2.69135 0.27425
-2.68481 0.275
-2.67853 0.27525
-2.67199 0.276
-2.66544 0.2765
-2.6589 0.277
-2.65235 0.278
-2.64636 0.28
-2.64063 0.28225
-2.63408 0.284
-2.62836 0.28625
-2.62208 0.289
-2.61636 0.292
-2.6109 0.296
-2.6049 0.299
-2.59918 0.303
-2.59318 0.30625
-2.58745 0.31
-2.58063 0.30975
-2.56836 0.317
-2.56236 0.3205
-2.55663 0.325
-2.55009 0.32475
-2.47019 0
-2.46337 0
-2.45682 0
-2.53045 0.36575
-2.52364 0.366
-2.51709 0.366
-2.42983 0
-2.42301 0
-2.41646 0
-2.40965 0
-2.40283 0
-2.39628 0
-2.38946 0
-2.38265 0
-2.3761 0
-2.36928 0
-2.36247 0
-2.35592 0
-2.3491 0
-2.34229 0
-2.33574 0
-2.45137 1.2645
-2.44455 1.264
-2.43801 1.26675
-2.43119 1.27
-2.42437 1.27325
-2.41783 1.276
-2.41128 1.281
-2.40446 1.285
-2.39792 1.2875
-2.3911 1.291
-2.38428 1.29525
-2.37774 1.299
-2.37119 1.30475
-2.36438 1.31
-2.35783 1.3145
-2.35101 1.318
-2.34474 1.3225
-2.33792 1.328
-2.33111 1.33175
-2.32456 1.337
-2.31774 1.34125
-2.3112 1.347
-2.30465 1.351
-2.29783 1.356
-2.29102 1.3625
-2.28474 1.369
-2.27793 1.37425
-2.27111 1.38
-2.26456 1.38575
-2.25775 1.392
-2.2512 1.398
-2.24466 1.404
-2.23784 1.41
-2.23102 1.417
-2.22475 1.42475
-2.21793 1.432
-2.21111 1.43825
-2.20484 1.446
-2.19802 1.454
-2.19121 1.461
-2.18466 1.4675
-2.17812 1.475
-2.1713 1.48325
-2.16475 1.491
-2.15821 1.50025
-2.15139 1.509
-2.14485 1.5175
-2.13803 1.525
-2.13148 1.534
-2.12494 1.542
-2.11812 1.55025
-2.11158 1.56
-2.10503 1.56975
-2.09821 1.579
-2.0914 1.57925
-2.07721 1.597
-2.07067 1.60725
-2.06412 1.619
-2.05785 1.629
-2.05103 1.64
-2.04449 1.6505
-2.03822 1.661
-2.03167 1.67275
-2.02485 1.684
-2.01831 1.66975
-2.01176 1.657
-2.00522 1.685
-1.99867 1.714
-1.99213 1.717
-1.98558 1.721
-1.97931 1.73425
-1.97249 1.747
-1.96595 1.76175
-1.95968 1.776
-1.95286 1.7905
-1.94631 1.804
-1.94004 1.819
-1.9335 1.834
-1.92695 1.85175
-1.92041 1.869
-1.91386 1.88625
-1.90759 1.903
-1.90077 1.9215
-1.89423 1.939
-1.88796 1.9575
-1.88141 1.975
-1.87487 1.99325
-1.86832 2.013
-1.86178 2.03575
-1.85523 2.058
-1.84869 2.079
-1.84241 2.099
-1.83587 2.121
-1.82905 2.142
-1.82278 2.16525
-1.81623 2.188
-1.80969 2.21225
-1.80314 2.238
-1.7966 2.2385
-1.66024 0
-1.6537 0
-1.64688 0
-1.77096 2.466
-1.76442 2.466
-1.7576 2.49575
-1.75133 2.526
-1.74478 2.55675
-1.73851 2.589
-1.73169 2.6225
-1.72515 2.657
-1.71888 2.6975
-1.71233 2.739
-1.70579 2.77925
-1.69924 2.82
-1.6927 2.85725
-1.68642 2.894
-1.67961 2.8805
-1.67306 2.867
-1.66624 2.8595
-1.65943 2.851
-1.65288 2.84225
-1.64634 2.835
-1.63979 2.82675
-1.63297 2.819
-1.62643 2.8195
-1.48817 0
-1.48162 0
-1.4748 0
-1.46826 0
-1.46171 0
-1.45517 0
-1.44835 0
-1.44181 0
-1.43526 0
-1.42844 0
-1.41426 0
-1.53807 2.40925
-1.53153 2.409
-1.52471 2.409
-1.38781 0
-1.38099 0
-1.37445 0
-1.49935 2.7105
-1.49253 2.711
-1.48598 2.70625
-1.47917 2.701
-1.47262 2.69875
-1.4658 2.696
-1.45926 2.693
-1.45271 2.691
-1.4459 2.686
-1.43935 2.681
-1.43253 2.68025
-1.42599 2.68
-1.41944 2.67675
-1.41263 2.675
-1.40608 2.6735
-1.39926 2.671
-1.39245 2.668
-1.38563 2.665
-1.37908 2.66225
-1.37254 2.66
-1.36572 2.65775
-1.35918 2.657
-1.35236 2.6545
-1.34581 2.651
-1.33927 2.6495
-1.33245 2.648
-1.3259 2.64475
-1.31909 2.641
-1.31254 2.64125
-1.30572 2.643
-1.29918 2.647
-1.29263 2.651
-1.28582 2.658
-1.27927 2.665
-1.27245 2.66525
-1.13474 0
-1.12819 0
-1.12137 0
-1.11483 0
-1.10801 0
-1.10147 0
-1.09465 0
-1.0881 0
-1.08156 0
-1.07474 0
-1.0682 0
-1.06138 0
-1.05483 0
-1.04829 0
-1.04147 0
-1.03493 0
-1.02811 0
-1.02156 0
-1.01475 0
-1.0082 0
-1.00166 0
-0.994838 0
-0.988293 0
-0.981475 0
-0.97493 0
-0.968385 0
-0.961567 0
-1.08647 2.70725
-1.07965 2.707
-1.0731 2.709
-1.06629 2.711
-1.05974 2.7115
-0.921752 0
-0.914934 0
-0.908389 0
-0.901572 0
-0.895027 0
-0.888209 0
-0.875665 0
-0.869119 0
-0.862302 0
-0.855757 0
-0.848939 0
-0.842394 0
-0.835576 0
-0.829031 0
-0.822213 0
-0.815396 0
-0.808851 0
-0.802033 0
-0.795488 0
-0.788671 0
-0.782126 0
-0.775308 0
-0.768763 0
-0.761945 0
-0.755128 0
-0.880573 2.8695
-0.873755 2.87
-0.867211 2.87025
-0.728402 0
-0.721857 0
-0.71504 0
-0.708494 0
-0.701677 0
-0.694859 0
-0.688314 0
-0.681496 0
-0.674951 0
-0.668134 0
-0.661589 0
-0.654771 0
-0.648226 0
-0.641408 0
-0.634591 0
-0.628046 0
-0.621228 0
-0.614683 0
-0.607866 0
-0.601321 0
-0.594503 0
-0.587958 0
-0.58114 0
-0.65668 0.37775
-0.650135 0.378
-0.64359 0.379
-0.637045 0.379
-0.630227 0.379
-0.623682 0.38
-0.617138 0.38175
-0.610865 0.383
-0.604048 0.38375
-0.597503 0.386
-0.59123 0.388
-0.584685 0.389
-0.578686 0.392
-0.572141 0.394
-0.565323 0.39325
-0.473966 0
-0.467421 0
-0.460603 0
-0.453786 0
-0.447241 0
-0.440423 0
-0.433878 0
-0.42706 0
-0.420515 0
-0.519781 0.64675
-0.513236 0.647
-0.506145 0.6405
-0.499055 0.635
-0.492237 0.632
-0.48542 0.629
-0.478602 0.62525
-0.471512 0.621
-0.464694 0.61675
-0.457603 0.612
-0.450786 0.61225
-0.437969 0.604
-0.431151 0.6
-0.424333 0.597
-0.417243 0.59375
-0.410425 0.59
-0.403335 0.58575
-0.39679 0.583
-0.389972 0.583
-0.280889 0
-0.274344 0
-0.267526 0
-0.260981 0
-0.254164 0
-0.314432 0.2975
-0.307887 0.298
-0.301069 0.29775
-0.294797 0.298
-0.287707 0.29725
-0.281434 0.298
-0.274344 0.2975
-0.267799 0.297
-0.260981 0.2975
-0.254436 0.297
-0.247618 0.29625
-0.240801 0.296
-0.233983 0.29525
-0.227438 0.296
-0.220893 0.296
-0.214075 0.296
-0.20753 0.2965
-0.200986 0.296
-0.193895 0.29525
-0.187623 0.296
-0.180805 0.29625
-0.17426 0.296
-0.167443 0.2965
-0.160898 0.296
-0.154352 0.2965
-0.147807 0.297
-0.141262 0.29725
-0.134445 0.297
-0.127627 0.29675
-0.121082 0.297
-0.114537 0.2975
-0.107992 0.297
-0.101175 0.2975
-0.0946296 0.297
-0.087539 0.29675
-0.0812667 0.297
-0.0741766 0.29575
-0.0676316 0.296
-0.0610865 0.2965
-0.0548142 0.298
-0.0482691 0.2985
-0.0417245 0.299
-0.0351794 0.29925
-0.0283616 0.299
-0.0215438 0.29875
-0.0152715 0.3
-0.00899917 0.3015
-0.00272686 0.303
0.00409062 0.3025
0.0109083 0.302
0.017726 0.30175
0.024271 0.302
0.0305433 0.30275
0.037361 0.303
0.0439059 0.3035
0.0504509 0.304
0.0569959 0.304
0.0640863 0.303
0.0703586 0.30375
0.0763582 0.306
0.0831758 0.30675
0.0897208 0.307
0.0965385 0.307
0.102811 0.308
0.109083 0.3095
0.115628 0.31
0.122446 0.3105
0.134718 0.313
0.141263 0.312
0.14808 0.311
0.154898 0.31175
0.16117 0.313
0.167715 0.31375
0.17426 0.314
0.180805 0.3145
0.18735 0.315
0.194168 0.3155
0.20044 0.316
0.206985 0.31775
0.213257 0.319
0.21953 0.32025
0.226075 0.321
0.232347 0.322
0.239165 0.323
0.245437 0.3245
0.251709 0.326
0.258527 0.32575
0.265072 0.326
0.271617 0.32675
0.278162 0.328
0.284707 0.3285
0.290979 0.329
0.297797 0.3295
0.304342 0.329
0.310887 0.33125
0.316886 0.334
0.323431 0.33475
0.329431 0.337
0.336249 0.338
0.342248 0.34
0.348793 0.342
0.355065 0.343
0.36161 0.34375
0.368155 0.345
0.3747 0.34575
0.381245 0.347
0.387518 0.348
0.394063 0.349
0.40088 0.348
0.407698 0.348
0.413698 0.35075
0.420243 0.353
0.426242 0.35575
0.432514 0.358
0.439059 0.3595
0.445059 0.362
0.451877 0.363
0.457876 0.365
0.464421 0.36725
0.470693 0.369
0.477238 0.37025
0.483511 0.372
0.490056 0.3745
0.496328 0.376
0.5026 0.3785
0.509145 0.38
0.515418 0.38125
0.521963 0.384
0.527962 0.38625
0.534507 0.389
0.541052 0.3885
0.631864 0
0.638409 0
0.645226 0
0.651771 0
0.658316 0
0.665134 0
0.671679 0
0.678497 0
0.685042 0
0.691859 0
0.698404 0
0.705222 0
0.711767 0
0.718585 0
0.72513 0
0.731947 0
0.616319 2.223
0.622592 2.2295
0.629137 2.235
0.635682 2.23875
0.642227 2.244
0.648772 2.24825
0.655317 2.252
0.661862 2.2595
0.668407 2.266
0.674679 2.2695
0.681224 2.274
0.687769 2.27975
0.694041 2.285
0.700586 2.29375
0.707131 2.302
0.713676 2.308
0.720221 2.314
0.726493 2.3205
0.733038 2.326
0.739583 2.33425
0.746128 2.344
0.752401 2.35025
0.758946 2.356
0.76549 2.3645
0.772035 2.373
0.778308 2.3815
0.784853 2.39
0.791398 2.39725
0.797943 2.405
0.804488 2.41425
0.81076 2.423
0.817305 2.4355
0.82385 2.448
0.830395 2.448
