0.852484 1.2
0.865574 1.246
0.872665 1.21825
0.879482 1.19
0.8863 1.187
0.893118 1.183
0.899663 1.1835
1.02756 0
1.03438 0
1.04093 0
1.04774 0
1.05429 0
1.06111 0
1.06765 0
1.07447 0
1.08101 0
1.08783 0
1.09438 0
1.10119 0
1.10774 0
1.11456 0
1.1211 0
1.12792 0
1.13446 0
1.14128 0
1.14783 0
1.15464 0
1.16119 0
1.16801 0
1.17455 0
1.18137 0
1.18791 0
1.19473 0
1.20128 0
1.2081 0
1.21464 0
1.22146 0
1.228 0
1.23482 0
1.24137 0
1.24818 0
1.25473 0
1.26155 0
1.26809 0
1.27491 0
1.28145 0
1.28827 0
1.29482 0
1.30163 0
1.30818 0
1.315 0
1.32154 0
1.32836 0
1.3349 0
1.34172 0
1.34827 0
1.35508 0
1.36163 0
1.36845 0
1.37499 0
1.38181 0
1.38835 0
1.39517 0
1.40172 0
1.40854 0
1.41508 0
1.4219 0
1.42844 0
1.43526 0
1.44181 0
1.44862 0
1.45517 0
1.46199 0
1.46853 0
1.47535 0
1.48189 0
1.48871 0
1.49526 0
1.50207 0
1.50862 0
1.51544 0
1.52825 0
1.5348 0
1.54162 0
1.54816 0
1.55498 0
1.56152 0
1.56834 0
1.57516 0
1.5817 0
1.58852 0
1.59507 0
1.60188 0
1.60843 0
1.48435 2.5735
1.49117 2.573
1.49771 2.56825
1.50453 2.564
1.51107 2.56325
1.64879 0
1.65561 0
1.66215 0
1.66897 0
1.67552 0
1.66434 0.1785
1.67115 0.178
1.67852 0.177
1.68697 0.175
1.69406 0.17425
1.7017 0.173
1.70906 0.17175
1.71724 0.17
1.72488 0.169
1.73142 0.169
1.73906 0.168
1.74615 0.167
1.75406 0.16575
1.76033 0.166
1.76824 0.16475
1.77478 0.165
1.78105 0.1655
1.78814 0.165
1.79523 0.1645
1.80233 0.164
1.80942 0.16375
1.81569 0.164
1.82278 0.16375
1.82905 0.164
1.83641 0.1635
1.84241 0.164
1.84978 0.1635
1.85605 0.164
1.86314 0.16325
1.86941 0.164
1.8765 0.16325
1.88277 0.164
1.88932 0.1645
1.89614 0.164
1.90268 0.1645
1.90868 0.165
1.91495 0.16575
1.92123 0.166
1.92832 0.16575
1.93486 0.166
1.94113 0.1665
1.94741 0.167
1.95368 0.1675
1.96022 0.168
1.96622 0.16875
1.97195 0.17
1.97822 0.17075
1.98449 0.171
1.99077 0.172
1.99649 0.173
2.00249 0.174
2.00876 0.175
2.01422 0.17625
2.02049 0.177
2.02649 0.17775
2.03249 0.179
2.03958 0.17875
2.05022 0.182
2.05594 0.18325
2.06085 0.186
2.06576 0.189
2.07094 0.191
2.07776 0.191
2.11048 0
2.1173 0
2.12385 0
2.05403 0.34375
2.06058 0.344
2.0674 0.34425
2.0734 0.346
2.07967 0.35
2.08567 0.353
2.09167 0.3575
2.09739 0.362
2.10476 0.35675
2.11239 0.352
2.11976 0.34875
2.12685 0.346
2.13394 0.343
2.1413 0.34
2.14812 0.339
2.15494 0.339
2.16175 0.33825
2.16857 0.338
2.17512 0.33825
2.18193 0.338
2.18848 0.338
2.1953 0.338
2.20157 0.3385
2.20839 0.338
2.2152 0.33825
2.22175 0.338
2.22857 0.33725
2.23511 0.337
2.2422 0.336
2.24875 0.336
2.25557 0.3365
2.26211 0.336
2.2692 0.33525
2.27547 0.336
2.28229 0.33675
2.28856 0.337
2.29511 0.3385
2.30138 0.341
2.30711 0.3465
2.31283 0.351
2.31856 0.35625
2.32456 0.361
2.33001 0.36725
2.33601 0.373
2.34229 0.3735
2.43092 0
2.43746 0
2.44428 0
2.45082 0
2.45764 0
2.46419 0
2.471 0
2.37065 0.6645
2.37747 0.664
2.38401 0.66175
2.39056 0.661
2.39737 0.65975
2.40392 0.66
2.41074 0.6605
2.41728 0.662
2.4241 0.663
2.43064 0.664
2.43719 0.66575
2.44373 0.668
2.45055 0.67025
2.45682 0.674
2.46337 0.6765
2.46991 0.678
2.47673 0.68
2.48328 0.681
2.49009 0.6815
2.50373 0.683
2.51027 0.683
2.51709 0.684
2.52364 0.68475
2.53045 0.685
2.53727 0.68575
2.54382 0.687
2.55064 0.6875
2.55718 0.689
2.56372 0.6905
2.57054 0.691
2.57709 0.69125
2.58391 0.692
2.59072 0.69325
2.597 0.695
2.60381 0.6965
2.61063 0.699
2.6169 0.703
2.62345 0.708
2.62945 0.72625
2.63545 0.744
2.64199 0.75025
2.64826 0.758
2.65508 0.76
2.66163 0.763
2.66817 0.765
2.67499 0.768
2.68153 0.77025
2.68808 0.774
2.69462 0.77675
2.70117 0.78
2.70771 0.789
2.71426 0.797
2.72026 0.8155
2.72626 0.834
2.7328 0.84875
2.7388 0.863
2.74562 0.86275
2.86698 0
2.87352 0
2.88034 0
2.76253 1.425
2.76935 1.425
2.77616 1.4195
2.78298 1.415
2.7898 1.40975
2.79662 1.406
2.80316 1.40025
2.80998 1.395
2.81707 1.39
2.82362 1.384
2.83043 1.3795
2.83698 1.375
2.8438 1.37225
2.85061 1.369
2.85743 1.36425
2.86425 1.359
2.87107 1.3545
2.87761 1.351
2.88443 1.346
2.89125 1.342
2.89806 1.33825
2.90488 1.335
2.91143 1.33125
2.91825 1.328
2.92506 1.323
2.93188 1.319
2.9387 1.3165
2.94552 1.313
2.95206 1.31025
2.95888 1.308
2.96542 1.30475
2.97224 1.302
2.97933 1.299
2.98588 1.296
2.99269 1.2925
2.99951 1.29
3.00606 1.28825
3.01287 1.286
3.01969 1.28625
3.03387 1.281
3.04069 1.27875
3.04724 1.276
3.05405 1.273
3.0606 1.27
3.06714 1.2685
3.07396 1.266
3.08051 1.26425
3.08705 1.262
3.09387 1.25975
3.10069 1.257
3.10723 1.2545
3.11405 1.253
3.12059 1.253
3.12714 1.252
3.13396 1.25075
3.1405 1.249
-3.13614 1.24775
-3.12932 1.247
-3.12278 1.2455
-3.11623 1.244
-3.10941 1.2435
-3.10287 1.242
-3.09632 1.24125
-3.08951 1.24
-3.08296 1.23925
-3.07614 1.238
-3.06932 1.238
-3.06278 1.237
-3.05624 1.2355
-3.04942 1.235
-3.04287 1.23525
-3.03633 1.235
-3.02951 1.23325
-3.02296 1.233
-3.01642 1.234
-3.0096 1.235
-3.00306 1.2355
-2.99651 1.235
-2.98969 1.23475
-2.98315 1.235
-2.97633 1.23525
-2.96979 1.235
-2.96324 1.236
-2.95642 1.236
-2.94988 1.2355
-2.94333 1.234
-2.93652 1.23425
-2.92997 1.235
-2.92343 1.23525
-2.91661 1.236
-2.91006 1.2355
-2.90352 1.236
-2.8967 1.2365
-2.89016 1.238
-2.88361 1.23775
-2.87679 1.239
-2.87052 1.23975
-2.86398 1.24
-2.85716 1.2415
-2.85061 1.242
-2.84407 1.243
-2.83725 1.244
-2.83071 1.24525
-2.82416 1.247
-2.81734 1.24875
-2.8108 1.252
-2.80425 1.2525
-2.79744 1.254
-2.79089 1.2545
-2.78435 1.256
-2.77753 1.25825
-2.77126 1.26
-2.76471 1.26125
-2.75789 1.263
-2.75135 1.2655
-2.7448 1.268
-2.73799 1.271
-2.73144 1.273
-2.72462 1.2735
-2.71071 1.277
-2.70444 1.28
-2.69762 1.282
-2.69081 1.28475
-2.68426 1.287
-2.67744 1.28775
-2.67063 1.29
-2.66408 1.2935
-2.65726 1.296
-2.65045 1.299
-2.6439 1.302
-2.63736 1.30525
-2.63054 1.308
-2.62372 1.31125
-2.61718 1.315
-2.61036 1.318
-2.60354 1.321
-2.597 1.325
-2.59045 1.329
-2.58363 1.33175
-2.57681 1.336
-2.57027 1.33925
-2.56345 1.344
-2.55691 1.3475
-2.55009 1.351
-2.54354 1.3555
-2.53673 1.36
-2.52991 1.36475
-2.52364 1.369
-2.51682 1.37325
-2.51 1.377
-2.50346 1.381
-2.49664 1.385
-2.48982 1.391
-2.48328 1.397
-2.47673 1.40125
-2.46991 1.405
-2.4631 1.41125
-2.45682 1.418
-2.45001 1.423
-2.44319 1.429
-2.43637 1.4335
-2.42983 1.439
-2.42328 1.44525
-2.41646 1.453
-2.40992 1.45875
-2.4031 1.466
-2.39656 1.472
-2.38974 1.479
-2.38319 1.4855
-2.37637 1.493
-2.36983 1.49875
-2.36328 1.504
-2.35647 1.51025
-2.34965 1.518
-2.3431 1.527
-2.33656 1.535
-2.32974 1.542
-2.32292 1.549
-2.31665 1.55875
-2.30983 1.568
-2.30302 1.57575
-2.29647 1.583
-2.28993 1.5905
-2.28311 1.599
-2.27629 1.6095
-2.26975 1.619
-2.2632 1.62925
-2.25638 1.639
-2.24984 1.64875
-2.24329 1.659
-2.23648 1.668
-2.22966 1.678
-2.22311 1.689
-2.21657 1.699
-2.20975 1.70875
-2.20321 1.719
-2.19639 1.70375
-2.1893 1.688
-2.18248 1.68825
-2.17021 1.742
-2.16366 1.74675
-2.15712 1.751
-2.1503 1.7645
-2.14403 1.777
-2.13721 1.791
-2.13067 1.804
-2.12439 1.81775
-2.11758 1.833
-2.11103 1.84775
-2.10449 1.862
-2.09794 1.8785
-2.09112 1.895
-2.08485 1.91
-2.07831 1.924
-2.07149 1.94175
-2.06522 1.959
-2.0584 1.97675
-2.05213 1.995
-2.04558 2.0135
-2.03876 2.033
-2.03249 2.051
-2.02567 2.068
-2.01913 2.08725
-2.01258 2.108
-2.00604 2.12875
-1.99949 2.151
-1.99295 2.173
-1.9864 2.196
-1.97986 2.218
-1.97331 2.24
-1.96677 2.26525
-1.96022 2.292
-1.95368 2.34175
-1.94713 2.392
-1.94059 2.419
-1.93404 2.446
-1.9275 2.475
-1.92123 2.503
-1.91441 2.53225
-1.90786 2.563
-1.90132 2.59525
-1.89477 2.629
-1.88823 2.662
-1.88168 2.695
-1.87514 2.7335
-1.86859 2.772
-1.86205 2.80275
-1.85523 2.834
-1.84896 2.86575
-1.84241 2.897
-1.8356 2.8825
-1.82905 2.868
-1.82196 2.862
-1.81542 2.855
-1.80887 2.84575
-1.80205 2.837
-1.79551 2.83625
-1.65697 0
-1.78105 2.4705
-1.77424 2.471
-1.76769 2.471
-1.63052 0
-1.6237 0
-1.61716 0
-1.61034 0
-1.60379 0
-1.59725 0
-1.59043 0
-1.58389 0
-1.57707 0
-1.70088 2.40975
-1.69406 2.41
-1.68779 2.42725
-1.68124 2.444
-1.67443 2.444
-1.53725 0
-1.66188 2.699
-1.65534 2.699
-1.64852 2.699
-1.63597 2.694
-1.62943 2.68875
-1.62261 2.685
-1.61607 2.6835
-1.60925 2.681
-1.6027 2.678
-1.59589 2.675
-1.58934 2.67225
-1.58252 2.67
-1.5757 2.66775
-1.56889 2.665
-1.56234 2.6645
-1.55552 2.663
-1.54871 2.656
-1.54216 2.65
-1.53534 2.64975
-1.5288 2.649
-1.52198 2.64575
-1.51544 2.642
-1.50862 2.6395
-1.50207 2.637
-1.49526 2.634
-1.48871 2.631
-1.48189 2.62975
-1.47508 2.63
-1.46853 2.62875
-1.46171 2.629
-1.45517 2.629
-1.31718 0
-1.31063 0
-1.30382 0
-1.29727 0
-1.29045 0
-1.28391 0
-1.27709 0
-1.27027 0
-1.26373 0
-1.25691 0
-1.25036 0
-1.24355 0
-1.237 0
-1.23018 0
-1.22364 0
-1.21682 0
-1.21028 0
-1.20346 0
-1.19664 0
-1.1901 0
-1.18328 0
-1.17673 0
-1.16992 0
-1.16337 0
-1.15655 0
-1.15001 0
-1.14319 0
-1.13665 0
-1.12983 0
-1.12301 0
-1.11647 0
-1.10965 0
-1.1031 0
-1.22773 2.6835
-1.22119 2.683
-1.21437 2.68275
-1.07638 0
-1.06956 0
-1.06301 0
-1.0562 0
-1.04938 0
-1.04283 0
-1.03602 0
-1.02947 0
-1.02265 0
-1.01611 0
-1.00929 0
-1.00275 0
-0.995929 0
-0.989384 0
-0.982566 0
-0.975748 0
-0.961567 0
-0.955022 0
-0.948205 0
-1.06492 1.33225
-1.05811 1.333
-1.05129 1.3325
-0.92148 0
-0.914662 0
-0.908117 0
-0.901299 0
-0.894481 0
-0.887936 0
-0.881119 0
-0.874301 0
-0.867756 0
-0.860938 0
-0.854393 0
-0.847575 0
-0.840758 0
-0.834213 0
-0.827395 0
-0.890663 0.311
-0.884118 0.311
-0.877301 0.31075
-0.870755 0.311
-0.863938 0.31075
-0.85712 0.311
-0.850575 0.311
-0.843757 0.311
-0.837212 0.3115
-0.830668 0.312
-0.82385 0.31275
-0.817305 0.313
-0.81076 0.31375
-0.803943 0.314
-0.79767 0.3145
-0.791125 0.316
-0.785126 0.319
-0.779126 0.322
-0.772035 0.32175
-0.765763 0.322
-0.758673 0.32125
-0.679588 0
-0.746946 0.3295
-0.740402 0.33
-0.733856 0.3305
-0.652862 0
-0.646045 0
-0.639499 0
-0.632682 0
-0.625864 0
-0.619319 0
-0.612501 0
-0.605956 0
-0.599139 0
-0.592321 0
-0.585776 0
-0.680133 0.56125
-0.673588 0.562
-0.666498 0.55725
-0.659407 0.554
-0.65259 0.55
-0.645226 0.545
-0.638408 0.542
-0.631318 0.538
-0.624228 0.53375
-0.61741 0.53
-0.61032 0.52675
-0.603229 0.523
-0.596412 0.5195
-0.589321 0.516
-0.582231 0.513
-0.575413 0.51
-0.568596 0.50725
-0.561778 0.504
-0.554415 0.50025
-0.547597 0.498
-0.540779 0.4945
-0.533689 0.492
-0.526871 0.4915
-0.512145 0.486
-0.505328 0.4835
-0.49851 0.481
-0.491419 0.47775
-0.484602 0.476
-0.477511 0.47375
-0.470966 0.472
-0.464148 0.469
-0.457058 0.467
-0.45024 0.465
-0.443423 0.463
-0.436333 0.45975
-0.429787 0.458
-0.422697 0.45625
-0.415879 0.454
-0.409062 0.4525
-0.402244 0.45
-0.395426 0.448
-0.388336 0.447
-0.381791 0.44525
-0.3747 0.444
-0.367883 0.44075
-0.361065 0.439
-0.354247 0.4375
-0.34743 0.436
-0.340339 0.434
-0.333794 0.433
-0.326977 0.43175
-0.319886 0.43
-0.313341 0.42825
-0.306524 0.428
-0.299706 0.426
-0.292888 0.425
-0.286616 0.4285
-0.280343 0.431
-0.273526 0.43025
-0.177532 0
-0.170988 0
-0.16417 0
-0.157625 0
-0.150807 0
-0.144262 0
-0.137445 0
-0.1309 0
-0.124355 0
-0.117537 0
-0.110992 0
-0.104174 0
-0.0976294 0
-0.17726 0.40525
-0.170715 0.406
-0.163897 0.4055
-0.0709041 0
-0.064359 0
-0.0578139 0
-0.0509961 0
-0.0444515 0
-0.0376337 0
-0.0310887 0
-0.0245436 0
-0.0177258 0
-0.0111812 0
-0.00436336 0
-0.127082 2.124
-0.120537 2.124
-0.113719 2.12025
-0.107174 2.118
-0.100356 2.11375
-0.0938113 2.111
-0.0872663 2.108
-0.0804489 2.105
-0.0739039 2.1
-0.0668133 2.095
-0.0602682 2.09075
-0.0537236 2.088
-0.0469058 2.08525
-0.0403608 2.084
-0.0335429 2.0825
-0.0269979 2.08
-0.0201805 2.0805
0.122991 0
0.129536 0
0.136081 0
0.0218166 1.16725
0.0283616 1.168
0.035452 1.162
0.041997 1.157
0.048542 1.1585
0.0553597 1.16
0.0619046 1.16075
0.0687223 1.163
0.0752673 1.15675
0.082085 1.152
0.08863 1.154
0.095175 1.157
0.101993 1.154
0.108538 1.152
0.115355 1.14975
0.122173 1.148
0.128445 1.14925
0.135263 1.151
0.141808 1.1505
0.148626 1.151
0.155443 1.1485
0.162261 1.145
0.168806 1.14475
0.175351 1.145
0.182169 1.14425
0.188714 1.144
0.195531 1.144
0.202076 1.144
0.208621 1.1475
0.215166 1.15
0.221711 1.14975
0.228529 1.151
0.235074 1.15075
0.241892 1.152
0.248437 1.153
0.254982 1.155
0.261799 1.1555
0.389154 0
0.395972 0
0.402517 0
0.286343 1.28225
0.293161 1.283
0.299978 1.27125
0.306796 1.261
0.313614 1.254
0.320432 1.246
0.327249 1.238
0.333794 1.231
0.340612 1.22375
0.34743 1.218
0.354247 1.21225
0.360792 1.208
0.367337 1.204
0.374428 1.199
0.380973 1.193
0.38779 1.186
0.394335 1.18375
0.401426 1.181
0.407971 1.18025
0.414516 1.179
0.421333 1.176
0.427878 1.172
0.434696 1.1705
0.441241 1.169
0.447786 1.16625
0.454876 1.165
0.461421 1.16325
0.468239 1.161
0.474784 1.1605
0.481602 1.159
0.488147 1.159
0.494692 1.158
0.501509 1.15925
0.508054 1.16
0.514872 1.16125
0.521417 1.162
0.528235 1.16225
0.542143 1.172
0.548688 1.18075
0.55496 1.19
0.561505 1.2
0.567777 1.21
0.574322 1.21
0.702495 0
0.709313 0
0.715858 0
0.722403 0
0.728948 0
0.605684 2.26625
0.612229 2.267
0.619046 2.27225
0.625591 2.279
0.631864 2.2885
0.638409 2.297
0.644954 2.3035
0.651499 2.31
0.658044 2.31925
0.664861 2.329
0.671406 2.33625
0.677951 2.344
0.684224 2.353
0.690769 2.362
0.697314 2.371
0.704131 2.381
0.710676 2.39025
0.717221 2.4
0.723766 2.40925
0.730311 2.419
0.736583 2.4755
0.742856 2.531
0.749673 2.5475
0.756218 2.563
0.762763 2.56525
0.769308 2.567
0.775853 2.56625
0.913298 0
0.920116 0
0.926661 0
0.933206 0
0.939751 0
0.824395 1.2245
0.83094 1.225
0.837758 1.2245
