0.964022 0
0.976566 0
0.861484 1.21725
0.868029 1.217
0.874574 1.2245
0.881119 1.232
0.887936 1.2315
1.01638 0
1.0232 0
1.02974 0
1.03656 0
1.04311 0
1.04992 0
1.05647 0
1.06329 0
1.06983 0
1.07665 0
1.08319 0
1.09001 0
1.09656 0
1.10338 0
1.10992 0
1.11674 0
1.12328 0
1.1301 0
1.13665 0
1.14346 0
1.15001 0
1.15683 0
1.16337 0
1.17019 0
1.17673 0
1.18355 0
1.1901 0
1.19691 0
1.20346 0
1.21028 0
1.21682 0
1.22364 0
1.23018 0
1.237 0
1.24355 0
1.25036 0
1.25691 0
1.26373 0
1.27027 0
1.27709 0
1.28364 0
1.29045 0
1.297 0
1.30382 0
1.31036 0
1.31718 0
1.32372 0
1.33054 0
1.33709 0
1.3439 0
1.35045 0
1.35727 0
1.36381 0
1.37063 0
1.37717 0
1.38399 0
1.39054 0
1.39735 0
1.4039 0
1.41072 0
1.41726 0
1.42408 0
1.43062 0
1.43744 0
1.44399 0
1.4508 0
1.45735 0
1.46417 0
1.47071 0
1.47753 0
1.48408 0
1.49089 0
1.49744 0
1.50426 0
1.51844 0
1.52498 0
1.53153 0
1.53834 0
1.54489 0
1.55171 0
1.55825 0
1.56507 0
1.57161 0
1.57843 0
1.58498 0
1.59179 0
1.59834 0
1.47399 2.579
1.4808 2.579
1.48735 2.57325
1.49417 2.568
1.50071 2.56475
1.50753 2.561
1.51407 2.561
1.65179 0
1.65834 0
1.66515 0
1.6717 0
1.67824 0
1.66733 0.178
1.67388 0.178
1.68179 0.17625
1.68997 0.174
1.69733 0.17325
1.70497 0.172
1.71233 0.171
1.71969 0.17
1.72733 0.169
1.73469 0.168
1.74178 0.16725
1.7486 0.167
1.75596 0.16625
1.76278 0.166
1.76987 0.1655
1.77696 0.165
1.78351 0.165
1.79114 0.164
1.79796 0.16375
1.80451 0.164
1.81214 0.16275
1.81841 0.163
1.82578 0.1625
1.83178 0.163
1.83832 0.1635
1.84514 0.163
1.85223 0.16275
1.8585 0.163
1.86559 0.16275
1.87187 0.163
1.87841 0.1635
1.88441 0.164
1.8915 0.1635
1.89777 0.164
1.90377 0.16475
1.91032 0.165
1.91686 0.16525
1.92368 0.165
1.93023 0.165
1.93622 0.166
1.94277 0.166
1.94877 0.167
1.95477 0.16775
1.96131 0.168
1.96786 0.16825
1.97386 0.169
1.97959 0.1705
1.98558 0.171
1.99131 0.1725
1.99758 0.173
2.00467 0.17275
2.01013 0.174
2.01613 0.17525
2.02131 0.177
2.0284 0.17675
2.04094 0.179
2.04694 0.18
2.05213 0.182
2.05813 0.18325
2.06303 0.186
2.06822 0.18825
2.07312 0.191
2.0794 0.1915
2.11267 0
2.04204 0.346
2.04885 0.346
2.0554 0.34625
2.06194 0.347
2.06849 0.34825
2.07476 0.349
2.08103 0.353
2.08676 0.357
2.09276 0.361
2.09876 0.365
2.10612 0.36025
2.11376 0.356
2.12112 0.35175
2.12848 0.347
2.13557 0.345
2.14266 0.342
2.14975 0.341
2.1563 0.34
2.16312 0.33975
2.16966 0.34
2.17648 0.33925
2.18303 0.34
2.18984 0.339
2.19639 0.339
2.20321 0.339
2.20975 0.339
2.21684 0.33775
2.22339 0.338
2.22993 0.33725
2.23675 0.337
2.24357 0.3365
2.25011 0.337
2.25666 0.337
2.26347 0.337
2.27029 0.33675
2.27656 0.338
2.28311 0.33875
2.28938 0.341
2.29538 0.345
2.30138 0.348
2.30711 0.353
2.31311 0.358
2.31856 0.36325
2.32483 0.368
2.33138 0.36725
2.41864 0
2.42546 0
2.43201 0
2.43882 0
2.44537 0
2.45191 0
2.45873 0
2.46528 0
2.4721 0
2.37174 0.6635
2.37828 0.663
2.3851 0.663
2.39165 0.663
2.39846 0.66375
2.40501 0.664
2.41128 0.66525
2.4181 0.666
2.42464 0.668
2.43146 0.67
2.43773 0.6735
2.44428 0.676
2.45082 0.67875
2.45737 0.681
2.46391 0.68275
2.47046 0.684
2.47728 0.68425
2.49118 0.686
2.49773 0.68725
2.50427 0.688
2.51082 0.6895
2.51764 0.69
2.52446 0.6905
2.531 0.69
2.53782 0.69075
2.54436 0.692
2.55118 0.69225
2.558 0.694
2.56427 0.6945
2.57109 0.696
2.57791 0.6965
2.58445 0.698
2.59127 0.69975
2.59754 0.703
2.60409 0.70725
2.6109 0.711
2.61745 0.7115
2.73335 0
2.74017 0
2.74671 0
2.64226 0.766
2.64881 0.766
2.65535 0.76875
2.66217 0.771
2.66872 0.77425
2.67526 0.777
2.68181 0.78
2.68863 0.783
2.6949 0.797
2.7009 0.81
2.70744 0.81925
2.71399 0.828
2.71999 0.84325
2.72653 0.86
2.73308 0.8595
2.85416 0
2.86098 0
2.86752 0
2.87434 0
2.88116 0
2.76335 1.4245
2.77016 1.425
2.77671 1.41875
2.7838 1.414
2.79062 1.41025
2.79716 1.406
2.80398 1.4005
2.8108 1.395
2.81762 1.3895
2.82443 1.385
2.83098 1.38075
2.8378 1.376
2.84461 1.37125
2.85143 1.368
2.85825 1.364
2.86479 1.359
2.87161 1.354
2.87843 1.35
2.88497 1.34575
2.89207 1.342
2.89888 1.33825
2.90543 1.335
2.91225 1.332
2.91879 1.329
2.92561 1.325
2.9327 1.322
2.93924 1.31725
2.94606 1.314
2.95288 1.31175
2.95942 1.309
2.96624 1.3055
2.97279 1.302
2.97988 1.2995
2.98669 1.296
2.99324 1.29275
3.00006 1.291
3.00688 1.29025
3.02106 1.285
3.0276 1.282
3.03442 1.279
3.04124 1.27675
3.04778 1.275
3.05433 1.27175
3.06114 1.27
3.06769 1.269
3.07423 1.267
3.08105 1.265
3.0876 1.262
3.09414 1.25975
3.10096 1.259
3.10778 1.25575
3.11432 1.254
3.12114 1.254
3.12768 1.253
3.1345 1.252
3.14105 1.25
-3.13559 1.24875
-3.12878 1.248
-3.12223 1.24675
-3.11569 1.245
-3.10887 1.244
-3.10232 1.242
-3.09578 1.2415
-3.08896 1.241
-3.08242 1.24025
-3.0756 1.239
-3.06878 1.23875
-3.06223 1.238
-3.05569 1.237
-3.04887 1.237
-3.04233 1.236
-3.03551 1.235
-3.02896 1.23425
-3.02242 1.234
-3.0156 1.23375
-3.00906 1.235
-3.00251 1.234
-2.99569 1.234
-2.98915 1.2335
-2.9826 1.234
-2.97579 1.23525
-2.96924 1.236
-2.9627 1.23525
-2.95588 1.236
-2.94933 1.236
-2.94252 1.235
-2.93597 1.2355
-2.92943 1.237
-2.92261 1.23575
-2.91606 1.236
-2.90952 1.23675
-2.9027 1.237
-2.89616 1.2375
-2.88961 1.238
-2.88279 1.239
-2.87652 1.24
-2.86998 1.23975
-2.86316 1.241
-2.85661 1.24125
-2.85007 1.242
-2.84325 1.243
-2.83671 1.244
-2.82989 1.246
-2.82334 1.247
-2.8168 1.24875
-2.80998 1.251
-2.80344 1.25275
-2.79689 1.255
-2.79007 1.256
-2.78353 1.257
-2.77698 1.258
-2.77044 1.259
-2.76389 1.26175
-2.75735 1.264
-2.75053 1.26525
-2.74398 1.268
-2.73717 1.26725
-2.72462 1.272
-2.71808 1.27425
-2.71153 1.276
-2.70471 1.2785
-2.69844 1.281
-2.69162 1.2835
-2.68508 1.287
-2.67826 1.28825
-2.67172 1.29
-2.6649 1.29325
-2.65835 1.297
-2.65154 1.299
-2.64526 1.301
-2.63845 1.3055
-2.6319 1.309
-2.62508 1.31175
-2.61854 1.314
-2.61172 1.31725
-2.60518 1.321
-2.59863 1.325
-2.59209 1.329
-2.58527 1.333
-2.57872 1.336
-2.57191 1.33975
-2.56536 1.343
-2.55882 1.34575
-2.55227 1.35
-2.54545 1.354
-2.53891 1.359
-2.53209 1.363
-2.52555 1.368
-2.519 1.37225
-2.51246 1.377
-2.50564 1.38075
-2.49909 1.384
-2.49228 1.3895
-2.486 1.396
-2.47919 1.3995
-2.47264 1.404
-2.46582 1.40875
-2.45928 1.415
-2.45273 1.42025
-2.44619 1.427
-2.43937 1.433
-2.43283 1.439
-2.42628 1.446
-2.41974 1.452
-2.41292 1.45875
-2.40637 1.465
-2.39983 1.47075
-2.39328 1.478
-2.38647 1.484
-2.37992 1.491
-2.3731 1.497
-2.36683 1.504
-2.36001 1.51075
-2.35347 1.519
-2.34665 1.52575
-2.34038 1.534
-2.33356 1.5425
-2.32701 1.55
-2.3202 1.5575
-2.31392 1.565
-2.30711 1.57275
-2.30056 1.582
-2.29402 1.58975
-2.28747 1.598
-2.28065 1.6075
-2.27411 1.617
-2.26756 1.628
-2.26102 1.638
-2.2542 1.64675
-2.24766 1.656
-2.24111 1.66625
-2.23457 1.677
-2.22775 1.6865
-2.22148 1.695
-2.21466 1.705
-2.20811 1.716
-2.2013 1.7155
-2.18848 1.729
-2.18221 1.736
-2.17539 1.743
-2.16857 1.74525
-2.16175 1.749
-2.15521 1.76075
-2.14866 1.773
-2.14185 1.7865
-2.13503 1.8
-2.12876 1.814
-2.12194 1.829
-2.11512 1.84275
-2.10858 1.858
-2.10203 1.87275
-2.09521 1.889
-2.08867 1.904
-2.08185 1.92
-2.07531 1.936
-2.06876 1.952
-2.06194 1.96975
-2.05512 1.989
-2.04885 2.00725
-2.04204 2.027
-2.03549 2.0455
-2.02867 2.065
-2.02213 2.084
-2.01558 2.102
-2.00876 2.12325
-2.00195 2.145
-1.9954 2.16725
-1.98886 2.189
-1.98204 2.211
-1.97549 2.234
-1.96868 2.257
-1.96213 2.281
-1.95559 2.33225
-1.94904 2.384
-1.94222 2.41125
-1.93595 2.44
-1.92913 2.4695
-1.92232 2.498
-1.91577 2.527
-1.90923 2.556
-1.90268 2.58625
-1.89586 2.618
-1.88905 2.65125
-1.88277 2.685
-1.87596 2.723
-1.86914 2.76
-1.86259 2.797
-1.85605 2.834
-1.8495 2.87075
-1.84269 2.909
-1.83587 2.89025
-1.82905 2.873
-1.82251 2.865
-1.81542 2.856
-1.8086 2.85
-1.80178 2.843
-1.79524 2.84275
-1.6567 0
-1.64988 0
-1.64306 0
-1.63652 0
-1.6297 0
-1.62288 0
-1.61607 0
-1.60952 0
-1.6027 0
-1.59589 0
-1.58907 0
-1.58252 0
-1.5757 0
-1.69924 2.40775
-1.69242 2.408
-1.68588 2.42
-1.67933 2.432
-1.67252 2.4315
-1.53507 0
-1.52825 0
-1.51407 0
-1.63897 2.6945
-1.63243 2.695
-1.62588 2.68925
-1.61934 2.685
-1.61252 2.68225
-1.60598 2.679
-1.59943 2.678
-1.59289 2.676
-1.58634 2.6715
-1.57925 2.667
-1.57271 2.66525
-1.56616 2.663
-1.55962 2.66075
-1.55307 2.66
-1.54625 2.656
-1.53971 2.653
-1.53316 2.6495
-1.52662 2.647
-1.52007 2.64425
-1.51326 2.641
-1.50671 2.63775
-1.50016 2.635
-1.49362 2.634
-1.48708 2.634
-1.48026 2.6315
-1.47371 2.629
-1.46717 2.62925
-1.46062 2.629
-1.45408 2.62475
-1.44726 2.621
-1.44071 2.6205
-1.303 0
-1.29645 0
-1.28991 0
-1.28309 0
-1.27654 0
-1.27 0
-1.26345 0
-1.25691 0
-1.25009 0
-1.24355 0
-1.237 0
-1.23046 0
-1.22391 0
-1.21709 0
-1.21055 0
-1.204 0
-1.19746 0
-1.19091 0
-1.1841 0
-1.17755 0
-1.17101 0
-1.16446 0
-1.15792 0
-1.1511 0
-1.14455 0
-1.13801 0
-1.13146 0
-1.12492 0
-1.1181 0
-1.11156 0
-1.10501 0
-1.22991 2.6795
-1.22337 2.679
-1.21655 2.67825
-1.07856 0
-1.07201 0
-1.06547 0
-1.05892 0
-1.05211 0
-1.04556 0
-1.03902 0
-1.03247 0
-1.02593 0
-1.01911 0
-1.01256 0
-1.00602 0
-0.999474 0
-0.992656 0
-0.978475 0
-0.97193 0
-0.965113 0
-0.958567 0
-0.95175 0
-1.0682 1.3325
-1.06165 1.332
-1.05483 1.33175
-0.925024 0
-0.918207 0
-0.911389 0
-0.904844 0
-0.898026 0
-0.891481 0
-0.884664 0
-0.877846 0
-0.871301 0
-0.864483 0
-0.857939 0
-0.851121 0
-0.844303 0
-0.837758 0
-0.830941 0
-0.824395 0
-0.817578 0
-0.880846 0.31125
-0.874574 0.312
-0.867483 0.3115
-0.860393 0.31
-0.854121 0.311
-0.847575 0.313
-0.84103 0.31225
-0.834213 0.312
-0.827123 0.31175
-0.82085 0.312
-0.814032 0.3125
-0.80776 0.314
-0.801215 0.3145
-0.794398 0.315
-0.788125 0.31625
-0.78158 0.317
-0.775308 0.31825
-0.768763 0.32
-0.761945 0.3205
-0.683406 0
-0.750219 0.3285
-0.743674 0.328
-0.737402 0.33125
-0.731402 0.335
-0.724857 0.33425
-0.643045 0
-0.6365 0
-0.629682 0
-0.622865 0
-0.616319 0
-0.609502 0
-0.602684 0
-0.596139 0
-0.589321 0
-0.582776 0
-0.575959 0
-0.66977 0.5545
-0.663225 0.555
-0.656135 0.5505
-0.649317 0.547
-0.642227 0.54275
-0.635136 0.539
-0.628319 0.53475
-0.621228 0.532
-0.61441 0.5275
-0.60732 0.524
-0.60023 0.5205
-0.593412 0.518
-0.586322 0.51375
-0.579504 0.511
-0.572413 0.50775
-0.565323 0.505
-0.558505 0.502
-0.551415 0.499
-0.544597 0.499
-0.529599 0.493
-0.522781 0.491
-0.515963 0.488
-0.508872 0.48525
-0.502328 0.483
-0.495237 0.48075
-0.488419 0.478
-0.481329 0.476
-0.474511 0.473
-0.467694 0.4705
-0.460603 0.468
-0.454058 0.46575
-0.446968 0.464
-0.44015 0.46175
-0.43306 0.459
-0.426242 0.457
-0.419697 0.455
-0.412607 0.453
-0.405789 0.451
-0.398699 0.44875
-0.392154 0.448
-0.385063 0.44675
-0.378518 0.446
-0.371701 0.4425
-0.36461 0.44
-0.357793 0.439
-0.350702 0.437
-0.343884 0.43475
-0.337066 0.434
-0.330522 0.43275
-0.323704 0.431
-0.316613 0.43
-0.310068 0.428
-0.302978 0.426
-0.296161 0.425
-0.289615 0.42675
-0.283343 0.429
-0.276798 0.42875
-0.180805 0
-0.17426 0
-0.167443 0
-0.160898 0
-0.15408 0
-0.147535 0
-0.14099 0
-0.134172 0
-0.127627 0
-0.120809 0
-0.114264 0
-0.107447 0
-0.100902 0
-0.180532 0.405
-0.173715 0.405
-0.16717 0.4045
-0.0741766 0
-0.0676316 0
-0.0608137 0
-0.0542687 0
-0.0477241 0
-0.0409063 0
-0.0343612 0
-0.0275434 0
-0.0209983 0
-0.014181 0
-0.0076359 0
-0.00109083 0
0.00572686 0
0.0122718 0
0.0190895 0
0.0256345 0
0.0324522 0
-0.0676316 0.65725
-0.0610865 0.658
-0.0542687 0.65825
-0.0477241 0.658
-0.0409063 0.6575
-0.0343612 0.656
-0.0275434 0.656
-0.0209983 0.655
-0.014181 0.6555
-0.00163633 0.654
0.00518145 0.65225
0.0117264 0.652
0.0185441 0.651
0.0250891 0.651
0.0319068 0.6515
0.0384518 0.652
0.0452695 0.65175
0.0518145 0.653
0.0586322 0.65325
0.0649044 0.655
0.0719948 0.652
0.0785398 0.65
0.0853575 0.6485
0.0921752 0.648
0.0987202 0.64925
0.105265 0.651
0.11181 0.65075
0.118628 0.651
0.125173 0.6495
0.131991 0.649
0.138536 0.649
0.145626 0.648
0.152171 0.64775
0.158989 0.648
0.165261 0.64925
0.172079 0.651
0.178624 0.6515
0.185441 0.652
0.191986 0.6505
0.199077 0.648
0.205622 0.64675
0.212167 0.647
0.218712 0.64875
0.225257 0.652
0.232074 0.652
0.238619 0.653
0.245437 0.6525
0.251982 0.651
0.2588 0.64925
0.265345 0.649
0.272435 0.64775
0.27898 0.648
0.285525 0.651
0.29207 0.653
0.298888 0.652
0.305433 0.652
0.31225 0.65175
0.318795 0.653
0.32534 0.65275
0.331885 0.654
0.33843 0.655
0.345248 0.655
0.351793 0.6565
0.358611 0.657
0.36461 0.66925
0.370882 0.681
0.377427 0.68125
0.491965 0
0.49851 0
0.505327 0
0.398153 0.8355
0.404971 0.835
0.411516 0.8385
0.418061 0.842
0.424606 0.84475
0.431151 0.849
0.437696 0.85325
0.444241 0.857
0.450786 0.863
0.457331 0.868
0.463876 0.875
0.470148 0.881
0.476693 0.89425
0.482965 0.907
0.489783 0.90725
0.611956 0
0.618774 0
0.625319 0
0.632136 0
0.644681 0
0.52169 2.185
0.528508 2.185
0.535052 2.18975
0.54187 2.195
0.548415 2.20025
0.555233 2.207
0.562051 2.215
0.568323 2.223
0.575141 2.229
0.581686 2.235
0.588503 2.23975
0.595321 2.245
0.601866 2.25125
0.608684 2.259
0.615229 2.2675
0.622046 2.277
0.628591 2.2825
0.635136 2.288
0.641954 2.29525
0.648499 2.303
0.655317 2.31125
0.662134 2.319
0.668679 2.3305
0.675497 2.341
0.682042 2.347
0.688587 2.354
0.695405 2.36475
0.70195 2.377
0.708767 2.38675
0.715312 2.397
0.72213 2.403
0.728948 2.41
0.73522 2.438
0.742038 2.467
0.74831 2.50925
0.755128 2.553
0.761945 2.56425
0.76849 2.577
0.775308 2.577
0.912753 0
0.91957 0
0.926388 0
0.796852 6.4695
0.80367 6.47
0.810215 6.46975
0.953113 0
0.959931 0
