0.849212 1.249
0.861756 1.245
0.868301 1.24225
0.874846 1.241
0.881937 1.227
0.888754 1.212
0.895572 1.212
1.02374 0
1.03029 0
1.03711 0
1.04365 0
1.05047 0
1.05702 0
1.06383 0
1.07038 0
1.07692 0
1.08374 0
1.09029 0
1.0971 0
1.10365 0
1.11019 0
1.11701 0
1.12356 0
1.13037 0
1.13692 0
1.14374 0
1.15028 0
1.15683 0
1.16364 0
1.17019 0
1.17701 0
1.18355 0
1.1901 0
1.19691 0
1.20346 0
1.21028 0
1.21682 0
1.22364 0
1.23018 0
1.23673 0
1.24355 0
1.25009 0
1.25691 0
1.26345 0
1.27 0
1.27682 0
1.28336 0
1.29018 0
1.29673 0
1.30354 0
1.31009 0
1.31663 0
1.32345 0
1.33 0
1.33681 0
1.34336 0
1.3499 0
1.35672 0
1.36327 0
1.37008 0
1.37663 0
1.38345 0
1.38999 0
1.39654 0
1.40335 0
1.4099 0
1.41672 0
1.42326 0
1.42981 0
1.43662 0
1.44317 0
1.44999 0
1.45653 0
1.46335 0
1.46989 0
1.47644 0
1.48326 0
1.4898 0
1.49662 0
1.50316 0
1.50998 0
1.5228 0
1.52934 0
1.53589 0
1.54271 0
1.54925 0
1.55607 0
1.56262 0
1.56943 0
1.57598 0
1.58252 0
1.58934 0
1.59589 0
1.6027 0
1.47835 2.57675
1.48517 2.577
1.49171 2.5735
1.49853 2.571
1.50507 2.5715
1.64252 0
1.64934 0
1.65588 0
1.6627 0
1.66924 0
1.67606 0
1.68261 0
1.67143 0.17825
1.67743 0.179
1.68561 0.17675
1.69379 0.175
1.70142 0.1735
1.70851 0.173
1.71533 0.1725
1.72324 0.171
1.73088 0.16975
1.73824 0.169
1.74478 0.16875
1.75215 0.168
1.75896 0.168
1.76605 0.167
1.77369 0.166
1.78024 0.166
1.78787 0.16525
1.79442 0.165
1.80178 0.16425
1.8086 0.164
1.81569 0.1635
1.82196 0.164
1.82905 0.1635
1.83532 0.164
1.8416 0.16425
1.84869 0.164
1.85496 0.16425
1.86205 0.164
1.86832 0.1645
1.87514 0.164
1.88196 0.164
1.8885 0.164
1.89477 0.16475
1.90105 0.165
1.90786 0.16525
1.91441 0.165
1.92095 0.1655
1.92695 0.166
1.9335 0.166
1.9395 0.167
1.94631 0.16675
1.95231 0.168
1.95859 0.16825
1.96486 0.169
1.9714 0.169
1.9774 0.17
1.98286 0.1715
1.98913 0.172
1.99567 0.17225
2.00167 0.173
2.00822 0.17325
2.01367 0.175
2.0194 0.1765
2.0254 0.177
2.03194 0.1775
2.04449 0.18
2.05022 0.18125
2.05567 0.183
2.06112 0.185
2.06712 0.186
2.07176 0.189
2.07721 0.191
2.08376 0.19125
2.11648 0
2.1233 0
2.12985 0
2.13666 0
2.14321 0
2.14975 0
2.15657 0
2.16312 0
2.16966 0
2.17648 0
2.18303 0
2.18957 0
2.19639 0
2.20293 0
2.20975 0
2.2163 0
2.22284 0
2.22966 0
2.2362 0
2.24275 0
2.24957 0
2.25611 0
2.26293 0
2.1623 0.66775
2.16884 0.668
2.17593 0.6635
2.18248 0.66
2.18902 0.66
2.30274 0
2.20811 0.56225
2.21466 0.563
2.22148 0.56125
2.22829 0.559
2.23538 0.557
2.24193 0.556
2.2482 0.561
2.25475 0.565
2.26047 0.57475
2.26647 0.585
2.27302 0.58625
2.27956 0.587
2.28611 0.5875
2.29293 0.589
2.29947 0.5895
2.30602 0.591
2.31202 0.60125
2.31802 0.612
2.32483 0.61225
2.33111 0.614
2.33765 0.614
2.34474 0.613
2.35101 0.618
2.35729 0.623
2.36383 0.62675
2.3701 0.632
2.37692 0.63125
2.48873 0
2.49528 0
2.50209 0
2.50864 0
2.51518 0
2.522 0
2.52855 0
2.40719 1.9355
2.41374 1.936
2.42028 1.92
2.4271 1.905
2.43392 1.88975
2.44046 1.875
2.44728 1.86175
2.4541 1.848
2.46091 1.84825
2.47482 1.82
2.48164 1.80625
2.48846 1.793
2.495 1.7795
2.50209 1.766
2.50864 1.754
2.51546 1.741
2.52227 1.73075
2.52909 1.721
2.53591 1.70825
2.54245 1.697
2.54954 1.6855
2.55636 1.675
2.56291 1.664
2.57 1.654
2.57654 1.64475
2.58336 1.636
2.59018 1.62525
2.597 1.616
2.60381 1.607
2.61036 1.598
2.61745 1.5885
2.62427 1.58
2.63081 1.57175
2.63763 1.564
2.64445 1.55575
2.65126 1.549
2.65808 1.54
2.66463 1.532
2.67172 1.525
2.67826 1.517
2.68508 1.50925
2.6919 1.503
2.69872 1.49475
2.70553 1.487
2.71208 1.4805
2.7189 1.475
2.72599 1.469
2.73253 1.463
2.73935 1.45675
2.74589 1.45
2.75271 1.44375
2.75953 1.437
2.76635 1.4315
2.77316 1.425
2.77971 1.4195
2.7868 1.414
2.79334 1.40975
2.80016 1.406
2.80698 1.39975
2.81353 1.395
2.82062 1.3905
2.82716 1.386
2.83398 1.3815
2.8408 1.376
2.84734 1.37075
2.85443 1.367
2.86098 1.36225
2.86779 1.359
2.87461 1.3545
2.88116 1.349
2.88797 1.345
2.89479 1.34
2.90161 1.33775
2.90843 1.335
2.91497 1.33225
2.92179 1.329
2.92834 1.3245
2.93543 1.321
2.94224 1.318
2.94879 1.314
2.95561 1.31025
2.96215 1.308
2.96897 1.30475
2.97579 1.301
2.9826 1.298
2.98942 1.296
2.99597 1.2935
3.00278 1.291
3.0096 1.291
3.02378 1.285
3.03033 1.28175
3.03687 1.28
3.04369 1.2775
3.05024 1.275
3.05705 1.273
3.0636 1.27
3.07014 1.26725
3.07669 1.266
3.08323 1.26375
3.09005 1.262
3.0966 1.26
3.10341 1.258
3.10996 1.2555
3.11678 1.252
3.12332 1.25125
3.12987 1.252
3.13641 1.25025
-3.14023 1.25
-3.13341 1.2485
-3.12687 1.246
-3.12032 1.2445
-3.11378 1.243
-3.10723 1.24275
-3.10041 1.242
-3.09387 1.24125
-3.08732 1.241
-3.08078 1.2405
-3.07369 1.239
-3.06714 1.238
-3.0606 1.237
-3.05405 1.23675
-3.04751 1.236
-3.04069 1.23475
-3.03415 1.235
-3.0276 1.235
-3.02106 1.234
-3.01451 1.235
-3.00769 1.235
-3.00115 1.23375
-2.9946 1.234
-2.98806 1.23375
-2.98124 1.233
-2.9747 1.234
-2.96815 1.235
-2.96161 1.2355
-2.95506 1.236
-2.94824 1.23425
-2.9417 1.234
-2.93515 1.23375
-2.92861 1.235
-2.92206 1.2355
-2.91525 1.236
-2.9087 1.2365
-2.90216 1.237
-2.89561 1.23625
-2.88879 1.237
-2.88225 1.23775
-2.87598 1.24
-2.86943 1.24
-2.86289 1.241
-2.85607 1.241
-2.84952 1.242
-2.84298 1.24325
-2.83643 1.244
-2.82989 1.24525
-2.82307 1.247
-2.81652 1.2485
-2.80998 1.25
-2.80344 1.252
-2.79662 1.254
-2.79007 1.25475
-2.78353 1.257
-2.77726 1.25925
-2.77071 1.261
-2.76389 1.2615
-2.75735 1.263
-2.7508 1.266
-2.74426 1.268
-2.73744 1.2685
-2.7249 1.272
-2.71835 1.27325
-2.71153 1.276
-2.70499 1.278
-2.69844 1.28
-2.6919 1.2835
-2.68508 1.287
-2.67826 1.28875
-2.67172 1.29
-2.6649 1.29325
-2.65835 1.297
-2.65154 1.2995
-2.64499 1.302
-2.63845 1.305
-2.63163 1.309
-2.62508 1.31175
-2.61827 1.314
-2.61145 1.31775
-2.6049 1.321
-2.59836 1.3255
-2.59181 1.329
-2.585 1.333
-2.57818 1.336
-2.57163 1.33825
-2.56482 1.342
-2.55854 1.34625
-2.55173 1.351
-2.54491 1.3545
-2.53836 1.359
-2.53155 1.363
-2.525 1.367
-2.51846 1.37125
-2.51164 1.376
-2.50509 1.38025
-2.49828 1.384
-2.49173 1.39
-2.48519 1.396
-2.47837 1.401
-2.47182 1.405
-2.465 1.40975
-2.45846 1.415
-2.45191 1.41975
-2.44537 1.426
-2.43855 1.4325
-2.43173 1.438
-2.42546 1.4445
-2.41864 1.451
-2.4121 1.45725
-2.40528 1.465
-2.39874 1.47075
-2.39219 1.476
-2.38537 1.483
-2.37883 1.489
-2.37201 1.496
-2.36547 1.503
-2.35892 1.51025
-2.3521 1.517
-2.34556 1.52475
-2.33901 1.533
-2.3322 1.54
-2.32565 1.548
-2.31883 1.5555
-2.31256 1.563
-2.30574 1.57175
-2.29893 1.58
-2.29238 1.58825
-2.28584 1.598
-2.27929 1.608
-2.27247 1.617
-2.26593 1.6265
-2.25938 1.635
-2.25257 1.64325
-2.24602 1.653
-2.23948 1.66325
-2.23266 1.674
-2.22611 1.6835
-2.21957 1.694
-2.21302 1.7045
-2.20621 1.715
-2.19939 1.715
-2.1863 1.729
-2.18003 1.73525
-2.17348 1.743
-2.16666 1.746
-2.16012 1.749
-2.15357 1.761
-2.14703 1.773
-2.14048 1.78625
-2.13366 1.799
-2.12739 1.81375
-2.12085 1.828
-2.11403 1.842
-2.10776 1.857
-2.10094 1.87
-2.09439 1.884
-2.08812 1.89875
-2.08131 1.915
-2.07476 1.93175
-2.06822 1.949
-2.06167 1.967
-2.05512 1.985
-2.04858 2.003
-2.04204 2.021
-2.03522 2.04025
-2.02895 2.06
-2.0224 2.07925
-2.01558 2.098
-2.00931 2.1185
-2.00277 2.139
-1.99622 2.1605
-1.98968 2.182
-1.98286 2.20325
-1.97659 2.226
-1.97004 2.24975
-1.96322 2.275
-1.95695 2.3245
-1.95041 2.375
-1.94386 2.4025
-1.93759 2.429
-1.93077 2.45775
-1.92423 2.488
-1.91768 2.51775
-1.91114 2.547
-1.90459 2.578
-1.89805 2.61
-1.8915 2.645
-1.88496 2.68
-1.87841 2.71275
-1.87187 2.747
-1.86532 2.78175
-1.85878 2.817
-1.85196 2.8585
-1.84569 2.899
-1.83914 2.8875
-1.83232 2.875
-1.82578 2.86575
-1.81896 2.858
-1.81214 2.85175
-1.8056 2.846
-1.79878 2.8465
-1.66052 0
-1.65397 0
-1.64715 0
-1.64061 0
-1.63379 0
-1.62725 0
-1.6207 0
-1.61388 0
-1.60734 0
-1.60052 0
-1.59398 0
-1.58743 0
-1.58061 0
-1.70442 2.407
-1.69761 2.407
-1.69106 2.40175
-1.68452 2.398
-1.6777 2.39775
-1.5408 0
-1.53398 0
-1.52116 0
-1.64606 2.69325
-1.63952 2.693
-1.6327 2.6905
-1.62616 2.687
-1.61961 2.685
-1.61279 2.682
-1.60625 2.67825
-1.59943 2.676
-1.59289 2.67275
-1.58634 2.671
-1.57952 2.669
-1.57271 2.667
-1.56589 2.664
-1.55934 2.661
-1.5528 2.65825
-1.54598 2.655
-1.53943 2.65175
-1.53262 2.648
-1.52607 2.646
-1.51953 2.644
-1.51271 2.6415
-1.50616 2.639
-1.49935 2.63275
-1.4928 2.628
-1.48626 2.62775
-1.47944 2.628
-1.47289 2.6275
-1.46635 2.628
-1.45953 2.627
-1.45299 2.627
-1.44617 2.63675
-1.43962 2.646
-1.43308 2.64575
-1.29509 0
-1.28854 0
-1.28173 0
-1.27518 0
-1.26864 0
-1.26182 0
-1.25527 0
-1.24846 0
-1.24191 0
-1.23537 0
-1.22855 0
-1.222 0
-1.21519 0
-1.20864 0
-1.2021 0
-1.19528 0
-1.18873 0
-1.18192 0
-1.17537 0
-1.16883 0
-1.16201 0
-1.15546 0
-1.14892 0
-1.1421 0
-1.13555 0
-1.12874 0
-1.12219 0
-1.11565 0
-1.10883 0
-1.23373 2.6755
-1.22691 2.676
-1.22037 2.6765
-1.08238 0
-1.07556 0
-1.06901 0
-1.0622 0
-1.05565 0
-1.04911 0
-1.04229 0
-1.03574 0
-1.02893 0
-1.02238 0
-1.01584 0
-1.00902 0
-1.00247 0
-0.995656 0
-0.981475 0
-0.97493 0
-0.968385 0
-0.961567 0
-0.955022 0
-0.948205 0
-0.94166 0
-0.935115 0
-0.928297 0
-0.921752 0
-0.914934 0
-0.908389 0
-0.901572 0
-0.895027 0
-0.888481 0
-0.881664 0
-0.875119 0
-0.868301 0
-0.861756 0
-0.855212 0
-0.848394 0
-0.841849 0
-0.835031 0
-0.828486 0
-0.821668 0
-0.885482 0.31225
-0.878937 0.312
-0.871574 0.3105
-0.865029 0.31
-0.858756 0.3125
-0.852484 0.314
-0.845394 0.31175
-0.838576 0.311
-0.832031 0.31175
-0.825486 0.312
-0.818941 0.313
-0.812396 0.314
-0.805851 0.3135
-0.799033 0.313
-0.792488 0.31375
-0.786489 0.316
-0.779671 0.31675
-0.773399 0.318
-0.766581 0.3165
-0.759764 0.316
-0.753218 0.316
-0.675224 0
-0.743129 0.33225
-0.736584 0.333
-0.729766 0.33275
-0.648772 0
-0.641954 0
-0.635409 0
-0.628591 0
-0.622046 0
-0.615501 0
-0.608683 0
-0.602139 0
-0.595321 0
-0.588776 0
-0.581958 0
-0.676315 0.5585
-0.66977 0.558
-0.662679 0.5545
-0.655862 0.55
-0.648499 0.54525
-0.641954 0.542
-0.634864 0.53775
-0.628046 0.535
-0.621228 0.531
-0.613865 0.527
-0.60732 0.524
-0.599957 0.52
-0.593139 0.51675
-0.586594 0.514
-0.579504 0.51075
-0.572413 0.507
-0.565596 0.504
-0.558778 0.502
-0.55196 0.5015
-0.537234 0.496
-0.530416 0.4925
-0.523599 0.49
-0.516508 0.48675
-0.509691 0.484
-0.5026 0.48125
-0.496055 0.48
-0.489238 0.4775
-0.482147 0.475
-0.47533 0.4725
-0.468239 0.47
-0.461421 0.46675
-0.454603 0.465
-0.447513 0.46225
-0.440968 0.461
-0.433878 0.459
-0.42706 0.457
-0.420515 0.4555
-0.413425 0.453
-0.406607 0.45075
-0.399517 0.449
-0.392699 0.44675
-0.386154 0.446
-0.379064 0.4425
-0.372246 0.44
-0.365156 0.4385
-0.35861 0.438
-0.351793 0.43675
-0.344975 0.435
-0.338157 0.43375
-0.331067 0.432
-0.32425 0.43
-0.317704 0.429
-0.310614 0.427
-0.304069 0.426
-0.297252 0.42575
-0.290706 0.426
-0.284161 0.42575
-0.188441 0
-0.181896 0
-0.175078 0
-0.168533 0
-0.161716 0
-0.155171 0
-0.148626 0
-0.141808 0
-0.135263 0
-0.128445 0
-0.1219 0
-0.115355 0
-0.108538 0
-0.188168 0.405
-0.181351 0.405
-0.174805 0.4045
-0.082085 0
-0.0752671 0
-0.0687226 0
-0.0619047 0
-0.0553597 0
-0.0488146 0
-0.0419968 0
-0.0354522 0
-0.0286344 0
-0.0220893 0
-0.0155442 0
-0.00872642 0
-0.00218183 0
-0.124627 2.12125
-0.118082 2.121
-0.111537 2.11975
-0.10472 2.118
-0.0981749 2.1145
-0.0913571 2.11
-0.084812 2.1055
-0.0782669 2.1
-0.0711768 2.09575
-0.0646318 2.091
-0.0578139 2.08875
-0.0512689 2.086
-0.0444515 2.08625
-0.0305432 2.083
-0.0239981 2.08075
-0.0174535 2.079
-0.0106357 2.077
-0.00409061 2.075
0.00245437 2.0755
0.138263 0
0.144808 0
0.151625 0
0.0384518 1.08875
0.0449968 1.089
0.0518145 1.08675
0.0583594 1.086
0.0651771 1.0855
0.0717221 1.086
0.0785398 1.079
0.0853575 1.073
0.0919025 1.07375
0.0987202 1.075
0.105265 1.07175
0.112083 1.07
0.118901 1.068
0.125446 1.066
0.132263 1.068
0.138536 1.071
0.145353 1.06975
0.152171 1.069
0.158716 1.06425
0.165261 1.061
0.172079 1.061
0.178624 1.062
0.185441 1.0635
0.191986 1.064
0.198531 1.06475
0.205349 1.067
0.211894 1.06025
0.218984 1.054
0.225257 1.0575
0.231802 1.062
0.238619 1.0595
0.245164 1.057
0.252255 1.05475
0.2588 1.052
0.265345 1.05625
0.27189 1.06
0.278435 1.06
0.285252 1.059
0.291797 1.06
0.298342 1.061
0.30516 1.06075
0.430878 0
0.437696 0
0.444241 0
0.450786 0
0.457604 0
0.343339 1.15225
0.349884 1.153
0.356974 1.141
0.363792 1.129
0.37061 1.1295
0.497419 0
0.503964 0
0.510782 0
0.401426 0.91225
0.408243 0.913
0.414788 0.91475
0.421333 0.918
0.428151 0.92
0.434423 0.921
0.441241 0.925
0.447786 0.928
0.454058 0.93475
0.460876 0.941
0.466603 0.97125
0.472875 1.001
0.47942 0.996
0.485965 0.992
0.493056 0.9895
0.4996 0.986
0.506418 0.9865
0.518963 0.979
0.52578 0.97625
0.532598 0.973
0.539143 0.9715
0.545961 0.97
0.552506 0.9685
0.559323 0.967
0.565868 0.96625
0.572686 0.966
0.579231 0.96825
0.586049 0.97
0.592867 0.972
0.599411 0.975
0.605956 0.9805
0.612502 0.986
0.618774 1.00375
0.625046 1.023
0.631046 1.05725
0.637045 1.092
0.643863 1.0925
0.770399 0
0.776944 0
0.783762 0
0.660225 2.329
0.667043 2.329
0.673588 2.33875
0.680406 2.348
0.686678 2.35525
0.693496 2.363
0.700041 2.373
0.706858 2.383
0.713676 2.3915
0.720221 2.401
0.727039 2.41075
0.733584 2.42
0.740129 2.47675
0.746401 2.533
0.753219 2.548
0.759764 2.564
0.766581 2.5635
0.904299 0
0.910844 0
0.917661 0
0.788125 6.43425
0.794943 6.434
0.801488 6.43375
0.944387 0
0.829031 1.239
0.835849 1.239
0.842667 1.239
