0.832304 2.448
0.844848 2.465
0.851121 2.524
0.857666 2.582
0.864483 2.59025
0.871301 2.599
0.877846 2.59825
1.01584 0
1.02265 0
1.02947 0
1.03602 0
1.04283 0
1.04965 0
1.05647 0
1.06301 0
1.06983 0
1.07665 0
1.08347 0
1.09001 0
1.09683 0
1.10365 0
1.11047 0
1.11701 0
1.12383 0
1.13065 0
1.13746 0
1.14401 0
1.15083 0
1.15764 0
1.16446 0
1.17128 0
1.17782 0
1.18464 0
1.19146 0
1.19828 0
1.20482 0
1.21164 0
1.21846 0
1.22528 0
1.23182 0
1.23864 0
1.24546 0
1.25227 0
1.25882 0
1.26564 0
1.27245 0
1.27927 0
1.28582 0
1.29263 0
1.29945 0
1.30627 0
1.31281 0
1.31963 0
1.32645 0
1.33327 0
1.34009 0
1.34663 0
1.35345 0
1.36027 0
1.36708 0
1.37363 0
1.38045 0
1.38726 0
1.39408 0
1.40063 0
1.40744 0
1.40499 0.1665
1.41126 0.167
1.41863 0.166
1.42626 0.165
1.43526 0.16225
1.44317 0.161
1.45135 0.15925
1.45926 0.158
1.46689 0.157
1.47453 0.156
1.48217 0.1545
1.48953 0.154
1.49744 0.15275
1.50398 0.153
1.51162 0.15225
1.52689 0.151
1.53371 0.15075
1.54107 0.15
1.54789 0.1495
1.55498 0.149
1.56207 0.1485
1.56807 0.149
1.57598 0.14775
1.58225 0.148
1.58961 0.14725
1.59534 0.148
1.60188 0.148
1.60979 0.147
1.61579 0.1475
1.62288 0.147
1.62943 0.14675
1.63597 0.147
1.64306 0.14625
1.64906 0.147
1.65452 0.148
1.66106 0.148
1.66706 0.1485
1.67415 0.148
1.68179 0.14725
1.68752 0.148
1.69433 0.14775
1.69951 0.149
1.70606 0.149
1.7126 0.149
1.71833 0.15
1.72488 0.15
1.7306 0.15075
1.73688 0.151
1.74369 0.15075
1.74942 0.152
1.75487 0.153
1.76142 0.153
1.76796 0.153
1.77369 0.154
1.77915 0.15525
1.78514 0.156
1.79196 0.15575
1.79742 0.157
1.80314 0.158
1.80887 0.159
1.81432 0.16
1.82032 0.161
1.82687 0.16125
1.83178 0.163
1.83723 0.16425
1.84241 0.166
1.84787 0.1675
1.8525 0.17
1.85768 0.172
1.86259 0.174
1.86968 0.17325
1.89068 0
1.8975 0
1.90405 0
1.91059 0
1.91714 0
1.92368 0
1.93023 0
1.93677 0
1.94332 0
1.94986 0
1.95641 0
1.96295 0
1.96977 0
1.97631 0
1.98286 0
1.9894 0
1.99595 0
2.00249 0
2.00904 0
2.01558 0
2.02213 0
2.02867 0
2.03522 0
2.04204 0
2.05594 0
2.06249 0
2.06931 0
2.07585 0
2.08267 0
1.95831 2.52625
1.96513 2.527
1.97168 2.522
1.97849 2.517
1.98504 2.5065
1.99213 2.495
1.9984 2.50025
2.00522 2.506
2.01204 2.50625
2.14948 0
2.1563 0
2.16284 0
2.16966 0
2.17621 0
2.07149 0.7715
2.07803 0.772
2.08512 0.761
2.09221 0.75
2.09903 0.75125
2.10585 0.752
2.11212 0.75775
2.11867 0.763
2.12494 0.7695
2.13148 0.777
2.13803 0.7805
2.14457 0.784
2.15112 0.78625
2.15794 0.788
2.16448 0.78975
2.1713 0.791
2.17784 0.7925
2.18439 0.793
2.19121 0.794
2.19775 0.795
2.20457 0.79725
2.21111 0.799
2.21766 0.80025
2.2242 0.802
2.23102 0.805
2.23729 0.809
2.24411 0.8115
2.25093 0.815
2.2572 0.81925
2.26402 0.824
2.27056 0.82375
2.39056 0
2.28175 0.89
2.28856 0.89
2.29538 0.8895
2.41728 0
2.42383 0
2.43064 0
2.43746 0
2.44401 0
2.36301 0.41825
2.36956 0.418
2.37665 0.41625
2.38319 0.415
2.39083 0.4095
2.39819 0.403
2.40555 0.3985
2.41292 0.393
2.41864 0.40075
2.42437 0.408
2.43201 0.40025
2.43992 0.393
2.44673 0.3905
2.45382 0.389
2.46037 0.3885
2.46746 0.388
2.474 0.38775
2.48082 0.388
2.48709 0.38825
2.49418 0.388
2.50073 0.38825
2.51518 0.387
2.52227 0.384
2.52936 0.38
2.53618 0.37825
2.543 0.377
2.54954 0.37775
2.55609 0.378
2.56318 0.374
2.57054 0.37
2.576 0.3785
2.58118 0.388
2.58772 0.38675
2.59481 0.385
2.60163 0.38425
2.60818 0.383
2.61472 0.383
2.62181 0.382
2.62836 0.3815
2.6349 0.382
2.64145 0.38125
2.64826 0.382
2.65481 0.38175
2.66108 0.383
2.66735 0.3845
2.67417 0.385
2.68153 0.38
2.6889 0.374
2.69517 0.37675
2.70117 0.381
2.70662 0.38875
2.71208 0.396
2.71835 0.3995
2.72435 0.404
2.73117 0.402
2.73799 0.401
2.74398 0.40525
2.75026 0.409
2.75626 0.41325
2.76226 0.417
2.7688 0.4175
2.86343 0
2.79144 0.3545
2.79798 0.354
2.8048 0.35275
2.81189 0.351
2.81843 0.35075
2.82498 0.351
2.83125 0.352
2.83807 0.352
2.84461 0.3525
2.85116 0.353
2.85743 0.35375
2.86425 0.355
2.87079 0.35375
2.87734 0.354
2.88416 0.3525
2.89097 0.352
2.89779 0.351
2.90461 0.35
2.91143 0.34825
2.91852 0.347
2.92561 0.34425
2.93215 0.343
2.93897 0.3415
2.94633 0.339
2.95315 0.338
2.9597 0.338
2.96651 0.33675
2.97306 0.337
2.9796 0.33775
2.98615 0.338
2.99242 0.3385
2.99951 0.338
3.00578 0.3395
3.01206 0.34
3.0186 0.34075
3.02542 0.341
3.03169 0.34175
3.03796 0.343
3.04505 0.34275
3.0576 0.344
3.06414 0.34425
3.07042 0.345
3.07723 0.3445
3.08378 0.345
3.0906 0.3445
3.09741 0.344
3.10423 0.34375
3.11078 0.343
3.11814 0.34125
3.12468 0.341
3.1315 0.341
3.13805 0.34
-3.13805 0.339
-3.13123 0.338
-3.12414 0.33675
-3.11787 0.337
-3.11105 0.33625
-3.10423 0.336
-3.09687 0.3325
-3.08951 0.329
-3.08323 0.3305
-3.07642 0.331
-3.06905 0.32675
-3.06142 0.323
-3.05487 0.32275
-2.97551 0
-3.0336 0.2885
-3.02651 0.288
-3.01969 0.2865
-3.0126 0.286
-3.00606 0.28575
-2.99951 0.286
-2.99242 0.28425
-2.98506 0.282
-2.97824 0.2815
-2.97142 0.281
-2.96461 0.2805
-2.95752 0.279
-2.95097 0.27925
-2.88225 0
-2.9327 0.26325
-2.92615 0.263
-2.91934 0.263
-2.91279 0.263
-2.90597 0.263
-2.89943 0.263
-2.89288 0.26425
-2.88661 0.265
-2.88034 0.26525
-2.87407 0.267
-2.86779 0.268
-2.86125 0.269
-2.85525 0.271
-2.8487 0.272
-2.84243 0.27275
-2.83616 0.275
-2.83043 0.27725
-2.82389 0.279
-2.81762 0.28
-2.81134 0.282
-2.80507 0.2825
-2.73526 0
-2.72871 0
-2.72217 0
-2.77835 0.28225
-2.77153 0.282
-2.7658 0.28525
-2.76007 0.289
-2.75489 0.2955
-2.75026 0.303
-2.74344 0.303
-2.66872 0
-2.6619 0
-2.65535 0
-2.64854 0
-2.64199 0
-2.69353 0.26625
-2.68672 0.266
-2.68017 0.26625
-2.66817 0.268
-2.66217 0.26975
-2.65617 0.272
-2.65017 0.275
-2.64472 0.279
-2.63927 0.284
-2.63381 0.288
-2.62836 0.29325
-2.62345 0.3
-2.61799 0.30475
-2.61281 0.311
-2.60709 0.3165
-2.6019 0.322
-2.59645 0.3295
-2.59154 0.338
-2.58472 0.33775
-2.50264 0
-2.49609 0
-2.48928 0
-2.48273 0
-2.47591 0
-2.46937 0
-2.46255 0
-2.45601 0
-2.44919 0
-2.44264 0
-2.43583 0
-2.42928 0
-2.42246 0
-2.41592 0
-2.4091 0
-2.52446 1.23025
-2.51791 1.23
-2.51109 1.232
-2.50455 1.234
-2.49773 1.237
-2.49146 1.24
-2.48464 1.24225
-2.47809 1.245
-2.47128 1.24875
-2.46473 1.253
-2.45791 1.256
-2.45164 1.26
-2.44482 1.2635
-2.43828 1.266
-2.43146 1.26875
-2.42492 1.273
-2.4181 1.27675
-2.41183 1.282
-2.40528 1.2855
-2.39846 1.289
-2.39192 1.293
-2.3851 1.298
-2.37883 1.30175
-2.37201 1.307
-2.36547 1.31025
-2.35865 1.315
-2.3521 1.3195
-2.34556 1.324
-2.33901 1.328
-2.3322 1.333
-2.32565 1.33775
-2.31883 1.343
-2.31256 1.34775
-2.30602 1.354
-2.2992 1.36
-2.29265 1.367
-2.28611 1.3725
-2.27956 1.377
-2.27275 1.37725
-2.14239 0
-2.13557 0
-2.12903 0
-2.12221 0
-2.11567 0
-2.10885 0
-2.1023 0
-2.09549 0
-2.08894 0
-2.08212 0
-2.06794 0
-2.0614 0
-2.05458 0
-2.04803 0
-2.04122 0
-2.0344 0
-2.02785 0
-2.02104 0
-2.01449 0
-2.06249 0.2555
-2.05567 0.255
-2.04885 0.25425
-2.04176 0.254
-2.03494 0.25325
-2.02813 0.253
-2.02104 0.252
-2.01367 0.25
-2.00631 0.2485
-1.99922 0.247
-1.99158 0.24475
-1.98449 0.244
-1.97768 0.24325
-1.97059 0.242
-1.9635 0.2405
-1.95613 0.239
-1.94877 0.238
-1.94195 0.237
-1.93432 0.23525
-1.9275 0.235
-1.92095 0.23525
-1.91414 0.235
-1.90732 0.2345
-1.90077 0.235
-1.89423 0.236
-1.88768 0.236
-1.88086 0.23575
-1.87487 0.237
-1.86777 0.23675
-1.86123 0.237
-1.8555 0.239
-1.84923 0.241
-1.84187 0.2385
-1.8345 0.237
-1.82741 0.23625
-1.8206 0.236
-1.81432 0.23725
-1.8086 0.239
-1.80233 0.241
-1.7966 0.244
-1.79033 0.2445
-1.73251 0
-1.72597 0
-1.71915 0
-1.71233 0
-1.70579 0
-1.69897 0
-1.69215 0
-1.68561 0
-1.67879 0
-1.67224 0
-1.66543 0
-1.65861 0
-1.65206 0
-1.68997 0.22825
-1.6837 0.229
-1.67688 0.22925
-1.67006 0.229
-1.66379 0.2295
-1.6117 0
-1.60516 0
-1.59834 0
-1.72297 2.7305
-1.71642 2.73
-1.70988 2.76575
-1.70333 2.803
-1.69651 2.82025
-1.6897 2.838
-1.68315 2.8555
-1.67661 2.872
-1.66979 2.8725
-1.65534 2.857
-1.64879 2.84475
-1.64225 2.834
-1.6357 2.8295
-1.62916 2.824
-1.62261 2.8235
-1.48408 0
-1.60816 2.45925
-1.60161 2.46
-1.59507 2.45925
-1.4579 0
-1.45108 0
-1.44453 0
-1.43799 0
-1.43144 0
-1.4249 0
-1.41808 0
-1.54189 2.4045
-1.53534 2.404
-1.5288 2.4045
-1.52225 2.405
-1.51571 2.40525
-1.37854 0
-1.50344 2.71025
-1.49689 2.711
-1.49035 2.708
-1.4838 2.704
-1.47698 2.7
-1.47044 2.696
-1.4639 2.69375
-1.45735 2.693
-1.45081 2.68975
-1.44399 2.686
-1.43744 2.683
-1.4309 2.679
-1.42435 2.6765
-1.41781 2.675
-1.41099 2.67275
-1.40444 2.672
-1.3979 2.66975
-1.39108 2.667
-1.38454 2.6655
-1.37799 2.664
-1.37117 2.661
-1.36463 2.659
-1.35808 2.65475
-1.35154 2.652
-1.34499 2.65025
-1.33818 2.648
-1.33163 2.6465
-1.32509 2.646
-1.31854 2.6445
-1.312 2.644
-1.30518 2.64425
-1.29863 2.646
-1.29209 2.64575
-1.15437 0
-1.14783 0
-1.14101 0
-1.13446 0
-1.12792 0
-1.12137 0
-1.11483 0
-1.10828 0
-1.10147 0
-1.09492 0
-1.08838 0
-1.08183 0
-1.07529 0
-1.06847 0
-1.06192 0
-1.05538 0
-1.04883 0
-1.04229 0
-1.03547 0
-1.02893 0
-1.02238 0
-1.01584 0
-1.00929 0
-1.00247 0
-0.988565 0
-0.98202 0
-0.975476 0
-0.968658 0
-0.962113 0
-0.955295 0
-0.94875 0
-1.07338 2.70975
-1.06683 2.71
-1.06002 2.7095
-0.922025 0
-0.915207 0
-0.908662 0
-0.901844 0
-0.895299 0
-0.888481 0
-0.881937 0
-0.875392 0
-0.868574 0
-0.862029 0
-0.855212 0
-0.848666 0
-0.841849 0
-0.835304 0
-0.828486 0
-0.821941 0
-0.815123 0
-0.808578 0
-0.80176 0
-0.795215 0
-0.788398 0
-0.781853 0
-0.775308 0
-0.892299 1.376
-0.885754 1.376
-0.878937 1.37575
-0.748583 0
-0.741765 0
-0.73522 0
-0.728402 0
-0.721857 0
-0.71504 0
-0.708494 0
-0.701677 0
-0.695132 0
-0.688314 0
-0.681769 0
-0.791943 0.95525
-0.785398 0.956
-0.778853 0.9565
-0.655044 0
-0.648499 0
-0.641681 0
-0.635136 0
-0.628319 0
-0.621774 0
-0.614956 0
-0.608411 0
-0.601593 0
-0.595048 0
-0.58823 0
-0.581685 0
-0.574868 0
-0.568323 0
-0.561778 0
-0.55496 0
-0.548415 0
-0.541598 0
-0.535053 0
-0.614956 0.4095
-0.608411 0.41
-0.601866 0.41025
-0.508327 0
-0.501509 0
-0.494964 0
-0.488147 0
-0.481602 0
-0.474784 0
-0.468239 0
-0.461421 0
-0.447241 0
-0.440696 0
-0.433878 0
-0.534234 0.65975
-0.527417 0.66
-0.520326 0.6555
-0.513509 0.65
-0.506418 0.6465
-0.499328 0.642
-0.49251 0.63675
-0.48542 0.632
-0.478329 0.62775
-0.471784 0.623
-0.464694 0.619
-0.457603 0.615
-0.450786 0.6115
-0.443695 0.607
-0.436878 0.60325
-0.43006 0.6
-0.422424 0.58825
-0.415061 0.576
-0.408243 0.5755
-0.299433 0
-0.36461 0.3185
-0.357793 0.319
-0.350702 0.31725
-0.344157 0.317
-0.337066 0.31575
-0.329704 0.314
-0.322886 0.313
-0.315796 0.311
-0.308705 0.3095
-0.301887 0.309
-0.294797 0.30725
-0.287979 0.307
-0.281162 0.30625
-0.274071 0.305
-0.267254 0.3045
-0.260163 0.303
-0.253073 0.3015
-0.246255 0.301
-0.239165 0.29925
-0.232347 0.299
-0.225529 0.29825
-0.218984 0.299
-0.211621 0.2975
-0.205076 0.297
-0.197986 0.296
-0.191168 0.295
-0.183805 0.29275
-0.176715 0.292
-0.169897 0.29125
-0.163352 0.292
-0.155989 0.2895
-0.148626 0.287
-0.141808 0.2865
-0.134991 0.287
-0.128445 0.28675
-0.1219 0.288
-0.11481 0.28675
-0.108265 0.287
-0.101447 0.287
-0.0943568 0.286
-0.0878118 0.286
-0.080994 0.286
-0.0741766 0.28475
-0.067086 0.284
-0.0602682 0.28325
-0.0531781 0.282
-0.0463603 0.2815
-0.0395425 0.282
-0.0329974 0.282
-0.0259073 0.281
-0.018544 0.27875
-0.0117262 0.278
-0.00518161 0.27825
0.00190895 0.278
0.00818123 0.279
0.0149989 0.279
0.0215439 0.2795
0.0349066 0.278
0.0417243 0.27675
0.0482693 0.277
0.0548142 0.2765
0.0613592 0.277
0.0679042 0.278
0.0741765 0.279
0.0809942 0.27725
0.0883573 0.275
0.0949023 0.27475
0.101993 0.274
0.108538 0.2735
0.115083 0.274
0.121355 0.2745
0.128445 0.274
0.135263 0.27275
0.141808 0.273
0.148626 0.27225
0.155171 0.272
0.161716 0.2725
0.168261 0.273
0.174806 0.2725
0.181623 0.272
0.188168 0.27225
0.194986 0.272
0.201258 0.27275
0.207803 0.273
0.214076 0.274
0.220893 0.274
0.227711 0.273
0.234529 0.272
0.241074 0.27225
0.247619 0.272
0.254436 0.27225
0.260981 0.272
0.267526 0.272
0.274071 0.272
0.280616 0.2715
0.287434 0.272
0.294252 0.27125
0.300524 0.272
0.306796 0.27275
0.313614 0.273
0.320159 0.273
0.326704 0.273
0.333249 0.273
0.339521 0.274
0.346339 0.27375
0.352611 0.275
0.358883 0.27525
0.365428 0.276
0.372246 0.2745
0.379336 0.274
0.385881 0.274
0.392154 0.275
0.398971 0.27425
0.405516 0.275
0.412061 0.27475
0.418334 0.276
0.424606 0.2765
0.431424 0.276
0.438241 0.276
0.444786 0.276
0.451059 0.27675
0.457331 0.278
0.463876 0.27775
0.470421 0.279
0.476966 0.279
0.483511 0.279
0.489783 0.28
0.496328 0.281
0.502873 0.28075
0.509145 0.282
0.51569 0.28175
0.521963 0.283
0.528508 0.2835
0.535052 0.284
0.541325 0.285
0.54787 0.285
0.554415 0.2855
0.566959 0.286
0.573232 0.28625
0.580049 0.287
0.586322 0.288
0.592867 0.289
0.599684 0.289
0.605956 0.29
0.612502 0.29075
0.619046 0.292
0.625591 0.29225
0.631864 0.294
0.637863 0.2965
0.644136 0.298
0.651226 0.2975
0.724584 0
0.731402 0
0.73822 0
0.744765 0
0.751582 0
0.7584 0
0.764945 0
0.771763 0
0.778308 0
0.785125 0
0.791943 0
0.798488 0
0.805306 0
0.812124 0
0.818668 0
0.825486 0
0.832031 0
0.838849 0
0.845667 0
0.72213 2.31925
0.728948 2.32
0.735765 2.32725
0.74231 2.336
0.749128 2.3435
0.755673 2.351
0.762218 2.3585
0.769036 2.366
0.775581 2.37775
0.782398 2.389
0.789216 2.39625
0.795761 2.404
0.802579 2.41
0.809396 2.415
0.815669 2.427
0.822486 2.439
0.829304 2.439
