0.845121 1.222
0.859302 1.222
0.865847 1.2295
0.872665 1.238
0.879482 1.23425
0.8863 1.23
0.892845 1.22925
1.02156 0
1.02838 0
1.0352 0
1.04174 0
1.04856 0
1.05538 0
1.0622 0
1.06874 0
1.07556 0
1.08238 0
1.08919 0
1.09574 0
1.10256 0
1.10937 0
1.11619 0
1.12274 0
1.12956 0
1.13637 0
1.14319 0
1.14974 0
1.15655 0
1.16337 0
1.17019 0
1.17701 0
1.18355 0
1.19037 0
1.19719 0
1.204 0
1.21055 0
1.21737 0
1.22418 0
1.231 0
1.23755 0
1.24437 0
1.25118 0
1.258 0
1.26455 0
1.27136 0
1.27818 0
1.285 0
1.29154 0
1.29836 0
1.30518 0
1.312 0
1.31854 0
1.32536 0
1.33218 0
1.33899 0
1.34581 0
1.35236 0
1.35918 0
1.36599 0
1.37281 0
1.37936 0
1.38617 0
1.39299 0
1.39981 0
1.40635 0
1.41317 0
1.41999 0
1.42681 0
1.43335 0
1.44017 0
1.44699 0
1.4538 0
1.46035 0
1.46717 0
1.47399 0
1.4808 0
1.48735 0
1.49417 0
1.50098 0
1.5078 0
1.51462 0
1.52744 0
1.53398 0
1.54053 0
1.54707 0
1.55362 0
1.56016 0
1.56671 0
1.57352 0
1.58007 0
1.58661 0
1.59316 0
1.5997 0
1.60625 0
1.48189 2.58125
1.48844 2.581
1.49526 2.576
1.5018 2.572
1.50835 2.5655
1.51489 2.56
1.52171 2.55975
1.65915 0
1.6657 0
1.67224 0
1.67879 0
1.68533 0
1.69215 0
1.6987 0
1.70524 0
1.71179 0
1.70442 0.17275
1.7107 0.173
1.7186 0.1715
1.72542 0.171
1.73251 0.1705
1.73933 0.17
1.74724 0.16825
1.75406 0.168
1.76087 0.16775
1.76796 0.167
1.77533 0.166
1.78187 0.166
1.78896 0.1655
1.79578 0.165
1.80287 0.16475
1.80914 0.165
1.81678 0.16375
1.82305 0.164
1.82932 0.1645
1.83614 0.164
1.84296 0.164
1.8495 0.164
1.85632 0.16375
1.86259 0.164
1.86968 0.16325
1.87568 0.164
1.88305 0.1635
1.88905 0.164
1.89559 0.164
1.90132 0.165
1.90814 0.16475
1.91441 0.165
1.9215 0.16475
1.92695 0.166
1.93322 0.1665
1.93922 0.167
1.9455 0.1675
1.95177 0.168
1.95859 0.16775
1.96431 0.169
1.97031 0.16975
1.97659 0.17
1.98313 0.17
1.98886 0.171
1.99513 0.172
2.00086 0.173
2.00713 0.17325
2.01258 0.175
2.01804 0.17625
2.02404 0.177
2.03085 0.17725
2.04231 0.179
2.04831 0.17975
2.05349 0.182
2.05867 0.1845
2.0644 0.186
2.0704 0.1865
2.10067 0
2.10721 0
2.11376 0
2.12057 0
2.12712 0
2.13394 0
2.14048 0
2.14703 0
2.15385 0
2.16039 0
2.16694 0
2.17375 0
2.1803 0
2.18684 0
2.19366 0
2.20021 0
2.20702 0
2.21357 0
2.22011 0
2.22693 0
2.23348 0
2.24002 0
2.24684 0
2.25338 0
2.2602 0
2.15957 0.66825
2.16612 0.669
2.17294 0.66725
2.17948 0.667
2.18602 0.667
2.30002 0
2.20539 0.563
2.21193 0.563
2.21875 0.56125
2.22557 0.559
2.23266 0.55675
2.2392 0.556
2.24548 0.5585
2.25229 0.561
2.25829 0.5675
2.26456 0.573
2.27084 0.57875
2.27684 0.586
2.28338 0.58675
2.2902 0.588
2.29674 0.5895
2.30356 0.59
2.30929 0.6
2.31529 0.609
2.32211 0.61125
2.32838 0.614
2.3352 0.61325
2.34201 0.612
2.34829 0.615
2.3551 0.618
2.3611 0.6235
2.36738 0.63
2.37419 0.62925
2.486 0
2.49255 0
2.49937 0
2.50591 0
2.51246 0
2.51927 0
2.52582 0
2.40446 1.94175
2.41101 1.942
2.41755 1.926
2.42437 1.91
2.43119 1.894
2.43773 1.879
2.44455 1.86375
2.45137 1.85
2.45819 1.84925
2.4721 1.824
2.47864 1.81025
2.48573 1.797
2.49228 1.7845
2.49909 1.772
2.50591 1.7595
2.51273 1.747
2.51955 1.73475
2.52636 1.722
2.53318 1.71075
2.53973 1.701
2.54682 1.689
2.55363 1.677
2.56018 1.6665
2.567 1.657
2.57382 1.64675
2.58063 1.638
2.58745 1.62875
2.59427 1.62
2.60109 1.6105
2.60763 1.601
2.61445 1.5935
2.62154 1.585
2.62808 1.57675
2.6349 1.568
2.64145 1.55925
2.64854 1.551
2.65535 1.5435
2.6619 1.535
2.66899 1.5265
2.67554 1.519
2.68235 1.51125
2.68917 1.504
2.69599 1.49675
2.70281 1.491
2.70935 1.484
2.71617 1.478
2.72299 1.471
2.7298 1.465
2.73662 1.45925
2.74317 1.453
2.74998 1.44525
2.7568 1.439
2.76362 1.434
2.77044 1.428
2.77698 1.422
2.78407 1.417
2.79062 1.41225
2.79744 1.407
2.80425 1.40075
2.8108 1.396
2.81789 1.391
2.82443 1.386
2.83125 1.3815
2.83807 1.378
2.84461 1.37275
2.85143 1.369
2.85825 1.36325
2.86507 1.359
2.87188 1.355
2.87843 1.351
2.88525 1.347
2.89207 1.344
2.89888 1.34125
2.9057 1.338
2.91225 1.33325
2.91906 1.329
2.92561 1.3255
2.9327 1.321
2.93952 1.3185
2.94606 1.315
2.95288 1.31125
2.95942 1.308
2.96624 1.30475
2.97306 1.303
2.97988 1.3005
2.98669 1.297
2.99324 1.293
3.00006 1.29
3.00688 1.2895
3.02106 1.287
3.0276 1.28325
3.03415 1.281
3.04096 1.2785
3.04751 1.277
3.05433 1.274
3.06087 1.272
3.06742 1.26975
3.07396 1.267
3.08051 1.26425
3.08732 1.263
3.09387 1.26
3.10069 1.258
3.10723 1.2555
3.11405 1.253
3.12059 1.25225
3.12714 1.252
3.13368 1.25125
3.14023 1.25
-3.13614 1.2485
-3.12959 1.248
-3.12305 1.246
-3.1165 1.245
-3.10996 1.24325
-3.10314 1.242
-3.0966 1.24175
-3.09005 1.241
-3.08351 1.2395
-3.07642 1.239
-3.06987 1.238
-3.06333 1.238
-3.05678 1.23725
-3.05024 1.237
-3.04342 1.23675
-3.03687 1.236
-3.03033 1.235
-3.02378 1.235
-3.01724 1.2335
-3.01042 1.233
-3.00388 1.23275
-2.99733 1.234
-2.99079 1.23375
-2.98397 1.234
-2.97742 1.2345
-2.97088 1.234
-2.96433 1.2345
-2.95779 1.234
-2.95097 1.23375
-2.94442 1.234
-2.93788 1.23475
-2.93133 1.235
-2.92479 1.235
-2.91797 1.236
-2.91143 1.2365
-2.90488 1.236
-2.89834 1.23625
-2.89152 1.238
-2.88497 1.23825
-2.87843 1.239
-2.87216 1.2395
-2.86561 1.24
-2.85879 1.241
-2.85225 1.241
-2.8457 1.24225
-2.83916 1.244
-2.83261 1.24525
-2.8258 1.246
-2.81925 1.248
-2.81271 1.249
-2.80616 1.2505
-2.79934 1.253
-2.7928 1.25475
-2.78625 1.257
-2.77971 1.25775
-2.77344 1.259
-2.76662 1.261
-2.76007 1.263
-2.75353 1.2645
-2.74698 1.267
-2.74017 1.2665
-2.72599 1.27
-2.71944 1.27275
-2.7129 1.277
-2.70608 1.2775
-2.69953 1.279
-2.69326 1.2815
-2.68644 1.284
-2.6799 1.28575
-2.67335 1.289
-2.66654 1.29225
-2.65999 1.297
-2.65317 1.2985
-2.6469 1.301
-2.64036 1.304
-2.63354 1.308
-2.62699 1.31025
-2.62045 1.313
-2.61363 1.31625
-2.60709 1.32
-2.60081 1.323
-2.594 1.327
-2.58745 1.332
-2.58063 1.336
-2.57409 1.33875
-2.56754 1.342
-2.561 1.34525
-2.55445 1.349
-2.54791 1.3525
-2.54109 1.356
-2.53455 1.361
-2.52773 1.365
-2.52146 1.36875
-2.51491 1.374
-2.50809 1.37725
-2.50155 1.382
-2.495 1.387
-2.48846 1.393
-2.48191 1.3985
-2.47537 1.403
-2.46855 1.40775
-2.462 1.414
-2.45546 1.41775
-2.44892 1.423
-2.44237 1.43
-2.43555 1.436
-2.42901 1.442
-2.42274 1.449
-2.41592 1.45475
-2.40937 1.462
-2.40283 1.46725
-2.39628 1.474
-2.38974 1.48
-2.38292 1.485
-2.37637 1.4935
-2.3701 1.501
-2.36328 1.50825
-2.35674 1.515
-2.35019 1.52225
-2.34365 1.529
-2.3371 1.5375
-2.33029 1.545
-2.32374 1.5525
-2.31747 1.56
-2.31065 1.56725
-2.30411 1.576
-2.29756 1.58525
-2.29102 1.594
-2.28447 1.6035
-2.27793 1.612
-2.27138 1.623
-2.26484 1.633
-2.25802 1.64125
-2.25147 1.649
-2.2452 1.65975
-2.23838 1.67
-2.23184 1.6805
-2.22529 1.69
-2.21875 1.6995
-2.2122 1.71
-2.20539 1.7095
-2.19175 1.733
-2.18521 1.743
-2.17839 1.754
-2.17184 1.74975
-2.16503 1.746
-2.15848 1.75825
-2.15194 1.77
-2.14539 1.782
-2.13857 1.794
-2.13203 1.808
-2.12548 1.823
-2.11894 1.83675
-2.11212 1.85
-2.10585 1.86425
-2.09903 1.879
-2.09249 1.8955
-2.08594 1.911
-2.0794 1.9265
-2.07285 1.943
-2.06631 1.95925
-2.05949 1.977
-2.05322 1.99375
-2.0464 2.012
-2.03985 2.0305
-2.03331 2.05
-2.02676 2.0695
-2.01995 2.09
-2.01367 2.11075
-2.00686 2.131
-2.00031 2.15175
-1.99377 2.174
-1.98722 2.195
-1.98068 2.217
-1.97413 2.242
-1.96731 2.266
-1.96104 2.30475
-1.95422 2.345
-1.94795 2.38275
-1.94113 2.421
-1.93486 2.45
-1.92804 2.478
-1.92177 2.5065
-1.91495 2.534
-1.90841 2.56425
-1.90186 2.594
-1.89532 2.62925
-1.8885 2.664
-1.88223 2.6985
-1.87541 2.734
-1.86914 2.7715
-1.86232 2.809
-1.85578 2.84825
-1.84923 2.888
-1.84269 2.88325
-1.83587 2.878
-1.82932 2.871
-1.82251 2.864
-1.81569 2.8585
-1.80887 2.854
-1.80233 2.84225
-1.79551 2.83
-1.78896 2.83025
-1.65043 0
-1.64388 0
-1.63706 0
-1.63052 0
-1.6237 0
-1.61716 0
-1.61034 0
-1.60379 0
-1.59698 0
-1.59043 0
-1.58361 0
-1.70742 2.4065
-1.70061 2.407
-1.69406 2.4045
-1.68724 2.402
-1.6807 2.40175
-1.54353 0
-1.53671 0
-1.65561 2.708
-1.64906 2.7015
-1.64252 2.696
-1.6357 2.69275
-1.62916 2.691
-1.62234 2.68775
-1.61579 2.684
-1.60925 2.681
-1.60243 2.677
-1.59589 2.6745
-1.58907 2.672
-1.58225 2.66825
-1.5757 2.664
-1.56889 2.66175
-1.56234 2.661
-1.55552 2.6585
-1.54898 2.657
-1.54243 2.6535
-1.53562 2.651
-1.52907 2.64825
-1.52225 2.645
-1.51571 2.64125
-1.50916 2.638
-1.50235 2.6345
-1.4958 2.632
-1.48898 2.63
-1.48244 2.628
-1.47589 2.62625
-1.46908 2.624
-1.46253 2.62525
-1.45571 2.627
-1.44917 2.6335
-1.44262 2.641
-1.43581 2.6415
-1.29809 0
-1.29127 0
-1.28473 0
-1.27818 0
-1.27136 0
-1.26482 0
-1.258 0
-1.25146 0
-1.24464 0
-1.23809 0
-1.23155 0
-1.22473 0
-1.21819 0
-1.21137 0
-1.20482 0
-1.19828 0
-1.19146 0
-1.18491 0
-1.1781 0
-1.17155 0
-1.16501 0
-1.15819 0
-1.15164 0
-1.14483 0
-1.13828 0
-1.13174 0
-1.12492 0
-1.11837 0
-1.11156 0
-1.23646 2.67625
-1.22991 2.677
-1.22309 2.67625
-1.0851 0
-1.07829 0
-1.07174 0
-1.0652 0
-1.05838 0
-1.05183 0
-1.04502 0
-1.03847 0
-1.03193 0
-1.02511 0
-1.01856 0
-1.01175 0
-1.0052 0
-0.998383 0
-0.985565 0
-0.97902 0
-0.972203 0
-0.965658 0
-0.95884 0
-0.952295 0
-0.945478 0
-0.938933 0
-0.932115 0
-0.92557 0
-0.918752 0
-0.912207 0
-0.90539 0
-0.898845 0
-0.892027 0
-0.885482 0
-0.878664 0
-0.872119 0
-0.865301 0
-0.858756 0
-0.851939 0
-0.845394 0
-0.838576 0
-0.832031 0
-0.825213 0
-0.818669 0
-0.811851 0
-0.874846 0.31025
-0.868574 0.311
-0.861756 0.3115
-0.855484 0.313
-0.848666 0.312
-0.842121 0.312
-0.835304 0.31225
-0.828759 0.312
-0.821941 0.31225
-0.815396 0.313
-0.808578 0.313
-0.802306 0.314
-0.795761 0.315
-0.789489 0.316
-0.782944 0.31725
-0.776944 0.32
-0.770127 0.32025
-0.764127 0.322
-0.757582 0.324
-0.751582 0.326
-0.745037 0.328
-0.739038 0.331
-0.73222 0.33075
-0.651499 0
-0.644681 0
-0.638136 0
-0.631318 0
-0.624501 0
-0.617956 0
-0.611138 0
-0.604593 0
-0.597775 0
-0.692677 0.56875
-0.68586 0.569
-0.679042 0.564
-0.671952 0.56
-0.665134 0.556
-0.658044 0.552
-0.651226 0.54775
-0.644136 0.544
-0.637318 0.54025
-0.630227 0.536
-0.62341 0.5325
-0.616319 0.529
-0.609502 0.5255
-0.602411 0.522
-0.595594 0.51825
-0.588503 0.515
-0.581685 0.51125
-0.574595 0.509
-0.567777 0.5065
-0.560687 0.503
-0.55387 0.5035
-0.539143 0.496
-0.532326 0.4935
-0.525508 0.491
-0.518417 0.48825
-0.511872 0.486
-0.504782 0.48275
-0.497964 0.48
-0.491146 0.4775
-0.484056 0.475
-0.477238 0.4725
-0.470421 0.471
-0.463603 0.46825
-0.456786 0.466
-0.449695 0.46425
-0.442877 0.462
-0.43606 0.4605
-0.429242 0.458
-0.422424 0.4555
-0.415334 0.453
-0.408516 0.45125
-0.401698 0.45
-0.394881 0.44825
-0.388063 0.446
-0.380973 0.4445
-0.374155 0.442
-0.367337 0.4405
-0.36052 0.439
-0.353702 0.43675
-0.346884 0.436
-0.340066 0.43425
-0.333249 0.433
-0.326431 0.432
-0.319613 0.43
-0.312796 0.429
-0.305978 0.427
-0.29916 0.42625
-0.292342 0.425
-0.28607 0.42625
-0.279526 0.429
-0.272981 0.4285
-0.176987 0
-0.170442 0
-0.163625 0
-0.15708 0
-0.150534 0
-0.143717 0
-0.137172 0
-0.130354 0
-0.123809 0
-0.117264 0
-0.110447 0
-0.103902 0
-0.0970839 0
-0.176987 0.406
-0.170442 0.406
-0.163625 0.40625
-0.0706313 0
-0.0638135 0
-0.0572684 0
-0.0507239 0
-0.043906 0
-0.037361 0
-0.0305432 0
-0.0239981 0
-0.0174535 0
-0.0106357 0
-0.00409061 0
0.00272708 0
0.00927206 0
-0.113447 2.11625
-0.106629 2.117
-0.100084 2.116
-0.0932658 2.116
-0.0867212 2.112
-0.0801762 2.108
-0.0733584 2.10425
-0.0668133 2.101
-0.0597232 2.09425
-0.0531781 2.088
-0.0463603 2.08775
-0.0324524 2.085
-0.0259073 2.08275
-0.0193623 2.081
-0.0125445 2.078
-0.00599939 2.075
0.000545415 2.0755
0.136354 0
0.142899 0
0.149444 0
0.0370882 1.06125
0.0436332 1.061
0.0504509 1.05375
0.0572686 1.047
0.0638136 1.049
0.0703586 1.05
0.0771763 1.051
0.0837213 1.052
0.0902663 1.05025
0.0970839 1.05
0.103629 1.04725
0.110174 1.044
0.116992 1.043
0.123809 1.041
0.130082 1.046
0.136899 1.05
0.143444 1.04775
0.149989 1.047
0.156807 1.04575
0.163352 1.044
0.169897 1.046
0.176715 1.049
0.18326 1.045
0.190077 1.042
0.196622 1.04425
0.203167 1.046
0.209712 1.04425
0.21653 1.044
0.223075 1.046
0.22962 1.048
0.236438 1.045
0.243255 1.041
0.250073 1.04125
0.256345 1.043
0.26289 1.04525
0.269708 1.049
0.276253 1.0495
0.282798 1.051
0.289616 1.0525
0.296161 1.054
0.302706 1.05325
0.428424 0
0.434969 0
0.441514 0
0.448331 0
0.454876 0
0.461421 0
0.468239 0
0.474784 0
0.481329 0
0.371428 0.94825
0.377973 0.949
0.384518 0.948
0.391336 0.948
0.397881 0.945
0.404698 0.942
0.411243 0.94425
0.417788 0.946
0.424333 0.94825
0.431151 0.951
0.43715 0.971
0.443423 0.99
0.449695 1.003
0.45624 1.015
0.462785 1.01025
0.469603 1.006
0.47642 1.00125
0.482965 0.998
0.489783 0.995
0.496328 0.991
0.503146 0.9915
0.517599 0.985
0.524144 0.98175
0.530689 0.98
0.537234 0.978
0.544052 0.975
0.550597 0.9745
0.557415 0.973
0.56396 0.97225
0.570504 0.972
0.577049 0.97375
0.583594 0.975
0.590412 0.977
0.596684 0.98
0.603229 0.9845
0.609774 0.988
0.615774 1.00325
0.622046 1.019
0.628864 1.01875
0.753764 0
0.760309 0
0.766854 0
0.773399 0
0.780217 0
0.65668 2.325
0.663225 2.325
0.66977 2.3325
0.676315 2.341
0.68286 2.34875
0.689405 2.358
0.69595 2.36975
0.702495 2.383
0.70904 2.3925
0.715585 2.401
0.722403 2.407
0.728948 2.414
0.73522 2.46925
0.741492 2.526
0.748037 2.54275
0.754582 2.56
0.7614 2.569
0.767945 2.578
0.77449 2.5785
0.911935 0
0.91848 0
0.925297 0
0.931842 0
0.938387 0
0.944932 0
0.951477 0
0.958295 0
