0.838849 2.453
0.852757 2.519
0.859302 2.552
0.865574 2.586
0.872392 2.58625
1.01011 0
1.01693 0
1.02347 0
1.03029 0
1.03683 0
1.04338 0
1.0502 0
1.05674 0
1.06356 0
1.0701 0
1.07692 0
1.08347 0
1.09001 0
1.09683 0
1.10338 0
1.11019 0
1.11674 0
1.12356 0
1.1301 0
1.13665 0
1.14346 0
1.15001 0
1.15683 0
1.16337 0
1.17019 0
1.17673 0
1.18328 0
1.1901 0
1.19664 0
1.20346 0
1.21 0
1.21682 0
1.22337 0
1.22991 0
1.23673 0
1.24327 0
1.25009 0
1.25664 0
1.26345 0
1.27 0
1.27654 0
1.28336 0
1.28991 0
1.29673 0
1.30327 0
1.31009 0
1.31663 0
1.32318 0
1.33 0
1.33654 0
1.34336 0
1.3499 0
1.35672 0
1.36327 0
1.36981 0
1.37663 0
1.38317 0
1.38999 0
1.39654 0
1.40335 0
1.4099 0
1.40826 0.16525
1.41426 0.166
1.42217 0.1645
1.43008 0.163
1.43744 0.162
1.4459 0.16
1.45462 0.15775
1.46171 0.157
1.46989 0.15525
1.47644 0.155
1.48435 0.154
1.49171 0.153
1.49853 0.153
1.50616 0.152
1.51244 0.1525
1.52771 0.151
1.53507 0.15025
1.54216 0.15
1.54953 0.149
1.55634 0.149
1.56289 0.149
1.5708 0.148
1.57761 0.14775
1.58416 0.148
1.59043 0.14825
1.59752 0.148
1.60407 0.148
1.61198 0.147
1.61852 0.147
1.62534 0.147
1.63243 0.14625
1.6387 0.147
1.64525 0.14675
1.65206 0.147
1.65752 0.148
1.66434 0.148
1.67033 0.1485
1.6777 0.148
1.68452 0.14775
1.69106 0.148
1.69788 0.14775
1.70333 0.149
1.70933 0.15
1.71588 0.15
1.72269 0.15
1.72924 0.15
1.73633 0.14975
1.74151 0.151
1.7486 0.15075
1.75406 0.152
1.75951 0.1535
1.76551 0.154
1.77124 0.155
1.77778 0.155
1.7846 0.15525
1.7906 0.156
1.79714 0.15625
1.80233 0.158
1.80778 0.1595
1.81378 0.16
1.81978 0.161
1.82551 0.162
1.83096 0.16375
1.83641 0.165
1.84187 0.16675
1.84759 0.168
1.8525 0.1705
1.85796 0.172
1.86287 0.1745
1.86777 0.177
1.87487 0.17625
1.89832 0
1.90486 0
1.91168 0
1.91823 0
1.92504 0
1.93159 0
1.93841 0
1.94495 0
1.95177 0
1.95831 0
1.96513 0
1.97168 0
1.97849 0
1.98504 0
1.99186 0
1.9984 0
2.00522 0
2.01176 0
2.01858 0
2.02513 0
2.03194 0
2.03849 0
2.04531 0
2.05213 0
2.06494 0
2.07149 0
2.07803 0
2.08485 0
2.0914 0
1.96731 2.5255
1.97386 2.526
1.9804 2.51075
1.98749 2.497
1.99404 2.49725
2.00086 2.498
2.00713 2.504
2.01367 2.509
2.02049 2.509
2.15794 0
2.05185 0.80875
2.0584 0.809
2.06549 0.79225
2.07312 0.775
2.07994 0.768
2.08676 0.761
2.09358 0.7545
2.10039 0.748
2.10721 0.75075
2.11348 0.754
2.1203 0.76075
2.12657 0.767
2.13285 0.774
2.13939 0.78
2.14594 0.7815
2.15275 0.783
2.15903 0.78425
2.16557 0.786
2.17239 0.78575
2.17893 0.787
2.18575 0.7875
2.1923 0.789
2.19884 0.79
2.20566 0.791
2.21193 0.79175
2.21875 0.794
2.22529 0.79575
2.23211 0.798
2.23838 0.801
2.24493 0.805
2.25147 0.8085
2.25802 0.812
2.26456 0.81625
2.27111 0.822
2.27765 0.82125
2.39765 0
2.40419 0
2.41101 0
2.41755 0
2.4241 0
2.43092 0
2.43746 0
2.44428 0
2.45082 0
2.45737 0
2.46419 0
2.47073 0
2.47755 0
2.39901 0.3965
2.40555 0.396
2.41128 0.4055
2.41646 0.415
2.42464 0.40525
2.43255 0.395
2.43937 0.39275
2.44619 0.392
2.45301 0.391
2.4601 0.389
2.46691 0.3875
2.47373 0.386
2.47973 0.39175
2.48546 0.397
2.49282 0.39325
2.49991 0.389
2.50673 0.38925
2.52009 0.384
2.52691 0.38175
2.53373 0.379
2.54082 0.378
2.54736 0.377
2.55418 0.3785
2.56018 0.381
2.56645 0.38525
2.57218 0.391
2.57927 0.38775
2.58663 0.384
2.59318 0.384
2.6 0.384
2.60654 0.383
2.61336 0.383
2.62018 0.38225
2.62699 0.382
2.63354 0.38175
2.64008 0.382
2.6469 0.3815
2.65372 0.38
2.66054 0.379
2.66708 0.379
2.67363 0.38075
2.6799 0.383
2.6859 0.38825
2.69162 0.395
2.69762 0.398
2.70417 0.4
2.71071 0.4005
2.71753 0.4
2.72462 0.39725
2.73171 0.395
2.73771 0.39925
2.74398 0.403
2.75053 0.4035
2.7568 0.404
2.76362 0.404
2.85634 0
2.86316 0
2.8697 0
2.79825 0.35225
2.8048 0.352
2.81189 0.35175
2.81816 0.352
2.82471 0.3525
2.83152 0.353
2.8378 0.3535
2.84461 0.354
2.85116 0.35425
2.85798 0.355
2.86452 0.35475
2.87134 0.354
2.87788 0.354
2.8847 0.353
2.89152 0.352
2.89861 0.35
2.9057 0.34825
2.91252 0.347
2.91961 0.34475
2.92643 0.343
2.93352 0.342
2.94033 0.34
2.94715 0.3385
2.95424 0.338
2.96079 0.33725
2.96761 0.338
2.97388 0.33875
2.9807 0.339
2.98697 0.34
2.99379 0.34
3.00033 0.341
3.00688 0.341
3.01342 0.34225
3.01969 0.343
3.02651 0.34375
3.03306 0.344
3.03987 0.344
3.04614 0.345
3.05296 0.3445
3.06714 0.345
3.07369 0.3445
3.08023 0.345
3.08705 0.34475
3.0936 0.345
3.10041 0.34475
3.10723 0.344
3.11378 0.343
3.12087 0.342
3.12741 0.3415
3.1345 0.34
3.14132 0.33875
-3.13532 0.339
-3.12823 0.33775
-3.12169 0.337
-3.11459 0.336
-3.10805 0.336
-3.10069 0.3325
-3.09332 0.329
-3.08569 0.32425
-3.07832 0.321
-3.07096 0.31725
-3.0636 0.314
-3.05705 0.3145
-2.9796 0
-3.03742 0.2885
-3.0306 0.288
-3.02378 0.28625
-3.01669 0.286
-3.01015 0.28575
-3.00306 0.285
-2.99624 0.2835
-2.98915 0.282
-2.9826 0.2825
-2.97579 0.282
-2.96815 0.27825
-2.96079 0.276
-2.95424 0.27575
-2.88634 0
-2.87979 0
-2.87298 0
-2.9237 0.263
-2.91688 0.263
-2.91061 0.264
-2.90406 0.264
-2.89752 0.26475
-2.89097 0.265
-2.88443 0.26525
-2.87843 0.267
-2.87243 0.269
-2.86589 0.27
-2.85989 0.2715
-2.85307 0.272
-2.84707 0.27425
-2.84107 0.276
-2.8348 0.27775
-2.82852 0.279
-2.82252 0.2815
-2.81625 0.283
-2.80971 0.2825
-2.73989 0
-2.73335 0
-2.72653 0
-2.78353 0.28425
-2.77698 0.285
-2.77071 0.28675
-2.76498 0.29
-2.7598 0.2965
-2.75489 0.303
-2.74835 0.3025
-2.67335 0
-2.72435 0.26425
-2.71753 0.264
-2.71099 0.26425
-2.70471 0.265
-2.69817 0.266
-2.69162 0.266
-2.68535 0.267
-2.67935 0.269
-2.67226 0.2685
-2.59945 0
-2.5929 0
-2.58636 0
-2.64499 0.2915
-2.63817 0.291
-2.63272 0.29675
-2.62781 0.303
-2.62236 0.30775
-2.6169 0.314
-2.61172 0.3195
-2.60599 0.325
-2.60109 0.333
-2.5959 0.34
-2.59018 0.34625
-2.585 0.354
-2.57818 0.35375
-2.49309 0
-2.48655 0
-2.47973 0
-2.47319 0
-2.46637 0
-2.45982 0
-2.45328 0
-2.44646 0
-2.43992 0
-2.4331 0
-2.42655 0
-2.42001 0
-2.41319 0
-2.52855 1.2265
-2.52173 1.227
-2.51518 1.2305
-2.50864 1.233
-2.50182 1.23625
-2.49528 1.239
-2.48873 1.24225
-2.48219 1.245
-2.47564 1.2485
-2.46882 1.252
-2.46228 1.255
-2.45546 1.257
-2.44919 1.25925
-2.44237 1.263
-2.43583 1.26625
-2.42928 1.271
-2.42246 1.275
-2.41592 1.278
-2.40937 1.282
-2.40283 1.286
-2.39628 1.29025
-2.38946 1.294
-2.38292 1.29725
-2.37637 1.302
-2.36983 1.306
-2.36328 1.311
-2.35647 1.3155
-2.34992 1.32
-2.34338 1.32475
-2.33683 1.33
-2.33029 1.33525
-2.32347 1.34
-2.31692 1.3445
-2.31038 1.35
-2.30383 1.356
-2.29729 1.363
-2.29074 1.36875
-2.2842 1.374
-2.27738 1.37875
-2.27084 1.384
-2.26429 1.391
-2.25775 1.398
-2.2512 1.403
-2.24438 1.409
-2.23784 1.41475
-2.23157 1.422
-2.22475 1.42875
-2.2182 1.437
-2.21139 1.4435
-2.20511 1.451
-2.1983 1.4505
-2.18412 1.466
-2.17784 1.4735
-2.17103 1.482
-2.16448 1.48925
-2.15766 1.496
-2.15112 1.50525
-2.14457 1.516
-2.13776 1.523
-2.13121 1.529
-2.12467 1.5385
-2.11785 1.548
-2.11103 1.55725
-2.10476 1.566
-2.09794 1.57625
-2.09112 1.587
-2.08485 1.5975
-2.07803 1.608
-2.07121 1.6165
-2.06494 1.626
-2.05812 1.63775
-2.05131 1.649
-2.04504 1.65975
-2.03822 1.672
-2.0314 1.683
-2.02513 1.694
-2.01831 1.725
-2.01176 1.756
-2.00522 1.75575
-1.87132 0
-1.8645 0
-1.85796 0
-1.85114 0
-1.84432 0
-1.83778 0
-1.83096 0
-1.82414 0
-1.8176 0
-1.81078 0
-1.80396 0
-1.79742 0
-1.7906 0
-1.78405 0
-1.77724 0
-1.89886 1.95025
-1.89232 1.951
-1.8855 1.971
-1.87868 1.99
-1.87241 2.0095
-1.86559 2.028
-1.85905 2.04775
-1.8525 2.068
-1.84569 2.09025
-1.83914 2.113
-1.8326 2.135
-1.82605 2.158
-1.81923 2.183
-1.81269 2.207
-1.80614 2.23725
-1.79933 2.268
-1.79278 2.26825
-1.65615 0
-1.64934 0
-1.64279 0
-1.7666 2.4875
-1.75978 2.488
-1.75351 2.5185
-1.74669 2.548
-1.74015 2.58425
-1.7336 2.621
-1.72679 2.65625
-1.72024 2.691
-1.7137 2.729
-1.70715 2.767
-1.70033 2.808
-1.69379 2.849
-1.68724 2.86725
-1.68043 2.886
-1.67388 2.87225
-1.66679 2.858
-1.65997 2.85825
-1.64579 2.842
-1.64006 2.83425
-1.63406 2.827
-1.62806 2.8275
-1.49035 0
-1.48435 0
-1.47835 0
-1.47235 0
-1.46635 0
-1.46035 0
-1.45435 0
-1.44835 0
-1.44235 0
-1.43635 0
-1.43035 0
-1.42435 0
-1.41017 0
-1.53398 2.408
-1.52744 2.408
-1.52062 2.40775
-1.38372 0
-1.3769 0
-1.37036 0
-1.49498 2.70675
-1.48844 2.707
-1.48162 2.702
-1.47508 2.697
-1.46826 2.694
-1.46171 2.691
-1.4549 2.68875
-1.44835 2.686
-1.44153 2.68375
-1.43499 2.682
-1.42817 2.6795
-1.42163 2.677
-1.41481 2.6735
-1.40826 2.671
-1.40144 2.67025
-1.3949 2.671
-1.38781 2.66825
-1.38126 2.667
-1.37445 2.665
-1.3679 2.662
-1.36136 2.658
-1.35454 2.654
-1.34799 2.65125
-1.34118 2.649
-1.33463 2.64775
-1.32781 2.646
-1.32127 2.6445
-1.31445 2.642
-1.30791 2.642
-1.30109 2.643
-1.29454 2.64575
-1.28773 2.648
-1.28118 2.64825
-1.14319 0
-1.13665 0
-1.12983 0
-1.12328 0
-1.11647 0
-1.10992 0
-1.1031 0
-1.09656 0
-1.08974 0
-1.0832 0
-1.07638 0
-1.06983 0
-1.06301 0
-1.05647 0
-1.04992 0
-1.04311 0
-1.03656 0
-1.02974 0
-1.0232 0
-1.01638 0
-1.00984 0
-1.00302 0
-0.996474 0
-0.989656 0
-0.983111 0
-0.976293 0
-0.969749 0
-0.962931 0
-0.956386 0
-0.949568 0
-0.943023 0
-1.06765 2.7085
-1.06111 2.709
-1.05429 2.7095
-0.916298 0
-0.90948 0
-0.902935 0
-0.896118 0
-0.889572 0
-0.882755 0
-0.868574 0
-0.862029 0
-0.855484 0
-0.848666 0
-0.842121 0
-0.835304 0
-0.828759 0
-0.821941 0
-0.815396 0
-0.808578 0
-0.802033 0
-0.795215 0
-0.788671 0
-0.781853 0
-0.775308 0
-0.892299 1.3755
-0.885754 1.376
-0.878664 1.36325
-0.872119 1.351
-0.865301 1.35125
-0.73522 0
-0.728402 0
-0.721857 0
-0.71504 0
-0.708494 0
-0.701677 0
-0.695132 0
-0.805851 0.9695
-0.799033 0.97
-0.792216 0.96
-0.785126 0.949
-0.77858 0.94825
-0.655044 0
-0.648499 0
-0.641681 0
-0.635136 0
-0.628319 0
-0.621774 0
-0.614956 0
-0.695677 0.41325
-0.68886 0.413
-0.682315 0.4135
-0.58823 0
-0.581685 0
-0.574868 0
-0.568323 0
-0.561505 0
-0.55496 0
-0.548142 0
-0.541598 0
-0.53478 0
-0.528235 0
-0.521417 0
-0.514872 0
-0.508327 0
-0.501509 0
-0.494964 0
-0.488147 0
-0.481602 0
-0.474784 0
-0.468239 0
-0.461421 0
-0.454876 0
-0.448059 0
-0.441514 0
-0.434696 0
-0.428151 0
-0.527689 0.6525
-0.521144 0.653
-0.514054 0.64775
-0.507509 0.644
-0.500418 0.63825
-0.493601 0.634
-0.486511 0.63
-0.479693 0.626
-0.472603 0.622
-0.465785 0.617
-0.458694 0.61325
-0.452149 0.609
-0.445332 0.60925
-0.431969 0.601
-0.424606 0.59025
-0.417516 0.58
-0.410698 0.58
-0.301887 0
-0.295342 0
-0.288525 0
-0.352884 0.3155
-0.346339 0.315
-0.339248 0.31425
-0.332431 0.313
-0.32534 0.31175
-0.318523 0.31
-0.311978 0.3095
-0.304614 0.308
-0.297797 0.3065
-0.291252 0.306
-0.284161 0.30525
-0.277344 0.304
-0.270526 0.30275
-0.263436 0.302
-0.256891 0.3015
-0.249528 0.3
-0.242983 0.3
-0.236438 0.299
-0.229347 0.29825
-0.22253 0.297
-0.215712 0.29675
-0.20944 0.298
-0.202076 0.2955
-0.194986 0.294
-0.188168 0.293
-0.181351 0.292
-0.174533 0.29175
-0.167715 0.291
-0.160898 0.28975
-0.153807 0.289
-0.14699 0.288
-0.140172 0.287
-0.133354 0.2865
-0.126809 0.287
-0.119992 0.28675
-0.113174 0.286
-0.106629 0.28575
-0.0995382 0.285
-0.0929936 0.285
-0.0861757 0.284
-0.0796307 0.285
-0.0733584 0.286
-0.0662678 0.28325
-0.0589049 0.282
-0.0520871 0.28075
-0.0452693 0.281
-0.038452 0.28
-0.0319069 0.28
-0.0250891 0.28
-0.0182713 0.279
-0.0114539 0.27725
-0.00436336 0.277
0.00218166 0.27675
0.00872665 0.278
0.0152716 0.278
0.0220893 0.277
0.028907 0.2765
0.0357247 0.276
0.0422697 0.27575
0.0490874 0.276
0.0553597 0.27625
0.0621774 0.276
0.0692678 0.2745
0.0760854 0.274
0.0829031 0.274
0.0894481 0.274
0.0962658 0.27275
0.103084 0.273
0.109901 0.27225
0.116173 0.273
0.122991 0.2725
0.129536 0.273
0.136354 0.2725
0.149717 0.27
0.155989 0.271
0.162806 0.271
0.169351 0.27125
0.176169 0.271
0.182987 0.27025
0.189532 0.271
0.195804 0.2715
0.202895 0.271
0.209167 0.272
0.215984 0.272
0.222802 0.27125
0.22962 0.271
0.236165 0.27125
0.242983 0.271
0.2498 0.2705
0.256618 0.27
0.263436 0.27
0.269708 0.271
0.276798 0.27025
0.283343 0.27
0.290161 0.26975
0.296979 0.269
0.303796 0.2695
0.310069 0.27
0.316886 0.2705
0.323159 0.271
0.329976 0.27125
0.336249 0.272
0.343339 0.27125
0.349611 0.272
0.356429 0.272
0.362974 0.273
0.368974 0.2745
0.375791 0.275
0.382882 0.27325
0.389699 0.273
0.396244 0.27325
0.403062 0.273
0.409334 0.274
0.416152 0.274
0.422424 0.275
0.429242 0.275
0.43606 0.27425
0.442605 0.275
0.44915 0.27475
0.455967 0.275
0.46224 0.276
0.469057 0.276
0.475602 0.2765
0.482147 0.277
0.488692 0.27725
0.495237 0.278
0.502055 0.27725
0.5086 0.278
0.515145 0.279
0.521417 0.28
0.527962 0.281
0.534507 0.281
0.541052 0.28125
0.547597 0.282
0.554415 0.28175
0.560687 0.283
0.567232 0.284
0.57405 0.284
0.580595 0.284
0.58714 0.285
0.593139 0.28625
0.599957 0.287
0.606229 0.28725
0.613047 0.288
0.619319 0.289
0.626137 0.289
0.632409 0.2895
0.638954 0.291
0.644681 0.29375
0.650953 0.296
0.657498 0.29625
0.730857 0
0.737674 0
0.751582 0
0.757855 0
0.7644 0
0.770945 0
0.77749 0
0.784035 0
0.79058 0
0.797125 0
0.80367 0
0.810215 0
0.81676 0
0.823305 0
0.82985 0
0.836394 0
0.842939 0
0.719403 2.321
0.725675 2.321
0.73222 2.32875
0.738765 2.338
0.74531 2.34475
0.751582 2.352
0.758127 2.3565
0.764672 2.362
0.771217 2.371
0.777762 2.381
0.784307 2.38925
0.790852 2.399
0.797397 2.40625
0.803942 2.413
0.810215 2.4255
0.81676 2.437
0.823305 2.4375
