0.837758 2.459
0.850575 2.477
0.856848 2.5315
0.863393 2.587
0.87021 2.58725
1.0082 0
1.01475 0
1.02156 0
1.02838 0
1.0352 0
1.04174 0
1.04856 0
1.05538 0
1.0622 0
1.06874 0
1.07556 0
1.08238 0
1.08919 0
1.09574 0
1.10256 0
1.10937 0
1.11619 0
1.12274 0
1.12956 0
1.13637 0
1.14319 0
1.14974 0
1.15655 0
1.16337 0
1.17019 0
1.17701 0
1.18355 0
1.19037 0
1.19719 0
1.204 0
1.21055 0
1.21737 0
1.22418 0
1.231 0
1.23755 0
1.24437 0
1.25118 0
1.258 0
1.26455 0
1.27136 0
1.27818 0
1.285 0
1.29154 0
1.29836 0
1.30518 0
1.312 0
1.31854 0
1.32536 0
1.33218 0
1.33899 0
1.34581 0
1.35236 0
1.35918 0
1.36599 0
1.37281 0
1.37936 0
1.38617 0
1.39299 0
1.39981 0
1.40635 0
1.41317 0
1.41181 0.16525
1.41781 0.166
1.42517 0.165
1.43362 0.163
1.44208 0.161
1.44971 0.16
1.45735 0.15875
1.4658 0.157
1.47317 0.15625
1.4808 0.155
1.48844 0.154
1.49526 0.154
1.50289 0.153
1.5108 0.152
1.51762 0.152
1.53125 0.151
1.53889 0.15
1.54543 0.15
1.55307 0.14875
1.55934 0.149
1.56671 0.14825
1.57352 0.148
1.5798 0.1485
1.58689 0.148
1.59289 0.1485
1.59998 0.148
1.60761 0.14675
1.61416 0.147
1.62125 0.14625
1.62752 0.147
1.63434 0.1465
1.64061 0.147
1.64661 0.1475
1.6537 0.147
1.65997 0.14725
1.66597 0.148
1.67333 0.14725
1.67906 0.148
1.68615 0.1475
1.69215 0.148
1.69815 0.1485
1.70415 0.149
1.71042 0.14975
1.71669 0.15
1.72351 0.14975
1.72978 0.15
1.73578 0.1505
1.74178 0.151
1.7486 0.151
1.75433 0.152
1.7606 0.15225
1.76633 0.153
1.77178 0.15425
1.77751 0.155
1.78351 0.156
1.79033 0.156
1.79551 0.1575
1.80178 0.158
1.80805 0.15825
1.81296 0.16
1.81869 0.16125
1.82441 0.162
1.83014 0.1635
1.83614 0.164
1.8416 0.1655
1.84678 0.167
1.8525 0.16825
1.85687 0.171
1.86259 0.17275
1.86668 0.176
1.8735 0.1755
1.89614 0
1.90268 0
1.90923 0
1.91577 0
1.92259 0
1.92913 0
1.93568 0
1.94222 0
1.94877 0
1.95531 0
1.96213 0
1.96868 0
1.97522 0
1.98177 0
1.98831 0
1.99486 0
2.0014 0
2.00822 0
2.01476 0
2.02131 0
2.02785 0
2.0344 0
2.04094 0
2.04776 0
2.06167 0
2.06822 0
2.07476 0
2.08158 0
2.08812 0
1.96377 2.52725
1.97059 2.528
1.97713 2.5155
1.98368 2.502
1.99077 2.4985
1.99731 2.495
2.00386 2.50075
2.0104 2.506
2.01695 2.50775
2.02376 2.51
2.03031 2.512
2.03685 2.514
2.04367 2.516
2.05022 2.519
2.05676 2.52075
2.06358 2.524
2.07012 2.52825
2.07694 2.533
2.08349 2.5375
2.09003 2.541
2.09685 2.544
2.10339 2.546
2.10994 2.54575
2.24766 0
2.2542 0
2.26102 0
2.26756 0
2.27411 0
2.20075 0.36325
2.20757 0.363
2.21411 0.362
2.2212 0.361
2.22775 0.36
2.23429 0.36
2.24138 0.35925
2.24793 0.359
2.25475 0.35925
2.26129 0.359
2.26784 0.3585
2.27493 0.358
2.28093 0.36
2.2872 0.363
2.29402 0.36175
2.30083 0.36
2.30765 0.35925
2.31447 0.359
2.32102 0.3585
2.32811 0.358
2.33465 0.3575
2.3412 0.358
2.34938 0.35025
2.35701 0.343
2.36301 0.34625
2.36901 0.351
2.37474 0.3555
2.38074 0.36
2.38728 0.3605
2.39383 0.36
2.40065 0.36025
2.40719 0.36
2.41455 0.35575
2.42192 0.352
2.4271 0.3605
2.43201 0.37
2.43992 0.3645
2.44728 0.359
2.45437 0.35725
2.46091 0.357
2.46773 0.35625
2.47455 0.356
2.48109 0.356
2.48791 0.355
2.49446 0.356
2.501 0.356
2.50782 0.3565
2.52146 0.357
2.52773 0.3585
2.53427 0.359
2.54082 0.36025
2.54709 0.362
2.55363 0.36175
2.56073 0.361
2.56727 0.361
2.57382 0.362
2.58036 0.3625
2.58691 0.362
2.594 0.36125
2.60027 0.362
2.60709 0.36075
2.6139 0.361
2.62072 0.3595
2.62754 0.359
2.63408 0.3595
2.64036 0.36
2.64717 0.36125
2.65345 0.362
2.65999 0.36225
2.66681 0.363
2.67308 0.3635
2.67963 0.365
2.68617 0.3655
2.69244 0.367
2.69899 0.36825
2.70526 0.37
2.71181 0.37225
2.71808 0.375
2.7238 0.3795
2.73008 0.384
2.73635 0.386
2.74262 0.387
2.74917 0.38975
2.75517 0.393
2.76198 0.39375
2.76826 0.395
2.77453 0.3965
2.78107 0.398
2.78762 0.399
2.79389 0.401
2.80044 0.40325
2.80643 0.406
2.81353 0.40425
2.82007 0.404
2.82716 0.401
2.83452 0.397
2.8408 0.3985
2.84707 0.401
2.85361 0.40275
2.85989 0.404
2.86643 0.40625
2.8727 0.41
2.87925 0.41
2.97279 0
2.97933 0
2.98615 0
2.99269 0
2.99924 0
2.92834 0.3495
2.93488 0.35
2.94197 0.34675
2.94933 0.343
2.95533 0.34625
2.96133 0.351
2.96761 0.352
2.97388 0.354
2.98097 0.353
2.98779 0.351
2.99488 0.34875
3.00169 0.348
3.00878 0.34575
3.01587 0.343
3.02296 0.341
3.03006 0.338
3.03687 0.337
3.04369 0.336
3.05051 0.336
3.06496 0.334
3.07151 0.334
3.07805 0.334
3.0846 0.33425
3.09141 0.334
3.09796 0.33425
3.10478 0.334
3.11132 0.3335
3.11814 0.334
3.12468 0.3335
3.1315 0.334
3.13805 0.33375
-3.13887 0.335
-3.13205 0.33525
-3.1255 0.335
-3.11896 0.336
-3.11241 0.336
-3.10587 0.3365
-3.09905 0.336
-3.09251 0.33575
-3.08569 0.336
-3.07887 0.33525
-3.07205 0.334
-3.06523 0.333
-3.05869 0.333
-3.05133 0.331
-3.04478 0.33
-3.03796 0.32875
-3.03087 0.328
-3.02406 0.32625
-3.01724 0.326
-3.01042 0.325
-3.0036 0.324
-2.99651 0.322
-2.98915 0.319
-2.98042 0.30975
-2.9717 0.301
-2.96515 0.30075
-2.8907 0
-2.88416 0
-2.87734 0
-2.93106 0.273
-2.92424 0.273
-2.91743 0.2715
-2.91034 0.27
-2.90297 0.26825
-2.89643 0.268
-2.88934 0.26725
-2.88307 0.268
-2.87652 0.268
-2.86998 0.269
-2.8637 0.27
-2.85689 0.27
-2.85034 0.27025
-2.84434 0.272
-2.83807 0.27425
-2.83207 0.276
-2.8258 0.2775
-2.8198 0.28
-2.8138 0.2815
-2.80725 0.283
-2.80125 0.28475
-2.79525 0.288
-2.78898 0.28875
-2.78298 0.291
-2.77698 0.2935
-2.77071 0.295
-2.76335 0.293
-2.75626 0.291
-2.74998 0.29225
-2.74398 0.295
-2.73799 0.29725
-2.73199 0.301
-2.72571 0.3015
-2.65126 0
-2.64445 0
-2.6379 0
-2.63108 0
-2.62454 0
-2.61772 0
-2.66354 0.267
-2.65726 0.268
-2.65099 0.269
-2.64445 0.26975
-2.63817 0.271
-2.6319 0.27275
-2.62563 0.274
-2.61936 0.276
-2.61336 0.278
-2.60736 0.2805
-2.60136 0.283
-2.59563 0.28625
-2.58963 0.289
-2.58391 0.29225
-2.57791 0.295
-2.57218 0.298
-2.56591 0.301
-2.56018 0.3045
-2.55418 0.308
-2.54845 0.31175
-2.54273 0.316
-2.537 0.32025
-2.53127 0.325
-2.52636 0.333
-2.52118 0.341
-2.51573 0.348
-2.51027 0.354
-2.50346 0.35375
-2.41837 0
-2.498 0.40625
-2.49146 0.407
-2.48464 0.4065
-2.39165 0
-2.38483 0
-2.37828 0
-2.37174 0
-2.36492 0
-2.35838 0
-2.35156 0
-2.34501 0
-2.3382 0
-2.4541 1.2655
-2.44728 1.265
-2.44073 1.26725
-2.43392 1.27
-2.42737 1.27275
-2.42083 1.276
-2.41428 1.2805
-2.40774 1.285
-2.40092 1.2875
-2.39437 1.291
-2.38756 1.29575
-2.38101 1.3
-2.37447 1.30475
-2.36792 1.309
-2.3611 1.313
-2.35456 1.318
-2.34801 1.322
-2.34147 1.327
-2.33492 1.33125
-2.32811 1.335
-2.32156 1.34025
-2.31502 1.346
-2.30847 1.3515
-2.30165 1.356
-2.29511 1.3625
-2.28829 1.368
-2.28202 1.37325
-2.27547 1.38
-2.26866 1.38575
-2.26211 1.392
-2.25557 1.3975
-2.24902 1.404
-2.2422 1.4105
-2.23566 1.416
-2.22911 1.42425
-2.22257 1.432
-2.21575 1.43925
-2.20948 1.446
-2.20266 1.44625
-2.18984 1.46
-2.1833 1.46825
-2.17703 1.476
-2.17021 1.4825
-2.16366 1.49
-2.15712 1.499
-2.15057 1.508
-2.14376 1.51475
-2.13721 1.523
-2.13067 1.53175
-2.12412 1.54
-2.1173 1.549
-2.11103 1.559
-2.10421 1.5685
-2.09767 1.578
-2.09085 1.58675
-2.08458 1.595
-2.07803 1.60525
-2.07121 1.617
-2.06494 1.6285
-2.05812 1.639
-2.05158 1.6495
-2.04504 1.66
-2.03849 1.67125
-2.03167 1.683
-2.02513 1.66525
-2.01804 1.648
-2.01176 1.681
-2.00522 1.713
-1.99867 1.7175
-1.99186 1.721
-1.98558 1.73275
-1.97904 1.746
-1.97222 1.75875
-1.96595 1.773
-1.95913 1.787
-1.95259 1.802
-1.94604 1.8185
-1.9395 1.835
-1.93268 1.85125
-1.92641 1.868
-1.91959 1.88275
-1.91332 1.899
-1.9065 1.918
-1.89995 1.936
-1.89341 1.954
-1.88686 1.973
-1.88005 1.99025
-1.87377 2.009
-1.86723 2.03175
-1.86068 2.054
-1.85414 2.0755
-1.84732 2.096
-1.84105 2.1175
-1.83423 2.14
-1.82796 2.16275
-1.82114 2.186
-1.8146 2.21425
-1.80805 2.244
-1.80151 2.273
-1.79496 2.302
-1.78869 2.3515
-1.78187 2.401
-1.7756 2.42975
-1.76905 2.46
-1.76224 2.49075
-1.75597 2.521
-1.74915 2.5525
-1.74287 2.585
-1.73606 2.618
-1.72951 2.652
-1.72297 2.69225
-1.71642 2.732
-1.70988 2.77125
-1.70333 2.812
-1.69651 2.853
-1.69024 2.893
-1.68342 2.8815
-1.67688 2.871
-1.67006 2.8705
-1.65588 2.849
-1.64934 2.839
-1.64279 2.83
-1.63597 2.82675
-1.62943 2.825
-1.62261 2.82525
-1.48435 0
-1.4778 0
-1.47099 0
-1.46444 0
-1.45762 0
-1.45108 0
-1.44453 0
-1.43771 0
-1.43117 0
-1.42435 0
-1.41781 0
-1.41126 0
-1.40444 0
-1.52825 2.4025
-1.52144 2.402
-1.51489 2.402
-1.37799 0
-1.50262 2.71225
-1.49607 2.712
-1.48926 2.70725
-1.48271 2.704
-1.47617 2.6995
-1.46935 2.696
-1.4628 2.693
-1.45599 2.691
-1.44944 2.68725
-1.4429 2.683
-1.43608 2.68075
-1.42953 2.679
-1.42272 2.6775
-1.41617 2.677
-1.40963 2.6745
-1.40281 2.672
-1.39626 2.66925
-1.38917 2.666
-1.38263 2.66375
-1.37581 2.662
-1.36927 2.6595
-1.36272 2.658
-1.3559 2.6555
-1.34936 2.652
-1.34254 2.64875
-1.336 2.647
-1.32945 2.64375
-1.32263 2.642
-1.31609 2.6425
-1.30927 2.642
-1.30272 2.642
-1.29618 2.643
-1.28936 2.65325
-1.28282 2.664
-1.276 2.66375
-1.13828 0
-1.13174 0
-1.12492 0
-1.11837 0
-1.11156 0
-1.10501 0
-1.09847 0
-1.09165 0
-1.0851 0
-1.07829 0
-1.07174 0
-1.0652 0
-1.05838 0
-1.05183 0
-1.04502 0
-1.03847 0
-1.03193 0
-1.02511 0
-1.01856 0
-1.01175 0
-1.0052 0
-0.998383 0
-0.984202 0
-0.977657 0
-0.971112 0
-0.964294 0
-0.957749 0
-1.08238 2.70375
-1.07583 2.704
-1.06929 2.7055
-1.06247 2.708
-1.05592 2.708
-0.917661 0
-0.911116 0
-0.904299 0
-0.897754 0
-0.891209 0
-0.884391 0
-0.877846 0
-0.871028 0
-0.864483 0
-0.857939 0
-0.851121 0
-0.844576 0
-0.837758 0
-0.831213 0
-0.824395 0
-0.81785 0
-0.811305 0
-0.804488 0
-0.797943 0
-0.791125 0
-0.78458 0
-0.778035 0
-0.771217 0
-0.764673 0
-0.757855 0
-0.8833 2.87025
-0.876482 2.87
-0.869938 2.86925
-0.731402 0
-0.724584 0
-0.718039 0
-0.711222 0
-0.704676 0
-0.81376 0.9095
-0.806942 0.909
-0.800397 0.909
-0.677951 0
-0.671407 0
-0.664589 0
-0.658044 0
-0.651499 0
-0.644681 0
-0.638136 0
-0.631318 0
-0.624773 0
-0.618228 0
-0.61141 0
-0.604866 0
-0.598048 0
-0.591503 0
-0.584685 0
-0.660498 0.37825
-0.654226 0.379
-0.647136 0.37825
-0.64059 0.378
-0.634045 0.379
-0.6275 0.38
-0.621228 0.3815
-0.61441 0.382
-0.608138 0.38375
-0.601593 0.386
-0.595321 0.38775
-0.589049 0.39
-0.582776 0.3925
-0.576504 0.394
-0.569413 0.3935
-0.478329 0
-0.471512 0
-0.464967 0
-0.458149 0
-0.443968 0
-0.437423 0
-0.430878 0
-0.424333 0
-0.417516 0
-0.517327 0.649
-0.510782 0.649
-0.503691 0.64425
-0.496873 0.64
-0.490056 0.63475
-0.482965 0.63
-0.476147 0.6255
-0.46933 0.622
-0.46224 0.618
-0.455422 0.613
-0.448877 0.60975
-0.441787 0.606
-0.434969 0.60125
-0.428151 0.598
-0.421061 0.594
-0.414516 0.591
-0.407698 0.588
-0.400607 0.584
-0.39379 0.57975
-0.386972 0.577
-0.379882 0.57325
-0.373337 0.571
-0.366519 0.5685
-0.359429 0.565
-0.352884 0.563
-0.346066 0.56
-0.338976 0.55625
-0.332431 0.554
-0.325613 0.55025
-0.318523 0.548
-0.311705 0.5455
-0.30516 0.544
-0.298342 0.544
-0.191986 0
-0.185441 0
-0.178623 0
-0.172078 0
-0.165533 0
-0.233438 0.33375
-0.226893 0.334
-0.220075 0.33275
-0.213258 0.332
-0.206713 0.3315
-0.199895 0.33
-0.192531 0.3285
-0.185987 0.328
-0.179169 0.32725
-0.172351 0.326
-0.165533 0.32475
-0.158989 0.325
-0.151898 0.324
-0.14508 0.323
-0.138535 0.322
-0.131718 0.322
-0.1249 0.32125
-0.118082 0.32
-0.111265 0.31975
-0.104447 0.319
-0.0979021 0.3185
-0.0908116 0.318
-0.0842665 0.317
-0.0774492 0.316
-0.0703586 0.31525
-0.0638135 0.315
-0.0569957 0.31375
-0.0501784 0.314
-0.0433605 0.3125
-0.0368155 0.312
-0.0297254 0.311
-0.0226348 0.309
-0.0163625 0.30975
-0.00954467 0.31
-0.00272686 0.30875
0.00381791 0.309
0.0106356 0.30825
0.0248164 0.309
0.0313614 0.30825
0.0384518 0.308
0.0449968 0.308
0.0515418 0.309
0.0586322 0.308
0.0654498 0.306
0.0722675 0.30625
0.0788125 0.306
0.0859029 0.30525
0.0927206 0.305
0.0992656 0.305
0.106356 0.304
0.113446 0.303
0.120264 0.302
0.127082 0.30225
0.133354 0.303
0.140444 0.30225
0.146989 0.303
0.153534 0.303
0.160352 0.303
0.16717 0.3035
0.173715 0.303
0.180533 0.30275
0.187077 0.303
0.194168 0.30225
0.200986 0.302
0.207531 0.3015
0.214348 0.302
0.220893 0.3015
0.227984 0.301
0.234529 0.30125
0.241074 0.302
0.248164 0.30025
0.255254 0.3
0.261527 0.301
0.268344 0.301
0.274889 0.301
0.281707 0.301
0.288252 0.30175
0.294797 0.302
0.301615 0.30225
0.30816 0.303
0.314705 0.3035
0.32125 0.304
0.327795 0.304
0.334885 0.303
0.341703 0.30325
0.348248 0.303
0.355065 0.30275
0.36161 0.304
0.368428 0.3035
0.374973 0.304
0.381791 0.3035
0.388608 0.303
0.395426 0.30325
0.401426 0.305
0.408243 0.30525
0.414516 0.306
0.421333 0.306
0.428151 0.307
0.434423 0.3075
0.440968 0.309
0.447786 0.30925
0.453786 0.311
0.460876 0.31025
0.467421 0.31
0.474239 0.3105
0.481056 0.31
0.487329 0.311
0.493874 0.312
0.500964 0.31175
0.507236 0.312
0.514054 0.31275
0.520599 0.313
0.527144 0.314
0.533962 0.314
0.540234 0.3145
0.546779 0.316
0.553869 0.3155
0.566141 0.317
0.572686 0.3175
0.579231 0.318
0.585503 0.31825
0.592048 0.319
0.598321 0.31975
0.60432 0.322
0.610865 0.322
0.61741 0.323
0.623682 0.3245
0.629955 0.325
0.636227 0.32625
0.642772 0.327
0.649044 0.32775
0.655317 0.329
0.661589 0.3305
0.668134 0.331
0.674133 0.3335
0.680406 0.335
0.686678 0.33675
0.692678 0.339
0.699223 0.33925
0.78158 0
0.71204 0.3405
0.718585 0.34
0.72513 0.3405
0.80776 0
0.814305 0
0.82085 0
0.827395 0
0.83394 0
0.840485 0
0.84703 0
0.853575 0
0.86012 0
0.866665 0
0.87321 0
0.879755 0
0.8863 0
0.892845 0
0.89939 0
0.775581 2.39125
0.782126 2.392
0.788671 2.39775
0.795216 2.405
0.801761 2.413
0.808306 2.421
0.814578 2.4315
0.821123 2.443
0.827668 2.4425
