0.837485 2.45
0.85003 2.475
0.856302 2.53075
0.862574 2.587
0.869392 2.5865
1.00711 0
1.01393 0
1.02047 0
1.02729 0
1.03383 0
1.04065 0
1.0472 0
1.05402 0
1.06056 0
1.06738 0
1.07392 0
1.08074 0
1.08729 0
1.0941 0
1.10065 0
1.10747 0
1.11401 0
1.12083 0
1.12737 0
1.13419 0
1.14074 0
1.14755 0
1.1541 0
1.16092 0
1.16746 0
1.17428 0
1.18082 0
1.18764 0
1.19419 0
1.201 0
1.20755 0
1.21437 0
1.22091 0
1.22773 0
1.23427 0
1.24109 0
1.24764 0
1.25446 0
1.261 0
1.26782 0
1.27436 0
1.28118 0
1.28773 0
1.29454 0
1.30109 0
1.30791 0
1.31445 0
1.32127 0
1.32781 0
1.33463 0
1.34118 0
1.34799 0
1.35454 0
1.36136 0
1.3679 0
1.37472 0
1.38126 0
1.38808 0
1.39463 0
1.40144 0
1.40799 0
1.41481 0
1.42135 0
1.42163 0.163
1.42817 0.163
1.43608 0.16175
1.44399 0.16
1.45244 0.15825
1.46008 0.157
1.46771 0.156
1.4748 0.155
1.48162 0.155
1.48926 0.154
1.49662 0.15325
1.50453 0.152
1.51107 0.15225
1.52635 0.151
1.53371 0.15025
1.5408 0.15
1.54734 0.15
1.55498 0.149
1.56207 0.1485
1.56834 0.149
1.57571 0.14825
1.5828 0.148
1.58907 0.14825
1.59616 0.148
1.60325 0.1475
1.60952 0.148
1.61607 0.148
1.62397 0.147
1.63106 0.14625
1.63734 0.147
1.64361 0.14725
1.6507 0.147
1.65724 0.147
1.66297 0.148
1.66897 0.1485
1.67633 0.148
1.68261 0.14825
1.6897 0.148
1.69597 0.14825
1.70197 0.149
1.70879 0.149
1.71451 0.15
1.72079 0.1505
1.72788 0.15
1.73442 0.15025
1.74015 0.151
1.74724 0.15075
1.75269 0.152
1.75896 0.1525
1.76496 0.153
1.77096 0.154
1.77642 0.155
1.78324 0.15525
1.78924 0.156
1.79551 0.15675
1.80096 0.158
1.80723 0.1585
1.81242 0.16
1.81814 0.1615
1.82414 0.162
1.83041 0.16275
1.83505 0.165
1.8405 0.16675
1.84623 0.168
1.85169 0.1695
1.85714 0.171
1.86178 0.174
1.86723 0.176
1.8735 0.17625
1.89695 0
1.9035 0
1.91032 0
1.91686 0
1.92368 0
1.93023 0
1.93704 0
1.94359 0
1.95041 0
1.95695 0
1.96377 0
1.97031 0
1.97713 0
1.98368 0
1.99049 0
1.99704 0
2.00386 0
2.0104 0
2.01722 0
2.02376 0
2.03058 0
2.03713 0
2.04394 0
2.05076 0
2.06494 0
2.07121 0
2.07776 0
2.0843 0
2.09085 0
2.09739 0
2.10394 0
1.97986 2.49825
1.98613 2.499
1.99295 2.498
1.99949 2.496
2.00577 2.501
2.01231 2.507
2.01886 2.50825
2.0254 2.511
2.03167 2.51325
2.03822 2.517
2.04476 2.519
2.05131 2.521
2.05785 2.5245
2.0644 2.528
2.07094 2.53025
2.07749 2.534
2.08403 2.53675
2.09058 2.54
2.09712 2.544
2.10367 2.547
2.11021 2.547
2.24766 0
2.13121 1.28575
2.13776 1.286
2.1443 1.28525
2.27356 0
2.28011 0
2.28665 0
2.2122 0.3685
2.21902 0.368
2.22557 0.368
2.23184 0.369
2.23866 0.36675
2.24548 0.365
2.25229 0.36425
2.25884 0.364
2.26538 0.36375
2.27929 0.366
2.28556 0.3675
2.29238 0.368
2.2992 0.36575
2.30629 0.364
2.31283 0.36475
2.31938 0.365
2.3262 0.3635
2.33329 0.362
2.33983 0.3625
2.34665 0.363
2.35292 0.36325
2.36001 0.363
2.36656 0.36225
2.37338 0.363
2.37856 0.37
2.38428 0.378
2.39219 0.37
2.4001 0.363
2.40665 0.36325
2.41346 0.363
2.42028 0.36275
2.42683 0.362
2.43337 0.3645
2.43964 0.366
2.44564 0.3715
2.4511 0.377
2.45928 0.36875
2.46691 0.362
2.474 0.36075
2.48055 0.361
2.48737 0.3605
2.49418 0.36
2.50073 0.3605
2.50755 0.361
2.51382 0.36175
2.52064 0.363
2.52718 0.36275
2.534 0.363
2.54027 0.3635
2.54682 0.365
2.55336 0.3655
2.55991 0.367
2.56645 0.36675
2.57327 0.368
2.57981 0.36725
2.58663 0.368
2.5929 0.3685
2.6 0.368
2.60681 0.368
2.61309 0.369
2.62018 0.36675
2.62699 0.366
2.63381 0.36625
2.64036 0.366
2.6469 0.3675
2.65345 0.368
2.65999 0.369
2.66654 0.369
2.67308 0.37025
2.67963 0.371
2.68644 0.37125
2.69272 0.373
2.69926 0.374
2.70608 0.375
2.71181 0.379
2.71835 0.382
2.72435 0.38475
2.73089 0.388
2.73662 0.39225
2.74289 0.396
2.74944 0.3965
2.75626 0.397
2.7628 0.397
2.76935 0.398
2.77589 0.39925
2.78216 0.402
2.78844 0.40425
2.79498 0.406
2.8018 0.40625
2.81489 0.403
2.82171 0.401
2.82825 0.4
2.83507 0.40175
2.84107 0.404
2.84789 0.40575
2.85416 0.407
2.86043 0.4085
2.86725 0.41
2.87379 0.4085
2.88061 0.408
2.88743 0.40725
2.98042 0
2.90815 0.35775
2.9147 0.358
2.92124 0.3585
2.92806 0.358
2.93433 0.359
2.94115 0.359
2.9477 0.35975
2.95424 0.361
2.96079 0.36125
2.96706 0.362
2.97388 0.362
2.98042 0.363
2.98751 0.361
2.99433 0.359
3.00115 0.35675
3.00851 0.355
3.0156 0.35125
3.02269 0.349
3.02978 0.347
3.0366 0.345
3.04342 0.3445
3.05024 0.343
3.05733 0.34275
3.0636 0.343
3.07042 0.34175
3.07723 0.342
3.08378 0.3415
3.0906 0.342
3.09687 0.343
3.10369 0.343
3.11023 0.34325
3.11678 0.343
3.12359 0.34325
3.13014 0.344
3.13696 0.344
-3.13996 0.345
-3.13341 0.345
-3.12659 0.345
-3.12005 0.34475
-3.1135 0.346
-3.10669 0.34475
-3.10014 0.345
-3.09305 0.344
-3.08651 0.344
-3.07969 0.343
-3.07287 0.342
-3.06605 0.34125
-3.05923 0.34
-3.05242 0.33875
-3.04533 0.338
-3.03878 0.337
-3.03196 0.336
-3.0246 0.334
-3.01806 0.333
-3.01069 0.33075
-3.0036 0.328
-2.99706 0.32775
-2.91661 0
-2.91006 0
-2.90325 0
-2.95997 0.284
-2.95342 0.284
-2.94633 0.2825
-2.93924 0.281
-2.93215 0.27925
-2.92534 0.279
-2.91852 0.27825
-2.90543 0.277
-2.89888 0.27625
-2.89207 0.276
-2.88525 0.276
-2.8787 0.276
-2.87243 0.2775
-2.86589 0.278
-2.85934 0.27825
-2.85307 0.28
-2.8468 0.28175
-2.84052 0.283
-2.83425 0.285
-2.82825 0.287
-2.82198 0.2885
-2.81571 0.29
-2.80943 0.29225
-2.80344 0.294
-2.79716 0.29525
-2.79089 0.297
-2.78462 0.298
-2.77807 0.3
-2.77207 0.302
-2.76553 0.303
-2.75871 0.30125
-2.75135 0.3
-2.74535 0.30125
-2.73908 0.304
-2.73308 0.306
-2.72653 0.308
-2.71999 0.308
-2.6439 0
-2.69844 0.27525
-2.69162 0.275
-2.68481 0.27475
-2.67853 0.276
-2.67199 0.277
-2.66544 0.277
-2.6589 0.2775
-2.65263 0.279
-2.64608 0.27975
-2.64008 0.282
-2.63381 0.28325
-2.62781 0.286
-2.62208 0.2895
-2.61608 0.292
-2.61009 0.295
-2.60463 0.299
-2.59863 0.30275
-2.5929 0.307
-2.58745 0.31075
-2.58118 0.314
-2.57545 0.3175
-2.56945 0.321
-2.56372 0.3255
-2.55773 0.329
-2.55254 0.33625
-2.54709 0.344
-2.54191 0.35075
-2.53618 0.357
-2.52936 0.3565
-2.44373 0
-2.43719 0
-2.43037 0
-2.42383 0
-2.41728 0
-2.41046 0
-2.40392 0
-2.3971 0
-2.39056 0
-2.38374 0
-2.37719 0
-2.37038 0
-2.36383 0
-2.47919 1.252
-2.47264 1.252
-2.46582 1.25525
-2.45928 1.258
-2.45273 1.26125
-2.44619 1.265
-2.43937 1.26475
-2.42519 1.272
-2.41864 1.27475
-2.4121 1.278
-2.40555 1.283
-2.39901 1.287
-2.39219 1.2915
-2.38565 1.296
-2.37883 1.29925
-2.37256 1.302
-2.36574 1.30675
-2.35919 1.312
-2.35238 1.3155
-2.34583 1.32
-2.33929 1.325
-2.33274 1.331
-2.32592 1.33525
-2.31938 1.34
-2.31283 1.34475
-2.30629 1.351
-2.29974 1.3565
-2.29293 1.362
-2.28638 1.3675
-2.27984 1.373
-2.27329 1.37875
-2.26647 1.385
-2.25993 1.39175
-2.25338 1.398
-2.24684 1.404
-2.24002 1.409
-2.23348 1.415
-2.22693 1.422
-2.22039 1.42925
-2.21384 1.437
-2.20702 1.44325
-2.20075 1.451
-2.19393 1.4585
-2.18739 1.465
-2.18084 1.4735
-2.1743 1.481
-2.16748 1.48875
-2.16094 1.498
-2.15439 1.50725
-2.14785 1.516
-2.14103 1.5225
-2.13476 1.529
-2.12794 1.5385
-2.12139 1.548
-2.11458 1.55725
-2.1083 1.568
-2.10176 1.57775
-2.09494 1.587
-2.08867 1.5965
-2.08185 1.607
-2.07531 1.6175
-2.06876 1.627
-2.06222 1.63775
-2.0554 1.648
-2.04913 1.65975
-2.04231 1.672
-2.03604 1.6925
-2.02922 1.712
-2.02295 1.7325
-2.01613 1.753
-2.00958 1.73275
-2.00277 1.713
-1.99595 1.72125
-1.9894 1.729
-1.98286 1.7425
-1.97631 1.757
-1.96977 1.7715
-1.96322 1.786
-1.95641 1.80125
-1.95013 1.816
-1.94331 1.83125
-1.93677 1.848
-1.93023 1.864
-1.92368 1.88
-1.91714 1.8975
-1.91059 1.915
-1.90377 1.915
-1.89014 1.953
-1.88359 1.972
-1.87677 1.992
-1.8705 2.01075
-1.86368 2.03
-1.85741 2.04975
-1.85059 2.07
-1.84405 2.0915
-1.8375 2.113
-1.83069 2.137
-1.82441 2.161
-1.8176 2.18475
-1.81105 2.209
-1.80451 2.23425
-1.79796 2.261
-1.79142 2.311
-1.78514 2.362
-1.77833 2.393
-1.77178 2.423
-1.76524 2.45375
-1.75842 2.485
-1.75215 2.51625
-1.74533 2.547
-1.73906 2.5835
-1.73224 2.619
-1.72569 2.6555
-1.71915 2.692
-1.71233 2.72925
-1.70606 2.768
-1.69924 2.80825
-1.6927 2.85
-1.68615 2.867
-1.67961 2.884
-1.67279 2.8725
-1.66597 2.861
-1.65915 2.85325
-1.65234 2.847
-1.64579 2.83575
-1.63897 2.826
-1.63243 2.8265
-1.49389 0
-1.48735 0
-1.48053 0
-1.47399 0
-1.46717 0
-1.46035 0
-1.4538 0
-1.44699 0
-1.44044 0
-1.43362 0
-1.42708 0
-1.42026 0
-1.41372 0
-1.53725 2.408
-1.53044 2.408
-1.52389 2.41625
-1.51735 2.425
-1.5108 2.42475
-1.37336 0
-1.36681 0
-1.35999 0
-1.48489 2.6975
-1.47808 2.697
-1.47126 2.6945
-1.46471 2.692
-1.4579 2.68975
-1.45135 2.687
-1.44453 2.68375
-1.43799 2.68
-1.43117 2.68
-1.42463 2.679
-1.41781 2.676
-1.41099 2.672
-1.40444 2.67125
-1.39763 2.67
-1.39108 2.66925
-1.38399 2.668
-1.37745 2.662
-1.37063 2.657
-1.36381 2.6565
-1.34936 2.654
-1.34281 2.652
-1.33627 2.651
-1.32972 2.64875
-1.3229 2.648
-1.31636 2.64575
-1.30982 2.643
-1.30327 2.6435
-1.29645 2.643
-1.28991 2.647
-1.28336 2.651
-1.27654 2.65125
-1.13883 0
-1.13228 0
-1.12574 0
-1.11892 0
-1.11237 0
-1.10583 0
-1.09901 0
-1.09247 0
-1.08592 0
-1.07938 0
-1.07256 0
-1.06601 0
-1.05947 0
-1.05292 0
-1.04611 0
-1.03956 0
-1.03302 0
-1.0262 0
-1.01965 0
-1.01311 0
-1.00656 0
-0.999747 0
-0.993202 0
-0.986656 0
-0.979839 0
-0.973294 0
-0.966749 0
-0.960204 0
-0.953386 0
-0.946841 0
-0.940296 0
-1.0652 2.71625
-1.05838 2.717
-1.05183 2.717
-0.913843 0
-0.907026 0
-0.900481 0
-0.893936 0
-0.887391 0
-0.880573 0
-0.874028 0
-0.867483 0
-0.860666 0
-0.854121 0
-0.847575 0
-0.84103 0
-0.834213 0
-0.827668 0
-0.821123 0
-0.814578 0
-0.80776 0
-0.801215 0
-0.79467 0
-0.787853 0
-0.781308 0
-0.898572 1.3725
-0.892027 1.372
-0.884937 1.36075
-0.878392 1.349
-0.871846 1.34825
-0.741492 0
-0.734947 0
-0.728402 0
-0.721857 0
-0.71504 0
-0.82385 0.8955
-0.817305 0.896
-0.810487 0.8955
-0.680951 0
-0.674406 0
-0.667589 0
-0.661043 0
-0.654226 0
-0.647681 0
-0.640863 0
-0.634318 0
-0.6275 0
-0.620955 0
-0.614138 0
-0.607593 0
-0.600775 0
-0.676042 0.37625
-0.66977 0.377
-0.663225 0.379
-0.656953 0.382
-0.649863 0.379
-0.643045 0.377
-0.636227 0.37825
-0.629955 0.38
-0.62341 0.38075
-0.616865 0.382
-0.61032 0.383
-0.603502 0.383
-0.59723 0.3845
-0.590685 0.387
-0.584412 0.38975
-0.57814 0.392
-0.571868 0.39425
-0.565596 0.398
-0.559051 0.398
-0.466875 0
-0.460331 0
-0.453513 0
-0.446695 0
-0.44015 0
-0.433333 0
-0.426788 0
-0.41997 0
-0.413425 0
-0.51269 0.6445
-0.506145 0.644
-0.499055 0.63875
-0.492237 0.633
-0.485147 0.62825
-0.478057 0.625
-0.471239 0.6205
-0.464148 0.617
-0.457603 0.6135
-0.450513 0.609
-0.443695 0.60525
-0.436605 0.601
-0.429787 0.59775
-0.422697 0.594
-0.416152 0.5905
-0.409062 0.587
-0.401971 0.5835
-0.395153 0.58
-0.388336 0.58025
-0.279526 0
-0.272708 0
-0.266163 0
-0.326977 0.30025
-0.320159 0.3
-0.313341 0.3
-0.306796 0.299
-0.299979 0.2995
-0.293161 0.299
-0.286343 0.29875
-0.279798 0.299
-0.272708 0.29775
-0.266163 0.298
-0.259618 0.298
-0.2528 0.298
-0.246255 0.298
-0.239437 0.298
-0.232347 0.29675
-0.225802 0.297
-0.218712 0.29625
-0.20644 0.297
-0.199622 0.29625
-0.19335 0.297
-0.186532 0.2975
-0.179987 0.297
-0.172897 0.2965
-0.166624 0.297
-0.159807 0.29775
-0.153534 0.298
-0.14699 0.29875
-0.140445 0.299
-0.133627 0.298
-0.126809 0.298
-0.119992 0.2975
-0.113447 0.298
-0.106629 0.29725
-0.100084 0.298
-0.0932658 0.29775
-0.0869935 0.298
-0.0799034 0.2975
-0.0736311 0.298
-0.067086 0.299
-0.060541 0.299
-0.0537236 0.29975
-0.0471786 0.3
-0.0406335 0.30025
-0.0340884 0.301
-0.0275434 0.301
-0.0209983 0.302
-0.014726 0.3025
-0.00790865 0.303
-0.00136358 0.30275
0.00545415 0.303
0.0122718 0.30225
0.0188168 0.303
0.0250891 0.304
0.0316341 0.304
0.0384518 0.3045
0.0447241 0.305
0.0518145 0.30425
0.0580867 0.305
0.0649044 0.30475
0.0711767 0.306
0.0779944 0.307
0.0842667 0.308
0.090539 0.309
0.0973566 0.309
0.103629 0.30975
0.110174 0.311
0.116719 0.31175
0.123264 0.313
0.129809 0.313
0.136627 0.312
0.143172 0.313
0.149717 0.313
0.156262 0.31375
0.162534 0.315
0.169351 0.31525
0.175624 0.316
0.182169 0.3175
0.188714 0.318
0.195259 0.319
0.201804 0.319
0.208349 0.31925
0.214621 0.321
0.220893 0.32225
0.227711 0.323
0.233983 0.324
0.240255 0.326
0.2468 0.3265
0.253618 0.327
0.260163 0.32725
0.266435 0.328
0.27298 0.32875
0.279253 0.33
0.28607 0.3305
0.292343 0.332
0.29916 0.3325
0.305433 0.334
0.31225 0.3335
0.324249 0.337
0.330522 0.3385
0.337067 0.34
0.343612 0.34125
0.349884 0.343
0.356429 0.34525
0.362429 0.348
0.369519 0.347
0.376064 0.347
0.382609 0.3475
0.389154 0.349
0.395699 0.34975
0.401971 0.352
0.408243 0.35375
0.415061 0.355
0.421606 0.3565
0.427878 0.358
0.434151 0.36
0.440423 0.362
0.446968 0.36375
0.453513 0.365
0.459785 0.36725
0.46633 0.369
0.472602 0.3705
0.479147 0.373
0.485692 0.375
0.491965 0.376
0.49851 0.37775
0.505055 0.38
0.511327 0.38175
0.517872 0.384
0.523871 0.3865
0.530416 0.389
0.536961 0.391
0.543234 0.393
0.549779 0.39525
0.555778 0.398
0.562596 0.39775
0.654771 0
0.661316 0
0.668134 0
0.674679 0
0.681497 0
0.688314 0
0.694859 0
0.701677 0
0.708222 0
0.71504 0
0.721857 0
0.598593 2.2215
0.605411 2.221
0.611956 2.226
0.618774 2.232
0.625591 2.23375
0.632136 2.237
0.638954 2.24075
0.645772 2.246
0.652317 2.253
0.659135 2.261
0.66568 2.266
0.672497 2.27
0.679315 2.27425
0.68586 2.28
0.692405 2.28525
0.69895 2.292
0.705768 2.3
0.712585 2.308
0.71913 2.314
0.725948 2.321
0.732493 2.32825
0.739311 2.337
0.746128 2.34175
0.752673 2.347
0.759218 2.354
0.765763 2.361
0.772581 2.3715
0.779399 2.381
0.785944 2.38975
0.792761 2.4
0.799579 2.39925
0.81376 2.417
0.817578 2.42575
0.821941 2.435
0.826304 2.43475
