0.969749 0
0.860666 1.222
0.86721 1.222
0.873755 1.223
0.880573 1.21725
0.887391 1.213
0.893936 1.21725
0.900208 1.223
0.906753 1.2225
1.03547 0
1.04202 0
1.04856 0
1.05538 0
1.06192 0
1.06847 0
1.07501 0
1.08183 0
1.08838 0
1.09492 0
1.10174 0
1.10828 0
1.11483 0
1.12137 0
1.12819 0
1.13474 0
1.14128 0
1.14783 0
1.15464 0
1.16119 0
1.16773 0
1.17455 0
1.1811 0
1.18764 0
1.19419 0
1.201 0
1.20755 0
1.21409 0
1.22091 0
1.22746 0
1.234 0
1.24055 0
1.24736 0
1.25391 0
1.26046 0
1.267 0
1.27382 0
1.28036 0
1.28691 0
1.29373 0
1.30027 0
1.30682 0
1.31336 0
1.32018 0
1.32672 0
1.33327 0
1.34009 0
1.34663 0
1.35318 0
1.35972 0
1.36654 0
1.37308 0
1.37963 0
1.38617 0
1.39299 0
1.39954 0
1.40608 0
1.4129 0
1.41944 0
1.42599 0
1.43253 0
1.43935 0
1.4459 0
1.45244 0
1.45926 0
1.4658 0
1.47235 0
1.47889 0
1.48571 0
1.49226 0
1.4988 0
1.50562 0
1.5198 0
1.52635 0
1.53289 0
1.53971 0
1.54625 0
1.5528 0
1.55962 0
1.56616 0
1.57271 0
1.57952 0
1.58607 0
1.59289 0
1.59943 0
1.47508 2.58025
1.48162 2.581
1.48844 2.5755
1.49498 2.571
1.5018 2.567
1.50835 2.563
1.51489 2.56225
1.65261 0
1.53453 1.45125
1.54134 1.452
1.54789 1.4515
1.67906 0
1.68588 0
1.69242 0
1.69897 0
1.70579 0
1.71233 0
1.71915 0
1.71179 0.1725
1.71806 0.173
1.72542 0.17225
1.73224 0.172
1.7396 0.17075
1.74697 0.17
1.7546 0.1685
1.76169 0.168
1.76851 0.168
1.7756 0.167
1.78324 0.16625
1.78978 0.166
1.7966 0.16575
1.80314 0.166
1.81023 0.1655
1.81705 0.165
1.8236 0.1655
1.83041 0.165
1.8375 0.16425
1.84378 0.165
1.85141 0.16375
1.85796 0.164
1.86505 0.1635
1.87105 0.164
1.87705 0.165
1.88359 0.165
1.89068 0.16425
1.89695 0.165
1.90405 0.16425
1.91032 0.165
1.91604 0.166
1.92259 0.166
1.92941 0.166
1.93513 0.167
1.9425 0.16625
1.9485 0.167
1.95531 0.16675
1.96104 0.168
1.9665 0.1695
1.97277 0.17
1.97877 0.171
1.98531 0.171
1.99131 0.17175
1.99813 0.172
2.00358 0.17325
2.00958 0.174
2.01531 0.1755
2.02158 0.176
2.02813 0.1765
2.04122 0.178
2.0464 0.17975
2.0524 0.181
2.0584 0.182
2.06385 0.184
2.06931 0.186
2.07476 0.188
2.08103 0.18825
2.11239 0
2.11894 0
2.12576 0
2.1323 0
2.13912 0
2.14594 0
2.15248 0
2.1593 0
2.16584 0
2.17266 0
2.17921 0
2.18602 0
2.19257 0
2.19939 0
2.20593 0
2.21275 0
2.21957 0
2.22611 0
2.23293 0
2.23948 0
2.24629 0
2.25284 0
2.25966 0
2.2662 0
2.27302 0
2.16448 0.88125
2.1713 0.882
2.17812 0.8805
2.18493 0.879
2.19121 0.8945
2.19748 0.909
2.20402 0.91475
2.21057 0.92
2.21684 0.93475
2.22311 0.951
2.22993 0.9485
2.23648 0.945
2.24329 0.943
2.25038 0.942
2.25693 0.94075
2.26375 0.941
2.27029 0.94025
2.27711 0.941
2.28338 0.9435
2.2902 0.946
2.29674 0.9515
2.30329 0.956
2.30983 0.96175
2.31638 0.967
2.3232 0.97425
2.32947 0.981
2.33601 0.991
2.34256 1.002
2.34938 1.002
2.47373 0
2.48055 0
2.48709 0
2.36492 2.04525
2.37147 2.046
2.37856 2.02725
2.38537 2.01
2.39192 1.9925
2.39901 1.975
2.40555 1.9605
2.41237 1.945
2.41919 1.92875
2.42601 1.914
2.43255 1.89775
2.43964 1.881
2.44619 1.868
2.45301 1.854
2.45982 1.8545
2.47428 1.828
2.48082 1.81425
2.48764 1.8
2.49418 1.7865
2.501 1.773
2.50782 1.7615
2.51436 1.751
2.52118 1.73875
2.528 1.726
2.53455 1.71375
2.54136 1.702
2.54791 1.6925
2.55473 1.682
2.56154 1.6695
2.56809 1.658
2.57491 1.64825
2.58172 1.64
2.58827 1.62975
2.59509 1.621
2.6019 1.6115
2.60845 1.603
2.61499 1.5935
2.62181 1.585
2.62863 1.57625
2.63517 1.569
2.64172 1.56125
2.64881 1.553
2.65535 1.5445
2.6619 1.536
2.66899 1.5275
2.67554 1.519
2.68208 1.51125
2.6889 1.504
2.69572 1.49825
2.70226 1.492
2.70908 1.4845
2.71562 1.478
2.72217 1.4715
2.72926 1.465
2.7358 1.45975
2.74235 1.454
2.74889 1.44725
2.75598 1.44
2.76253 1.4345
2.76907 1.428
2.77589 1.4225
2.78271 1.416
2.78925 1.41025
2.79607 1.406
2.80262 1.40075
2.80916 1.396
2.81625 1.391
2.8228 1.386
2.82934 1.382
2.83616 1.378
2.84271 1.37425
2.84925 1.371
2.85634 1.36525
2.86289 1.359
2.86943 1.3545
2.87598 1.35
2.88279 1.3475
2.88934 1.345
2.89616 1.34125
2.90297 1.337
2.90952 1.33275
2.91606 1.329
2.92288 1.3255
2.9297 1.322
2.93624 1.319
2.94306 1.315
2.94961 1.31175
2.95615 1.309
2.96297 1.30525
2.96951 1.303
2.97633 1.299
2.98315 1.296
2.98969 1.294
2.99624 1.291
3.00306 1.2915
3.0156 1.288
3.02215 1.285
3.02896 1.281
3.03578 1.27875
3.0426 1.276
3.04914 1.27275
3.05596 1.271
3.06251 1.2695
3.06933 1.267
3.07587 1.266
3.08269 1.264
3.08923 1.26125
3.09632 1.258
3.10287 1.25475
3.10969 1.253
3.11623 1.252
3.12305 1.252
3.12959 1.252
-3.0246 0
-3.13668 1.03875
-3.12987 1.039
-3.12332 1.03775
-3.1165 1.038
-3.10996 1.033
-3.10287 1.028
-3.09632 1.027
-3.08951 1.026
-3.08296 1.02475
-3.07614 1.025
-3.0696 1.02475
-3.06278 1.024
-3.05624 1.02
-3.04942 1.017
-3.0426 1.015
-3.03578 1.013
-3.02951 1.01575
-3.02269 1.019
-3.01587 1.01525
-3.00906 1.012
-3.00251 1.0095
-2.99569 1.008
-2.98915 1.0125
-2.9826 1.016
-2.97579 1.01125
-2.96897 1.007
-2.96242 1.00675
-2.95561 1.006
-2.94906 1.005
-2.94224 1.005
-2.9357 1.0045
-2.92888 1.004
-2.92234 1.00575
-2.91552 1.007
-2.90897 1.00725
-2.90216 1.009
-2.89561 1.009
-2.88879 1.009
-2.88225 1.009
-2.87543 1.009
-2.86888 1.01025
-2.86207 1.012
-2.85552 1.01175
-2.73062 0
-2.84625 1.2445
-2.83943 1.245
-2.83289 1.2465
-2.82607 1.248
-2.81952 1.24875
-2.81271 1.251
-2.80616 1.25175
-2.79934 1.254
-2.7928 1.256
-2.78598 1.258
-2.77944 1.2575
-2.65045 0
-2.76389 1.10575
-2.75707 1.106
-2.75026 1.09325
-2.74317 1.08
-2.73635 1.08025
-2.72326 1.061
-2.71644 1.0525
-2.7099 1.044
-2.70281 1.03575
-2.69599 1.028
-2.68917 1.02125
-2.68235 1.014
-2.67554 1.0045
-2.66872 0.995
-2.66163 0.986
-2.65481 0.977
-2.64799 0.97625
-2.64145 0.975
-2.6349 0.97425
-2.62808 0.973
-2.62154 0.972
-2.61472 0.971
-2.60818 0.97
-2.60136 0.969
-2.59481 0.96775
-2.588 0.967
-2.58145 0.96625
-2.57463 0.966
-2.56782 0.9655
-2.56127 0.965
-2.55445 0.964
-2.54791 0.962
-2.54109 0.96175
-2.53455 0.962
-2.52773 0.96125
-2.52118 0.962
-2.51436 0.964
-2.50809 0.967
-2.50127 0.969
-2.49473 0.97
-2.48818 0.97225
-2.48137 0.975
-2.4751 0.97875
-2.46828 0.983
-2.462 0.991
-2.45519 0.999
-2.44892 1.012
-2.44237 1.026
-2.43583 1.02625
-2.31065 0
-2.42873 1.44925
-2.42219 1.449
-2.41537 1.455
-2.40883 1.462
-2.40201 1.468
-2.39574 1.475
-2.38892 1.48125
-2.38237 1.487
-2.37556 1.49475
-2.36928 1.503
-2.36247 1.5105
-2.35592 1.517
-2.34938 1.524
-2.34283 1.53
-2.33629 1.53675
-2.32947 1.545
-2.32292 1.55175
-2.31638 1.559
-2.30983 1.567
-2.30302 1.576
-2.29647 1.586
-2.28993 1.595
-2.28338 1.60475
-2.27684 1.614
-2.27029 1.62375
-2.26375 1.633
-2.25693 1.641
-2.25038 1.649
-2.24384 1.66
-2.23729 1.67
-2.23048 1.67975
-2.22393 1.69
-2.21739 1.70075
-2.21084 1.712
-2.20402 1.71175
-2.19012 1.733
-2.18357 1.7435
-2.17703 1.754
-2.17021 1.74975
-2.16366 1.746
-2.15685 1.75575
-2.1503 1.767
-2.14376 1.781
-2.13721 1.795
-2.13067 1.8085
-2.12412 1.823
-2.11758 1.83575
-2.11076 1.85
-2.10449 1.86525
-2.09767 1.88
-2.0914 1.896
-2.08485 1.911
-2.07803 1.927
-2.07176 1.943
-2.06494 1.95925
-2.0584 1.976
-2.05185 1.99325
-2.04531 2.012
-2.03876 2.0335
-2.03222 2.054
-2.02567 2.0725
-2.01885 2.092
-2.01258 2.11225
-2.00577 2.134
-1.99922 2.15425
-1.99295 2.176
-1.98613 2.198
-1.97986 2.221
-1.97304 2.2445
-1.9665 2.267
-1.95995 2.30875
-1.95368 2.35
-1.94713 2.38475
-1.94032 2.421
-1.93404 2.449
-1.92723 2.478
-1.92095 2.5065
-1.91414 2.536
-1.90759 2.56625
-1.90132 2.598
-1.8945 2.62775
-1.88796 2.659
-1.88141 2.6965
-1.87487 2.734
-1.86832 2.771
-1.86178 2.808
-1.85523 2.84725
-1.84869 2.888
-1.84214 2.88325
-1.83532 2.88
-1.82878 2.8705
-1.82169 2.862
-1.81514 2.856
-1.8086 2.85
-1.80178 2.84175
-1.79524 2.833
-1.78842 2.83325
-1.65015 0
-1.64334 0
-1.63679 0
-1.63025 0
-1.62343 0
-1.61688 0
-1.61007 0
-1.60352 0
-1.5967 0
-1.59016 0
-1.58361 0
-1.70715 2.4075
-1.70061 2.407
-1.69379 2.4025
-1.68724 2.399
-1.68043 2.39875
-1.54353 0
-1.53671 0
-1.65424 2.706
-1.6477 2.70125
-1.64116 2.698
-1.63434 2.695
-1.62779 2.691
-1.62125 2.6865
-1.61443 2.683
-1.60788 2.68075
-1.60134 2.678
-1.59452 2.67625
-1.58798 2.674
-1.58143 2.6695
-1.57434 2.666
-1.5678 2.6625
-1.56125 2.66
-1.55443 2.65675
-1.54789 2.655
-1.54134 2.65225
-1.53453 2.65
-1.52798 2.647
-1.52144 2.644
-1.51462 2.6415
-1.50807 2.638
-1.50153 2.63525
-1.49471 2.634
-1.48817 2.63125
-1.48162 2.628
-1.4748 2.6275
-1.46826 2.626
-1.46171 2.6255
-1.4549 2.624
-1.44835 2.63575
-1.44181 2.648
-1.43499 2.64725
-1.29727 0
-1.29073 0
-1.28391 0
-1.27736 0
-1.27082 0
-1.264 0
-1.25746 0
-1.25064 0
-1.24409 0
-1.23755 0
-1.23073 0
-1.22418 0
-1.21764 0
-1.21082 0
-1.20428 0
-1.19773 0
-1.19091 0
-1.18437 0
-1.17782 0
-1.17101 0
-1.16446 0
-1.15792 0
-1.1511 0
-1.14455 0
-1.13801 0
-1.13119 0
-1.12465 0
-1.1181 0
-1.11128 0
-1.23618 2.6765
-1.22964 2.677
-1.22282 2.6775
-1.08483 0
-1.07829 0
-1.07147 0
-1.06492 0
-1.05838 0
-1.05156 0
-1.04502 0
-1.03847 0
-1.03165 0
-1.02511 0
-1.01856 0
-1.01175 0
-1.0052 0
-0.998383 0
-0.984202 0
-0.977657 0
-0.971112 0
-0.964294 0
-0.957749 0
-0.950932 0
-0.944387 0
-0.937569 0
-0.931024 0
-0.924207 0
-0.917661 0
-0.910844 0
-0.904299 0
-0.897754 0
-0.890936 0
-0.884391 0
-0.877573 0
-0.871028 0
-0.864211 0
-0.857666 0
-0.850848 0
-0.844303 0
-0.837485 0
-0.948205 0.9715
-0.94166 0.972
-0.934569 0.95925
-0.927751 0.947
-0.920661 0.93875
-0.913843 0.93
-0.907026 0.9225
-0.900208 0.914
-0.89339 0.914
-0.770944 0
-0.764127 0
-0.757582 0
-0.751037 0
-0.744219 0
-0.737675 0
-0.730857 0
-0.856848 3.09175
-0.85003 3.092
-0.843485 3.09175
-0.704131 0
-0.697586 0
-0.690769 0
-0.684223 0
-0.677678 0
-0.670861 0
-0.664316 0
-0.657498 0
-0.650953 0
-0.644136 0
-0.637591 0
-0.734129 0.5975
-0.727584 0.598
-0.720494 0.593
-0.713676 0.588
-0.706858 0.58325
-0.699768 0.578
-0.692677 0.57225
-0.685587 0.567
-0.678769 0.5635
-0.671679 0.56
-0.664862 0.555
-0.657771 0.551
-0.650953 0.54725
-0.643863 0.543
-0.637045 0.53925
-0.630227 0.536
-0.623137 0.5325
-0.616319 0.529
-0.609229 0.526
-0.602411 0.522
-0.595321 0.51875
-0.588503 0.515
-0.581413 0.51125
-0.574595 0.508
-0.567505 0.5045
-0.560687 0.502
-0.55387 0.5015
-0.539143 0.496
-0.532326 0.494
-0.525235 0.491
-0.518417 0.48825
-0.511327 0.485
-0.504509 0.48275
-0.497691 0.48
-0.490601 0.477
-0.483511 0.475
-0.476693 0.473
-0.469603 0.47
-0.462512 0.46725
-0.455967 0.466
-0.448877 0.46325
-0.441787 0.462
-0.434969 0.4595
-0.427878 0.457
-0.421061 0.455
-0.414243 0.453
-0.407152 0.45175
-0.400335 0.45
-0.393517 0.44775
-0.386427 0.446
-0.379336 0.4435
-0.372519 0.441
-0.365428 0.4395
-0.35861 0.439
-0.352066 0.43775
-0.344975 0.436
-0.337885 0.43375
-0.33134 0.433
-0.32425 0.431
-0.317159 0.429
-0.310614 0.4285
-0.303524 0.427
-0.296706 0.42675
-0.290161 0.426
-0.283343 0.42675
-0.276798 0.428
-0.270253 0.4285
-0.17426 0
-0.167715 0
-0.160898 0
-0.15408 0
-0.147535 0
-0.140717 0
-0.1339 0
-0.127354 0
-0.120537 0
-0.113719 0
-0.107174 0
-0.100356 0
-0.0935386 0
-0.173169 0.4055
-0.166624 0.406
-0.159534 0.40525
-0.0668133 0
-0.0599955 0
-0.0531781 0
-0.0466331 0
-0.0398153 0
-0.0329974 0
-0.0264528 0
-0.019635 0
-0.0128172 0
-0.00627214 0
0.000545415 0
0.00736311 0
0.0139081 0
-0.108538 2.11625
-0.10172 2.117
-0.0951751 2.1155
-0.0883573 2.113
-0.0815395 2.108
-0.0749944 2.103
-0.0681771 2.09925
-0.0610865 2.097
-0.0545414 2.09175
-0.0477241 2.087
-0.0409063 2.08675
-0.0280889 2.085
-0.0215438 2.08125
-0.0149987 2.079
-0.00845415 2.0765
-0.00163633 2.074
0.00490874 2.072
0.0114537 2.07
0.0179987 2.06725
0.0248164 2.066
0.0313614 2.06425
0.0379064 2.062
0.0444514 2.059
0.051269 2.057
0.057814 2.059
0.064359 2.062
0.070904 2.06225
0.206712 0
0.213257 0
0.219802 0
0.22662 0
0.233165 0
0.23971 0
0.246255 0
0.253073 0
0.259618 0
0.266163 0
0.272708 0
0.279525 0
0.28607 0
0.292615 0
0.29916 0
0.305978 0
0.312523 0
0.191441 1.82025
0.198258 1.82
0.204803 1.833
0.211348 1.845
0.217893 1.8455
0.352338 0
0.358883 0
0.365428 0
0.371973 0
0.378791 0
0.385336 0
0.391881 0
0.398426 0
0.405244 0
0.411789 0
0.418334 0
0.425151 0
0.431696 0
0.438241 0
0.444786 0
0.451604 0
0.458149 0
0.464694 0
0.471239 0
0.478057 0
0.484602 0
0.362156 2.08875
0.368701 2.089
0.375519 2.09125
0.382063 2.095
0.388608 2.0975
0.395153 2.1
0.401698 2.1055
0.408243 2.11
0.414788 2.11275
0.421606 2.116
0.428151 2.11825
0.434696 2.122
0.441241 2.126
0.448059 2.129
0.454604 2.134
0.461149 2.138
0.467694 2.14175
0.474511 2.147
0.481056 2.15025
0.487601 2.155
0.494419 2.15425
0.506964 2.165
0.513509 2.17025
0.520054 2.176
0.526599 2.1815
0.533144 2.186
0.539961 2.191
0.546506 2.197
0.553051 2.20325
0.559596 2.21
0.566414 2.21575
0.572686 2.223
0.579231 2.2305
0.585776 2.237
0.592321 2.2425
0.599139 2.248
0.605684 2.25675
0.612229 2.265
0.618774 2.27175
0.625591 2.278
0.631864 2.286
0.638409 2.293
0.644954 2.3005
0.651499 2.307
0.658316 2.31475
0.664861 2.324
0.671406 2.33325
0.677951 2.342
0.684496 2.351
0.691041 2.361
0.697586 2.3705
0.704131 2.38
0.710676 2.38975
0.717494 2.401
0.724039 2.40075
0.860938 0
0.736583 2.5285
0.743401 2.529
0.749946 2.546
0.756491 2.562
0.763036 2.56625
0.769581 2.572
0.776399 2.57225
0.913844 0
0.784307 6.425
0.790852 6.425
0.79767 6.4505
0.804215 6.477
0.81076 6.47625
0.953386 0
0.960204 0
