0.83094 6.607
0.843485 6.67
0.85003 6.6705
0.992929 0
0.999746 0
1.00656 0
0.892027 1.16625
0.898845 1.166
0.905662 1.16625
1.03356 0
1.04011 0
1.04692 0
1.05374 0
1.06056 0
1.06711 0
1.07392 0
1.08074 0
1.08756 0
1.0941 0
1.10092 0
1.10774 0
1.11456 0
1.1211 0
1.12792 0
1.13474 0
1.14155 0
1.1481 0
1.15492 0
1.16173 0
1.16855 0
1.17537 0
1.18192 0
1.18873 0
1.19555 0
1.20237 0
1.20891 0
1.21573 0
1.22255 0
1.22937 0
1.23591 0
1.24273 0
1.24955 0
1.25636 0
1.26291 0
1.26973 0
1.27654 0
1.28336 0
1.28991 0
1.29673 0
1.30354 0
1.31036 0
1.31691 0
1.32372 0
1.33054 0
1.33736 0
1.34418 0
1.35072 0
1.35754 0
1.36436 0
1.37117 0
1.37772 0
1.38454 0
1.39135 0
1.39817 0
1.40472 0
1.41154 0
1.41835 0
1.42517 0
1.43172 0
1.43853 0
1.44535 0
1.45217 0
1.45871 0
1.46553 0
1.47235 0
1.47917 0
1.48571 0
1.49253 0
1.49935 0
1.50616 0
1.51298 0
1.5258 0
1.53234 0
1.53889 0
1.54543 0
1.55198 0
1.55852 0
1.56534 0
1.57189 0
1.57843 0
1.58498 0
1.59152 0
1.59807 0
1.60488 0
1.48053 2.579
1.48708 2.579
1.49362 2.57475
1.50016 2.571
1.50698 2.56675
1.51353 2.562
1.52007 2.562
1.65752 0
1.53943 1.4525
1.54598 1.452
1.5528 1.45175
1.68397 0
1.69052 0
1.69706 0
1.7036 0
1.71015 0
1.71697 0
1.72351 0
1.71615 0.17275
1.72242 0.173
1.73006 0.1715
1.73715 0.171
1.74451 0.17
1.75106 0.17
1.75815 0.16925
1.76578 0.168
1.77315 0.16675
1.77969 0.167
1.78678 0.1665
1.7936 0.166
1.80014 0.166
1.80669 0.166
1.81405 0.16525
1.82087 0.165
1.82769 0.16475
1.83396 0.165
1.8405 0.165
1.84705 0.165
1.85441 0.1645
1.86123 0.164
1.8675 0.16425
1.87432 0.164
1.88114 0.16375
1.88659 0.165
1.89395 0.1645
1.89995 0.165
1.9065 0.165
1.91304 0.165
1.91904 0.16575
1.92532 0.166
1.93159 0.16675
1.93786 0.167
1.94386 0.168
1.95041 0.168
1.95641 0.1685
1.96295 0.169
1.96922 0.16925
1.97522 0.17
1.98149 0.17025
1.98749 0.171
1.99377 0.1715
1.99949 0.173
2.00604 0.173
2.01176 0.174
2.01749 0.17525
2.02349 0.176
2.03004 0.17625
2.04313 0.178
2.04885 0.179
2.05403 0.181
2.06058 0.18175
2.06549 0.184
2.07121 0.18575
2.0764 0.188
2.08267 0.1885
2.11403 0
2.12057 0
2.12739 0
2.13394 0
2.14048 0
2.1473 0
2.15385 0
2.16066 0
2.16721 0
2.17375 0
2.18057 0
2.18712 0
2.19393 0
2.20048 0
2.20702 0
2.21384 0
2.22039 0
2.2272 0
2.23375 0
2.24029 0
2.24711 0
2.25366 0
2.26047 0
2.26702 0
2.27356 0
2.16584 0.867
2.17239 0.867
2.17921 0.86725
2.18575 0.868
2.1923 0.86875
2.19911 0.869
2.20539 0.87
2.2122 0.871
2.21875 0.8705
2.22557 0.87
2.23239 0.86775
2.23893 0.866
2.24575 0.86975
2.25202 0.873
2.25857 0.886
2.26484 0.898
2.27084 0.911
2.27738 0.924
2.28393 0.92425
2.29074 0.925
2.29729 0.92525
2.30383 0.927
2.31065 0.929
2.31692 0.932
2.32374 0.936
2.33029 0.94
2.33656 0.94925
2.3431 0.96
2.34938 0.97025
2.35592 0.981
2.36219 0.992
2.36847 1.004
2.37528 1.004
2.49991 0
2.50673 0
2.51327 0
2.51982 0
2.52664 0
2.40474 1.94425
2.41155 1.945
2.41837 1.92775
2.42492 1.912
2.43173 1.8975
2.43855 1.882
2.44537 1.868
2.45191 1.854
2.45873 1.854
2.47291 1.826
2.47946 1.81225
2.48628 1.8
2.49282 1.7865
2.49964 1.773
2.50646 1.761
2.513 1.749
2.51982 1.73775
2.52664 1.726
2.53318 1.71375
2.54 1.702
2.54682 1.691
2.55336 1.68
2.56018 1.6695
2.56672 1.659
2.57354 1.64825
2.58036 1.639
2.58691 1.62975
2.59372 1.621
2.60054 1.612
2.60709 1.603
2.61363 1.5935
2.62045 1.585
2.62727 1.57625
2.63381 1.569
2.64036 1.56075
2.64745 1.552
2.65399 1.544
2.66054 1.536
2.66763 1.5275
2.67417 1.52
2.68072 1.51225
2.68753 1.505
2.69408 1.49925
2.7009 1.493
2.70771 1.485
2.71426 1.478
2.7208 1.4715
2.7279 1.465
2.73444 1.45925
2.74099 1.455
2.74753 1.44725
2.75462 1.44
2.76117 1.4345
2.76771 1.429
2.77453 1.4235
2.78135 1.417
2.78789 1.41125
2.79471 1.407
2.80125 1.40175
2.8078 1.397
2.81489 1.3925
2.82143 1.387
2.82798 1.3825
2.8348 1.378
2.84134 1.37475
2.84789 1.371
2.85498 1.36525
2.86152 1.361
2.86807 1.3565
2.87461 1.352
2.88143 1.3485
2.88825 1.344
2.89479 1.33975
2.90161 1.337
2.90815 1.33325
2.9147 1.329
2.92152 1.325
2.92834 1.322
2.93488 1.319
2.9417 1.315
2.94824 1.31125
2.95479 1.309
2.96161 1.30525
2.96815 1.303
2.97497 1.2995
2.98179 1.297
2.98833 1.2935
2.99488 1.291
3.00169 1.2905
3.0156 1.287
3.02215 1.284
3.02869 1.282
3.03551 1.28125
-3.11841 0
-3.11159 0
-3.10505 0
-3.0985 0
-3.09169 0
3.09087 0.66725
3.09769 0.668
3.10423 0.6665
3.11078 0.666
3.11759 0.665
3.12441 0.663
3.13123 0.66225
3.13777 0.662
-3.13887 0.65975
-3.13178 0.658
-3.12523 0.656
-3.11841 0.655
-3.11159 0.6535
-3.10505 0.652
-3.09823 0.65275
-3.09196 0.654
-3.08514 0.65425
-3.0786 0.656
-3.07205 0.6545
-3.06496 0.652
-3.05842 0.6495
-3.05133 0.648
-3.04505 0.64875
-3.03851 0.649
-3.03169 0.64925
-3.02515 0.649
-3.01806 0.6475
-3.01151 0.647
-3.00497 0.646
-2.99815 0.646
-2.9916 0.64525
-2.98479 0.644
-2.97824 0.64575
-2.97142 0.647
-2.96488 0.648
-2.95833 0.648
-2.95152 0.647
-2.94497 0.646
-2.93815 0.64525
-2.93161 0.646
-2.92506 0.64575
-2.91825 0.645
-2.9117 0.6465
-2.90488 0.647
-2.89861 0.6485
-2.89207 0.65
-2.88525 0.64875
-2.87843 0.647
-2.87161 0.64725
-2.86507 0.647
-2.85852 0.648
-2.85198 0.65
-2.84543 0.651
-2.83861 0.652
-2.83207 0.65125
-2.82552 0.652
-2.81871 0.65275
-2.81243 0.654
-2.80562 0.6545
-2.79907 0.655
-2.79253 0.6555
-2.78571 0.657
-2.77944 0.65975
-2.77262 0.662
-2.76607 0.66175
-2.65263 0
-2.75953 0.8365
-2.75298 0.837
-2.74589 0.8315
-2.73935 0.827
-2.73253 0.8265
-2.71971 0.817
-2.7129 0.8135
-2.70608 0.811
-2.69926 0.80725
-2.69244 0.804
-2.6859 0.79975
-2.67881 0.797
-2.67226 0.7935
-2.66517 0.79
-2.65863 0.7865
-2.65154 0.783
-2.64499 0.77875
-2.63817 0.776
-2.63136 0.77225
-2.62454 0.77
-2.61772 0.764
-2.61063 0.759
-2.60409 0.759
-2.59727 0.758
-2.59072 0.75975
-2.58418 0.761
-2.57763 0.76275
-2.57082 0.765
-2.56427 0.7655
-2.55745 0.765
-2.55091 0.7665
-2.54409 0.768
-2.53782 0.76975
-2.531 0.771
-2.52446 0.77175
-2.51764 0.774
-2.51137 0.776
-2.50455 0.777
-2.498 0.776
-2.49091 0.774
-2.48437 0.77375
-2.47755 0.773
-2.471 0.77375
-2.46419 0.775
-2.45791 0.776
-2.4511 0.778
-2.44455 0.7785
-2.43773 0.78
-2.43119 0.78175
-2.42437 0.783
-2.4181 0.78475
-2.41128 0.788
-2.40474 0.791
-2.39819 0.793
-2.39165 0.795
-2.38483 0.798
-2.37856 0.80125
-2.37174 0.804
-2.36547 0.81125
-2.35892 0.818
-2.35265 0.826
-2.34583 0.833
-2.33929 0.8325
-2.21902 0
-2.21248 0
-2.20566 0
-2.32483 1.56125
-2.31802 1.561
-2.31147 1.56825
-2.30465 1.576
-2.29811 1.586
-2.29156 1.595
-2.28502 1.6035
-2.2782 1.613
-2.27165 1.62175
-2.26511 1.632
-2.25857 1.64075
-2.25175 1.649
-2.24548 1.658
-2.23866 1.668
-2.23211 1.678
-2.22529 1.689
-2.21902 1.69875
-2.2122 1.71
-2.20539 1.70925
-2.19311 1.731
-2.18657 1.7605
-2.18003 1.791
-2.17348 1.76825
-2.16639 1.746
-2.15985 1.75425
-2.15303 1.762
-2.14675 1.7765
-2.13994 1.791
-2.13339 1.8045
-2.12685 1.819
-2.1203 1.83325
-2.11348 1.847
-2.10721 1.86175
-2.10039 1.877
-2.09385 1.893
-2.0873 1.908
-2.08076 1.923
-2.07394 1.939
-2.06767 1.95575
-2.06085 1.974
-2.05431 1.98975
-2.04776 2.007
-2.04122 2.026
-2.03467 2.046
-2.02813 2.0655
-2.02131 2.086
-2.01504 2.10725
-2.00822 2.128
-2.00167 2.14875
-1.99513 2.171
-1.98858 2.192
-1.98177 2.214
-1.97549 2.2385
-1.96868 2.262
-1.9624 2.29675
-1.95559 2.333
-1.94931 2.37275
-1.9425 2.413
-1.93622 2.442
-1.92941 2.47
-1.92313 2.5005
-1.91632 2.53
-1.90977 2.56125
-1.90323 2.592
-1.89668 2.62225
-1.88986 2.652
-1.88359 2.689
-1.87677 2.727
-1.8705 2.7645
-1.86368 2.802
-1.85714 2.84125
-1.85059 2.881
-1.84405 2.87975
-1.83723 2.878
-1.83069 2.8705
-1.82387 2.863
-1.81705 2.857
-1.81023 2.852
-1.80369 2.84425
-1.79687 2.836
-1.79033 2.83625
-1.65179 0
-1.64525 0
-1.63843 0
-1.63188 0
-1.62507 0
-1.61852 0
-1.6117 0
-1.60516 0
-1.59834 0
-1.59179 0
-1.58498 0
-1.70879 2.4065
-1.70197 2.407
-1.69542 2.405
-1.68861 2.403
-1.68206 2.40275
-1.54489 0
-1.53807 0
-1.65561 2.707
-1.64906 2.70175
-1.64252 2.698
-1.6357 2.696
-1.62916 2.695
-1.62261 2.691
-1.61579 2.688
-1.60925 2.68325
-1.6027 2.679
-1.59589 2.67475
-1.58934 2.671
-1.58252 2.668
-1.5757 2.665
-1.56916 2.6635
-1.56262 2.662
-1.5558 2.65725
-1.54925 2.654
-1.54271 2.65225
-1.53589 2.651
-1.52934 2.6485
-1.5228 2.647
-1.51598 2.643
-1.50944 2.64
-1.50289 2.63675
-1.49607 2.634
-1.48953 2.63175
-1.48298 2.631
-1.47617 2.6305
-1.46962 2.631
-1.46308 2.6315
-1.45626 2.632
-1.44971 2.63725
-1.44317 2.644
-1.43635 2.64425
-1.29863 0
-1.29209 0
-1.28527 0
-1.27873 0
-1.27218 0
-1.26536 0
-1.25882 0
-1.252 0
-1.24546 0
-1.23891 0
-1.23209 0
-1.22555 0
-1.219 0
-1.21219 0
-1.20564 0
-1.1991 0
-1.19228 0
-1.18573 0
-1.17919 0
-1.17237 0
-1.16583 0
-1.15928 0
-1.15246 0
-1.14592 0
-1.13937 0
-1.13255 0
-1.12601 0
-1.11947 0
-1.11265 0
-1.23755 2.6785
-1.231 2.678
-1.22418 2.683
-1.21764 2.688
-1.21109 2.68725
-1.07283 0
-1.06629 0
-1.05974 0
-1.05292 0
-1.04638 0
-1.03983 0
-1.03302 0
-1.02647 0
-1.01993 0
-1.01311 0
-1.00656 0
-0.999747 0
-0.985838 0
-0.979293 0
-0.972476 0
-0.965931 0
-0.959113 0
-0.952568 0
-0.94575 0
-0.939205 0
-0.932388 0
-0.92557 0
-0.919025 0
-0.912207 0
-0.905662 0
-0.898845 0
-0.892299 0
-0.885482 0
-0.878937 0
-0.872119 0
-0.865301 0
-0.858756 0
-0.851939 0
-0.845394 0
-0.838576 0
-0.832031 0
-0.825213 0
-0.935387 0.9495
-0.92857 0.95
-0.92148 0.94075
-0.914934 0.932
-0.907844 0.92325
-0.901026 0.914
-0.894209 0.9145
-0.771763 0
-0.764945 0
-0.7584 0
-0.751582 0
-0.744765 0
-0.73822 0
-0.731402 0
-0.857393 3.095
-0.850575 3.095
-0.84403 3.09475
-0.704676 0
-0.698132 0
-0.691314 0
-0.684496 0
-0.677951 0
-0.671134 0
-0.664589 0
-0.657771 0
-0.651226 0
-0.644408 0
-0.637863 0
-0.734675 0.59975
-0.727857 0.6
-0.720766 0.5945
-0.713676 0.59
-0.706858 0.5855
-0.699768 0.581
-0.69295 0.57675
-0.68586 0.572
-0.679042 0.56675
-0.671952 0.562
-0.664862 0.5575
-0.657771 0.553
-0.65068 0.5485
-0.643863 0.545
-0.636772 0.54125
-0.629955 0.537
-0.622865 0.53275
-0.616047 0.529
-0.608956 0.526
-0.601866 0.523
-0.595048 0.52
-0.587958 0.516
-0.58114 0.51325
-0.57405 0.51
-0.567232 0.50625
-0.560141 0.503
-0.553324 0.50275
-0.538598 0.497
-0.53178 0.49375
-0.525235 0.492
-0.518417 0.4885
-0.511327 0.486
-0.504509 0.4835
-0.497691 0.481
-0.490601 0.47875
-0.483784 0.476
-0.476966 0.47325
-0.470148 0.471
-0.463331 0.469
-0.456513 0.467
-0.449695 0.4655
-0.442877 0.463
-0.435787 0.45975
-0.428969 0.458
-0.422151 0.45525
-0.415334 0.454
-0.408243 0.4515
-0.401698 0.45
-0.394881 0.448
-0.388063 0.446
-0.380973 0.44425
-0.374428 0.444
-0.36761 0.44125
-0.36052 0.439
-0.353975 0.438
-0.347157 0.436
-0.340066 0.434
-0.333522 0.433
-0.326704 0.43125
-0.319613 0.43
-0.313068 0.42875
-0.306524 0.428
-0.299433 0.4265
-0.292615 0.425
-0.286343 0.4275
-0.280071 0.431
-0.273526 0.43075
-0.177532 0
-0.170988 0
-0.16417 0
-0.157625 0
-0.15108 0
-0.144262 0
-0.137718 0
-0.131172 0
-0.124355 0
-0.11781 0
-0.111265 0
-0.104447 0
-0.0979021 0
-0.177532 0.40525
-0.170988 0.406
-0.164443 0.406
-0.0714496 0
-0.0646318 0
-0.0580867 0
-0.0515416 0
-0.0449966 0
-0.0381792 0
-0.0316342 0
-0.0250891 0
-0.0182713 0
-0.0117262 0
-0.00518161 0
0.00163625 0
0.00818123 0
-0.114537 2.116
-0.10772 2.116
-0.101175 2.11475
-0.0946296 2.114
-0.0878118 2.10925
-0.0812667 2.106
-0.0747221 2.101
-0.0676316 2.097
-0.0610865 2.093
-0.0545414 2.09
-0.0477241 2.0895
-0.0338157 2.087
-0.0272706 2.08525
-0.0207256 2.083
-0.0139082 2.079
-0.00736314 2.075
-0.000818078 2.073
0.00599957 2.072
0.0125446 2.07025
0.0190895 2.068
0.0259072 2.06575
0.0324522 2.064
0.0389972 2.0605
0.0458149 2.058
0.0523599 2.06
0.0589049 2.063
0.0657226 2.06275
0.201258 0
0.207803 0
0.214621 0
0.221166 0
0.227711 0
0.234529 0
0.241074 0
0.11781 2.27125
0.124627 2.272
0.131172 2.2715
0.267526 0
0.274344 0
0.280889 0
0.287434 0
0.294252 0
0.300797 0
0.307342 0
0.186805 1.7975
0.19335 1.797
0.199622 1.82875
0.206167 1.86
0.212712 1.85925
0.347157 0
0.353975 0
0.36052 0
0.367337 0
0.373882 0
0.380427 0
0.387245 0
0.39379 0
0.400335 0
0.407153 0
0.413698 0
0.420243 0
0.42706 0
0.433605 0
0.44015 0
0.446968 0
0.453513 0
0.460058 0
0.466876 0
0.473421 0
0.479966 0
0.357792 2.0855
0.364337 2.086
0.370882 2.0905
0.3777 2.095
0.384245 2.09725
0.390517 2.101
0.397335 2.10325
0.40388 2.107
0.410425 2.1095
0.417243 2.113
0.423788 2.1165
0.430333 2.12
0.43715 2.12275
0.443695 2.126
0.45024 2.13025
0.457058 2.135
0.463603 2.14
0.470148 2.145
0.476966 2.148
0.483511 2.152
0.490328 2.1515
0.5026 2.161
0.509145 2.16425
0.515963 2.169
0.522508 2.1775
0.529326 2.186
0.536143 2.191
0.542688 2.195
0.549506 2.20075
0.556324 2.207
0.562869 2.21275
0.569414 2.22
0.575959 2.2265
0.582776 2.234
0.589594 2.2375
0.596139 2.242
0.602957 2.25025
0.609774 2.26
0.616319 2.26775
0.623137 2.275
0.629955 2.281
0.636227 2.288
0.643045 2.297
0.64959 2.305
0.656407 2.31375
0.663225 2.322
0.66977 2.33075
0.676588 2.341
0.683133 2.35
0.689678 2.36
0.696495 2.3695
0.70304 2.379
0.709858 2.38825
0.716676 2.398
0.723221 2.39775
0.860393 0
0.736311 2.5055
0.742856 2.505
0.749673 2.532
0.756491 2.558
0.763036 2.56625
0.769854 2.575
0.776399 2.57425
0.914116 0
0.920934 0
0.927479 0
0.798215 6.4745
0.805033 6.475
0.811578 6.5085
0.818396 6.541
0.825213 6.5415
