0.968385 0
0.982566 0
0.989111 0
0.995656 0
1.00247 0
1.00902 0
1.01584 0
1.02238 0
1.02893 0
1.03574 0
1.04229 0
1.04911 0
1.05565 0
1.06247 0
1.06901 0
1.07556 0
1.08238 0
1.08892 0
1.09574 0
1.10228 0
1.10883 0
1.11565 0
1.12219 0
1.12901 0
1.13555 0
1.14237 0
1.14892 0
1.15546 0
1.16228 0
1.16883 0
1.17564 0
1.18219 0
1.18873 0
1.19555 0
1.2021 0
1.20891 0
1.21546 0
1.22228 0
1.22882 0
1.23537 0
1.24218 0
1.24873 0
1.25555 0
1.26209 0
1.26864 0
1.27545 0
1.282 0
1.28882 0
1.29536 0
1.30218 0
1.30872 0
1.31527 0
1.32209 0
1.32863 0
1.33545 0
1.34199 0
1.34854 0
1.35536 0
1.3619 0
1.36872 0
1.37526 0
1.38208 0
1.38863 0
1.39517 0
1.40199 0
1.40854 0
1.41535 0
1.4219 0
1.42844 0
1.43526 0
1.44181 0
1.44862 0
1.45517 0
1.46199 0
1.46853 0
1.47508 0
1.48189 0
1.48844 0
1.49526 0
1.5018 0
1.50862 0
1.52144 0
1.51571 0.1705
1.52171 0.171
1.52962 0.16975
1.53753 0.168
1.54571 0.16575
1.55307 0.165
1.56043 0.164
1.56861 0.162
1.57625 0.161
1.58361 0.16
1.59125 0.15875
1.59889 0.158
1.6057 0.15775
1.61307 0.157
1.62043 0.156
1.62697 0.156
1.63434 0.1555
1.64088 0.155
1.6477 0.15475
1.65534 0.154
1.66243 0.15325
1.66924 0.153
1.67606 0.153
1.68261 0.153
1.68997 0.1525
1.69597 0.153
1.70333 0.15225
1.70933 0.153
1.7156 0.15325
1.72242 0.153
1.72924 0.153
1.73688 0.152
1.74233 0.153
1.74915 0.153
1.75542 0.15325
1.76224 0.153
1.76933 0.15275
1.7756 0.153
1.78242 0.153
1.78814 0.154
1.79414 0.1545
1.80151 0.154
1.80778 0.15425
1.81351 0.155
1.82005 0.15575
1.82632 0.156
1.83287 0.156
1.83887 0.157
1.84487 0.1575
1.85141 0.158
1.85714 0.15875
1.86259 0.16
1.86941 0.16025
1.87514 0.161
1.88059 0.1625
1.88686 0.163
1.89314 0.1635
1.89832 0.165
1.90459 0.16575
1.91004 0.167
1.91714 0.16675
1.92968 0.169
1.93486 0.17075
1.94086 0.172
1.94741 0.172
1.96759 0
1.97413 0
1.98095 0
1.98749 0
1.99431 0
2.00113 0
2.00767 0
2.01449 0
2.02104 0
2.02785 0
2.0344 0
2.04122 0
2.04803 0
2.05458 0
2.0614 0
2.06794 0
2.07476 0
2.08131 0
2.08812 0
2.09494 0
2.10149 0
2.1083 0
2.11485 0
2.12167 0
2.12821 0
2.13503 0
2.14185 0
2.14839 0
2.15521 0
2.16175 0
2.16857 0
2.17512 0
2.18193 0
2.1143 0.3325
2.12057 0.333
2.12794 0.33025
2.1353 0.327
2.14239 0.32575
2.14921 0.324
2.15603 0.3235
2.16312 0.323
2.16966 0.322
2.17648 0.322
2.1833 0.32175
2.18984 0.322
2.19639 0.32225
2.20321 0.323
2.21002 0.323
2.21657 0.322
2.22339 0.3225
2.22993 0.322
2.23675 0.32225
2.24329 0.323
2.25011 0.32225
2.25693 0.323
2.2632 0.3235
2.27002 0.324
2.27656 0.3245
2.28311 0.325
2.28938 0.32625
2.2962 0.327
2.30274 0.32775
2.30929 0.328
2.31583 0.3295
2.32211 0.331
2.32892 0.331
2.3352 0.332
2.34174 0.33325
2.34829 0.335
2.35456 0.33625
2.3611 0.337
2.36765 0.338
2.37447 0.338
2.38074 0.3385
2.38728 0.34
2.39437 0.3395
2.40637 0.343
2.41265 0.3445
2.41919 0.345
2.42601 0.34575
2.43228 0.347
2.43882 0.34725
2.4451 0.349
2.45164 0.35
2.45764 0.352
2.46446 0.3525
2.47073 0.354
2.47728 0.35475
2.48382 0.356
2.49009 0.35775
2.49609 0.36
2.50291 0.361
2.50946 0.361
2.516 0.362
2.52227 0.364
2.52855 0.36525
2.53509 0.367
2.54136 0.36825
2.54764 0.37
2.55445 0.3715
2.56073 0.373
2.567 0.374
2.57354 0.376
2.57981 0.37775
2.58609 0.38
2.59263 0.38225
2.59863 0.385
2.6049 0.388
2.61118 0.39
2.61745 0.3935
2.62372 0.396
2.62999 0.39925
2.63599 0.403
2.64226 0.40625
2.64854 0.41
2.65454 0.4135
2.66081 0.418
2.66681 0.422
2.67281 0.427
2.67908 0.43025
2.68508 0.435
2.69135 0.43925
2.69762 0.444
2.70362 0.4475
2.71017 0.451
2.71617 0.455
2.72244 0.458
2.72899 0.46125
2.73499 0.466
2.74071 0.47625
2.74644 0.486
2.75298 0.4855
2.8547 0
2.86152 0
2.86807 0
2.87461 0
2.88143 0
2.88797 0
2.89452 0
2.90134 0
2.90788 0
2.9147 0
2.92124 0
2.92779 0
2.93461 0
2.84461 0.5035
2.85116 0.503
2.85798 0.50275
2.96106 0
2.96761 0
2.97442 0
2.89806 0.38125
2.90461 0.381
2.9117 0.38
2.91825 0.379
2.92506 0.379
2.93788 0.377
2.9447 0.37575
2.95152 0.375
2.95833 0.3745
2.96488 0.374
2.9717 0.374
2.97824 0.374
2.98506 0.37175
2.99242 0.369
2.99924 0.36775
3.00606 0.368
3.0126 0.367
3.01969 0.366
3.02624 0.3655
3.03306 0.364
3.03987 0.36425
3.04642 0.364
3.05324 0.36325
3.05978 0.364
3.0666 0.363
3.07342 0.363
3.07969 0.364
3.08651 0.364
3.09332 0.36275
3.10041 0.361
3.10696 0.36025
3.11378 0.359
3.12059 0.359
3.12741 0.358
3.1345 0.356
3.14132 0.355
-3.13559 0.35525
-3.12878 0.356
-3.12223 0.35625
-3.11541 0.356
-3.10887 0.356
-3.10205 0.356
-3.0955 0.3565
-3.08923 0.357
-3.08187 0.35475
-3.07532 0.354
-3.06823 0.35325
-3.06196 0.354
-3.05542 0.3535
-3.0486 0.354
-3.04205 0.3545
-3.03524 0.354
-3.02842 0.35275
-3.0216 0.352
-3.01506 0.35275
-3.00851 0.353
-3.00169 0.353
-2.99515 0.353
-2.98833 0.353
-2.98206 0.354
-2.97551 0.35375
-2.9687 0.355
-2.96215 0.35375
-2.95506 0.353
-2.94852 0.353
-2.9417 0.353
-2.93515 0.3525
-2.92861 0.353
-2.92179 0.35275
-2.91552 0.354
-2.90843 0.35325
-2.90216 0.354
-2.89561 0.3545
-2.88879 0.355
-2.88225 0.355
-2.8757 0.356
-2.86916 0.35575
-2.86261 0.357
-2.85579 0.35625
-2.84925 0.356
-2.84243 0.3565
-2.83616 0.357
-2.82934 0.357
-2.8228 0.357
-2.81598 0.357
-2.80207 0.358
-2.7958 0.35975
-2.78925 0.361
-2.78298 0.362
-2.77616 0.363
-2.76989 0.3635
-2.76307 0.364
-2.75653 0.36475
-2.74998 0.365
-2.74289 0.36425
-2.73635 0.364
-2.72953 0.3645
-2.72326 0.366
-2.71644 0.366
-2.71017 0.367
-2.70335 0.36775
-2.69681 0.369
-2.69026 0.36975
-2.68372 0.37
-2.67744 0.372
-2.67063 0.373
-2.66435 0.374
-2.65754 0.375
-2.65099 0.37575
-2.64472 0.377
-2.6379 0.37725
-2.63163 0.379
-2.62508 0.381
-2.61854 0.382
-2.61172 0.382
-2.60518 0.383
-2.59918 0.38625
-2.59263 0.389
-2.58554 0.38525
-2.57818 0.381
-2.57163 0.381
-2.48191 0
-2.4751 0
-2.46855 0
-2.46173 0
-2.45519 0
-2.44837 0
-2.44182 0
-2.43501 0
-2.42819 0
-2.42164 0
-2.41483 0
-2.53182 1.3585
-2.525 1.358
-2.51846 1.36225
-2.51164 1.368
-2.50509 1.37225
-2.49855 1.377
-2.49173 1.382
-2.48519 1.386
-2.47837 1.3915
-2.4721 1.396
-2.46528 1.40075
-2.45846 1.407
-2.45191 1.41325
-2.44537 1.419
-2.43882 1.425
-2.43201 1.432
-2.42546 1.4375
-2.41892 1.444
-2.4121 1.44975
-2.40555 1.456
-2.39874 1.46275
-2.39219 1.47
-2.38565 1.476
-2.3791 1.483
-2.37228 1.491
-2.36574 1.499
-2.35919 1.50625
-2.35238 1.514
-2.34583 1.52075
-2.33929 1.529
-2.33274 1.5355
-2.32592 1.543
-2.31911 1.5425
-2.30493 1.562
-2.29838 1.571
-2.29184 1.58
-2.28502 1.58925
-2.27875 1.598
-2.27193 1.60625
-2.26538 1.615
-2.25911 1.626
-2.25229 1.636
-2.24575 1.6465
-2.23893 1.656
-2.23266 1.66675
-2.22611 1.677
-2.2193 1.68675
-2.21302 1.698
-2.20621 1.7085
-2.19966 1.72
-2.19339 1.7515
-2.18684 1.783
-2.18003 1.75825
-2.17321 1.735
-2.16666 1.74425
-2.16012 1.754
-2.1533 1.768
-2.14703 1.782
-2.14021 1.796
-2.13394 1.81
-2.12739 1.82425
-2.12058 1.84
-2.1143 1.85375
-2.10749 1.868
-2.10094 1.886
-2.09467 1.904
-2.08785 1.92
-2.08131 1.936
-2.07476 1.95275
-2.06822 1.969
-2.06167 1.98725
-2.05512 2.007
-2.04858 2.0275
-2.04204 2.047
-2.03549 2.0655
-2.02867 2.085
-2.0224 2.10625
-2.01586 2.129
-2.00904 2.15125
-2.00277 2.173
-1.99595 2.195
-1.98968 2.218
-1.98313 2.241
-1.97631 2.265
-1.97004 2.30675
-1.96322 2.349
-1.95695 2.38675
-1.95068 2.425
-1.94386 2.4525
-1.93732 2.481
-1.93077 2.511
-1.92423 2.54
-1.91768 2.57225
-1.91114 2.606
-1.90459 2.64075
-1.89805 2.677
-1.8915 2.714
-1.88496 2.75
-1.87841 2.786
-1.87187 2.823
-1.86505 2.86275
-1.85878 2.904
-1.85223 2.88975
-1.84541 2.876
-1.83887 2.869
-1.83205 2.863
-1.82523 2.855
-1.81869 2.847
-1.81187 2.83825
-1.80532 2.829
-1.79851 2.82875
-1.66024 0
-1.65343 0
-1.63925 0
-1.6327 0
-1.62616 0
-1.61934 0
-1.61279 0
-1.60625 0
-1.59943 0
-1.59289 0
-1.58634 0
-1.70988 2.41575
-1.70333 2.416
-1.69679 2.4085
-1.68997 2.402
-1.68342 2.4025
-1.54653 0
-1.67115 2.70825
-1.66461 2.709
-1.65806 2.70375
-1.65124 2.7
-1.6447 2.6965
-1.63816 2.693
-1.63134 2.6915
-1.62479 2.691
-1.61825 2.68725
-1.61143 2.684
-1.60488 2.68075
-1.59834 2.677
-1.59152 2.674
-1.58498 2.671
-1.57816 2.668
-1.57134 2.665
-1.5648 2.66325
-1.55825 2.662
-1.55143 2.65925
-1.54489 2.657
-1.53834 2.653
-1.53153 2.65
-1.52498 2.648
-1.51844 2.645
-1.51162 2.64175
-1.50507 2.64
-1.49826 2.63925
-1.49171 2.64
-1.48517 2.641
-1.47835 2.642
-1.4718 2.642
-1.46526 2.643
-1.45871 2.69575
-1.45217 2.75
-1.44562 2.74925
-1.30736 0
-1.30082 0
-1.29427 0
-1.28745 0
-1.28091 0
-1.27436 0
-1.26755 0
-1.261 0
-1.25446 0
-1.24764 0
-1.24109 0
-1.23455 0
-1.22773 0
-1.22119 0
-1.21464 0
-1.20782 0
-1.20128 0
-1.19473 0
-1.18791 0
-1.18137 0
-1.17482 0
-1.16801 0
-1.16146 0
-1.15492 0
-1.1481 0
-1.14155 0
-1.13501 0
-1.12819 0
-1.12165 0
-1.11483 0
-1.23209 2.694
-1.22555 2.6945
-1.08729 0
-1.08074 0
-1.07392 0
-1.06738 0
-1.06056 0
-1.05374 0
-1.0472 0
-1.04038 0
-1.03383 0
-1.02702 0
-1.02047 0
-1.01365 0
-1.00684 0
-1.00029 0
-0.993474 0
-0.986929 0
-0.980111 0
-0.973294 0
-0.966749 0
-0.959931 0
-0.953386 0
-0.946568 0
-0.940023 0
-1.05647 1.34225
-1.04965 1.343
-1.04311 1.34325
-0.913025 0
-0.906481 0
-0.899663 0
-0.892845 0
-0.8863 0
-0.997019 0.9825
-0.990475 0.982
-0.983657 0.982
-0.859575 0
-0.852757 0
-0.845939 0
-0.839394 0
-0.832577 0
-0.826032 0
-0.819214 0
-0.812396 0
-0.805851 0
-0.799033 0
-0.792488 0
-0.862302 0.34425
-0.855757 0.344
-0.848121 0.33975
-0.840485 0.335
-0.83394 0.335
-0.827395 0.336
-0.821123 0.337
-0.814578 0.339
-0.80776 0.33925
-0.801488 0.341
-0.793852 0.33625
-0.786762 0.333
-0.779671 0.3325
-0.698677 0
-0.69186 0
-0.685042 0
-0.678497 0
-0.671679 0
-0.665134 0
-0.658316 0
-0.651499 0
-0.644954 0
-0.638136 0
-0.631591 0
-0.624773 0
-0.618228 0
-0.715312 0.6055
-0.708494 0.606
-0.701677 0.60125
-0.694587 0.597
-0.687769 0.59175
-0.680678 0.587
-0.673861 0.58675
-0.660498 0.579
-0.65368 0.575
-0.64659 0.57
-0.639772 0.56525
-0.632682 0.562
-0.625864 0.55775
-0.618774 0.555
-0.611956 0.5515
-0.604866 0.548
-0.598048 0.545
-0.590957 0.541
-0.58414 0.53675
-0.57705 0.534
-0.570232 0.53075
-0.563414 0.528
-0.556597 0.5255
-0.549506 0.522
-0.542688 0.5185
-0.535598 0.516
-0.52878 0.51225
-0.52169 0.51
-0.515145 0.50775
-0.508055 0.505
-0.501237 0.5025
-0.494146 0.5
-0.487329 0.4975
-0.480511 0.495
-0.473693 0.49225
-0.466603 0.491
-0.459785 0.48825
-0.452967 0.486
-0.44615 0.484
-0.43906 0.482
-0.432514 0.48
-0.425424 0.478
-0.418606 0.47525
-0.411789 0.474
-0.404971 0.47175
-0.39788 0.47
-0.391063 0.4675
-0.383972 0.464
-0.377427 0.463
-0.37061 0.463
-0.363792 0.46175
-0.356702 0.46
-0.350157 0.45775
-0.343067 0.456
-0.336249 0.454
-0.329431 0.453
-0.322613 0.452
-0.315796 0.45
-0.309523 0.45225
-0.302706 0.454
-0.296161 0.45325
-0.19744 0
-0.190895 0
-0.184078 0
-0.177532 0
-0.170715 0
-0.16417 0
-0.157352 0
-0.150807 0
-0.14399 0
-0.137445 0
-0.130627 0
-0.124082 0
-0.117264 0
-0.199895 0.43
-0.193077 0.43
-0.186532 0.43
-0.0905388 0
-0.0839937 0
-0.0771764 0
-0.0706313 0
-0.0638135 0
-0.0572684 0
-0.0504511 0
-0.159807 0.91575
-0.152989 0.916
-0.146171 0.91575
-0.134445 0.947
-0.127354 0.92675
-0.119992 0.908
-0.113719 0.912
-0.106901 0.916
-0.100084 0.92
-0.0938113 0.924
-0.0872663 0.93175
-0.0807217 0.939
-0.0739039 0.93425
-0.0668133 0.93
-0.0602682 0.93
0.0627228 0
0.0695405 0
0.0760854 0
0.0829031 0
0.0894481 0
0.0962658 0
0.103084 0
0.109628 0
0.116446 0
0.0460876 0.346
0.0526326 0.346
0.059723 0.34575
0.066268 0.345
0.0730857 0.34475
0.0801761 0.344
0.0864483 0.3445
0.0935387 0.344
0.100084 0.344
0.106629 0.345
0.113446 0.34475
0.119719 0.346
0.126536 0.34625
0.133354 0.347
0.139354 0.349
0.146171 0.35
0.152444 0.351
0.158989 0.353
0.165261 0.35525
0.171533 0.357
0.178078 0.35975
0.18435 0.363
0.190895 0.363
0.277616 0
0.284161 0
0.290979 0
0.297797 0
0.304342 0
0.311159 0
0.317977 0
0.324522 0
0.33134 0
0.221439 0.942
0.228256 0.942
0.235619 0.91875
0.24271 0.896
0.2498 0.88925
0.256345 0.884
0.263163 0.888
0.269708 0.892
0.27598 0.905
0.282525 0.917
0.28907 0.92575
0.295342 0.936
0.301887 0.94575
0.30816 0.956
0.314977 0.9555
0.438787 0
0.445332 0
0.452149 0
0.329704 2.1095
0.336249 2.109
0.343066 2.11175
0.349611 2.115
0.356429 2.11625
0.363247 2.118
0.369792 2.122
0.376609 2.126
0.383427 2.126
0.397608 2.128
0.404153 2.1335
0.410698 2.139
0.417243 2.14025
0.423788 2.143
0.430333 2.14475
0.436878 2.147
0.443423 2.154
0.449695 2.16
0.456513 2.1655
0.463058 2.171
0.469603 2.17475
0.476148 2.18
0.482693 2.18575
0.489238 2.193
0.495783 2.197
0.502328 2.202
0.509145 2.207
0.51569 2.211
0.521963 2.21675
0.528508 2.222
0.535052 2.22825
0.541597 2.235
0.548142 2.241
0.554687 2.248
0.561505 2.255
0.56805 2.261
0.574595 2.26775
0.58114 2.274
0.587685 2.28025
0.593957 2.287
0.600502 2.296
0.607047 2.304
0.613865 2.3105
0.62041 2.316
0.626955 2.32375
0.6335 2.333
0.640045 2.34225
0.646317 2.352
0.652862 2.3595
0.659407 2.368
0.666225 2.381
0.67277 2.394
0.679315 2.40275
0.68586 2.412
0.692405 2.42125
0.698677 2.431
0.705222 2.444
0.711767 2.457
0.718312 2.509
0.724857 2.562
0.731402 2.57425
0.737674 2.586
0.744219 2.58625
0.881937 0
0.888482 0
0.895027 0
0.779944 1.2315
0.786489 1.231
0.792761 1.2515
0.799034 1.272
0.805851 1.24625
0.812669 1.22
0.819487 1.21975
0.947659 0
0.954477 0
