0.964294 0
0.976839 0
0.983384 0
0.989929 0
0.996747 0
1.00329 0
1.01011 0
1.01665 0
1.02347 0
1.03002 0
1.03656 0
1.04338 0
1.04992 0
1.05674 0
1.06329 0
1.0701 0
1.07665 0
1.08319 0
1.09001 0
1.09656 0
1.10338 0
1.10992 0
1.11674 0
1.12328 0
1.12983 0
1.13665 0
1.14319 0
1.15001 0
1.15655 0
1.16337 0
1.16992 0
1.17646 0
1.18328 0
1.18982 0
1.19664 0
1.20319 0
1.21 0
1.21655 0
1.22309 0
1.22991 0
1.23646 0
1.24327 0
1.24982 0
1.25664 0
1.26318 0
1.26973 0
1.27654 0
1.28309 0
1.28991 0
1.29645 0
1.30327 0
1.30982 0
1.31636 0
1.32318 0
1.32972 0
1.33654 0
1.34309 0
1.3499 0
1.35645 0
1.36299 0
1.36981 0
1.37636 0
1.38317 0
1.38972 0
1.39654 0
1.40308 0
1.40963 0
1.41644 0
1.42299 0
1.42981 0
1.43635 0
1.44317 0
1.44971 0
1.45626 0
1.46308 0
1.46962 0
1.47644 0
1.48298 0
1.4898 0
1.49635 0
1.50316 0
1.51571 0
1.5078 0.1735
1.51462 0.173
1.52225 0.17175
1.53016 0.17
1.53834 0.16825
1.54653 0.166
1.55416 0.165
1.56234 0.163
1.56971 0.162
1.57734 0.161
1.5847 0.16025
1.59261 0.159
1.5997 0.15825
1.60761 0.157
1.61416 0.157
1.62152 0.156
1.62834 0.156
1.63543 0.155
1.64361 0.15375
1.64988 0.154
1.65724 0.15325
1.66324 0.154
1.67033 0.1535
1.67743 0.153
1.6837 0.1535
1.69079 0.153
1.69761 0.15275
1.70524 0.152
1.71233 0.15125
1.71833 0.152
1.72515 0.152
1.73169 0.152
1.73742 0.153
1.74397 0.153
1.75106 0.15275
1.75733 0.153
1.76469 0.15225
1.77069 0.153
1.77642 0.154
1.78324 0.154
1.78978 0.154
1.7966 0.154
1.80233 0.15475
1.8086 0.155
1.81542 0.15525
1.82141 0.156
1.82741 0.157
1.83396 0.157
1.83996 0.158
1.8465 0.158
1.85278 0.15825
1.85905 0.159
1.86478 0.15975
1.87132 0.16
1.87759 0.1605
1.88305 0.162
1.88877 0.163
1.8945 0.164
1.90105 0.16425
1.90623 0.166
1.91304 0.16625
1.91823 0.168
1.92368 0.1695
1.92913 0.171
1.93432 0.173
1.94032 0.174
1.94577 0.17575
1.95095 0.178
1.95559 0.18075
1.95968 0.185
1.96595 0.1855
1.99513 0
2.00195 0
2.00849 0
2.01531 0
2.02185 0
2.02867 0
2.03522 0
2.04204 0
2.05458 0
2.06112 0
2.06767 0
2.07449 0
2.08103 0
2.08785 0
2.0944 0
2.10121 0
2.10776 0
2.1143 0
2.12112 0
2.12767 0
2.13448 0
2.14103 0
2.14785 0
2.15439 0
2.16094 0
2.04613 1.2195
2.05267 1.219
2.05949 1.21875
2.18766 0
2.11976 0.33325
2.1263 0.333
2.13339 0.3305
2.14076 0.328
2.1473 0.3275
2.15439 0.326
2.16121 0.32475
2.16803 0.325
2.17457 0.32475
2.18112 0.325
2.18793 0.325
2.19421 0.326
2.2013 0.3255
2.20784 0.325
2.21493 0.32425
2.2212 0.325
2.22802 0.32425
2.23457 0.325
2.24138 0.3245
2.24793 0.325
2.25447 0.3255
2.26102 0.326
2.26784 0.32575
2.27411 0.327
2.28093 0.32675
2.2872 0.328
2.29402 0.3285
2.30002 0.33
2.30683 0.33
2.31338 0.331
2.31965 0.33225
2.3262 0.334
2.33247 0.33475
2.33901 0.336
2.34529 0.337
2.3521 0.338
2.35838 0.3395
2.36465 0.34
2.37174 0.33975
2.37801 0.341
2.38456 0.34175
2.39083 0.344
2.39737 0.345
2.40365 0.346
2.41019 0.347
2.41674 0.348
2.42301 0.34925
2.42983 0.35
2.4361 0.35075
2.44264 0.352
2.44919 0.353
2.45546 0.355
2.46201 0.3565
2.46828 0.358
2.47482 0.35875
2.48109 0.361
2.48791 0.36075
2.49418 0.362
2.50128 0.36125
2.51491 0.364
2.52146 0.36475
2.52745 0.367
2.534 0.368
2.54054 0.369
2.54682 0.3715
2.55282 0.374
2.55936 0.37525
2.56591 0.376
2.57218 0.37775
2.57872 0.38
2.585 0.382
2.59127 0.384
2.59754 0.3865
2.60381 0.389
2.61009 0.39075
2.61636 0.394
2.62263 0.39725
2.62863 0.401
2.6349 0.4045
2.6409 0.408
2.64717 0.411
2.65317 0.415
2.65972 0.41825
2.66572 0.423
2.67172 0.42775
2.67799 0.432
2.68399 0.436
2.68999 0.44
2.69653 0.443
2.70281 0.447
2.70881 0.45025
2.71535 0.454
2.72135 0.45925
2.72735 0.464
2.73389 0.468
2.73989 0.473
2.74644 0.473
2.84707 0
2.75435 0.53725
2.76089 0.538
2.76607 0.55375
2.7718 0.57
2.77835 0.57
2.88661 0
2.89343 0
2.89997 0
2.90652 0
2.91334 0
2.91988 0
2.92643 0
2.83616 0.5075
2.84298 0.507
2.84952 0.50625
2.95315 0
2.9597 0
2.96624 0
2.8907 0.37775
2.89725 0.378
2.90379 0.377
2.91088 0.375
2.9177 0.3735
2.92452 0.372
2.93133 0.37075
2.93843 0.369
2.94524 0.36725
2.95179 0.367
2.95861 0.3675
2.96515 0.368
2.97197 0.3655
2.97933 0.362
2.98642 0.35975
2.99297 0.359
3.00006 0.35825
3.0066 0.357
3.01342 0.3555
3.02051 0.355
3.02706 0.355
3.0336 0.354
3.04042 0.3545
3.0546 0.352
3.06114 0.35225
3.06769 0.352
3.07505 0.349
3.08214 0.347
3.08869 0.3465
3.09578 0.345
3.1026 0.34425
3.10941 0.344
3.11623 0.34275
3.1225 0.343
3.12959 0.342
3.13614 0.342
-3.13996 0.341
-3.13341 0.34
-3.12632 0.33825
-3.1195 0.337
-3.11269 0.33625
-3.10614 0.337
-3.09932 0.336
-3.09251 0.335
-3.08569 0.335
-3.07914 0.335
-3.07205 0.33375
-3.06551 0.334
-3.05869 0.33275
-3.05214 0.333
-3.04533 0.3325
-3.03905 0.333
-3.03196 0.332
-3.02542 0.332
-3.01833 0.33025
-3.01178 0.33
-3.00497 0.32975
-2.99842 0.33
-2.99188 0.33
-2.98479 0.329
-2.97797 0.328
-2.97142 0.328
-2.96461 0.32825
-2.95833 0.329
-2.95152 0.32875
-2.94497 0.329
-2.93843 0.3295
-2.93161 0.329
-2.92534 0.33
-2.91852 0.33
-2.9117 0.32875
-2.90515 0.329
-2.89806 0.32825
-2.89179 0.329
-2.8847 0.3285
-2.87816 0.328
-2.87161 0.3275
-2.86452 0.327
-2.85798 0.32625
-2.85143 0.327
-2.84489 0.32825
-2.83861 0.329
-2.8318 0.329
-2.82525 0.329
-2.81898 0.33
-2.81216 0.33
-2.80562 0.33075
-2.7988 0.331
-2.79253 0.33275
-2.78653 0.335
-2.77944 0.333
-2.77262 0.332
-2.7658 0.332
-2.75926 0.332
-2.75271 0.33225
-2.74617 0.333
-2.73962 0.33325
-2.7328 0.334
-2.72653 0.335
-2.71999 0.335
-2.71344 0.336
-2.7069 0.336
-2.70008 0.3365
-2.68644 0.338
-2.68017 0.33875
-2.67335 0.339
-2.66708 0.34
-2.66026 0.34
-2.65372 0.341
-2.64717 0.342
-2.64036 0.34275
-2.63408 0.343
-2.62699 0.34275
-2.62072 0.344
-2.6139 0.344
-2.60736 0.345
-2.60109 0.346
-2.59427 0.347
-2.58772 0.34675
-2.58118 0.348
-2.57436 0.34875
-2.56836 0.351
-2.56209 0.3535
-2.55554 0.355
-2.54873 0.355
-2.46337 0
-2.45682 0
-2.45001 0
-2.44346 0
-2.43664 0
-2.42983 0
-2.42328 0
-2.41646 0
-2.40992 0
-2.4031 0
-2.39628 0
-2.38974 0
-2.38292 0
-2.50018 1.37825
-2.49337 1.378
-2.48655 1.38225
-2.48 1.388
-2.47346 1.395
-2.46691 1.401
-2.4601 1.406
-2.45355 1.41
-2.44673 1.41525
-2.44019 1.422
-2.43364 1.42825
-2.42683 1.434
-2.42028 1.439
-2.41374 1.445
-2.40692 1.451
-2.40037 1.458
-2.39356 1.46575
-2.38728 1.475
-2.38047 1.48175
-2.37365 1.488
-2.3671 1.495
-2.36056 1.501
-2.35401 1.5085
-2.3472 1.517
-2.34038 1.52325
-2.33411 1.531
-2.32729 1.53875
-2.32074 1.546
-2.31392 1.5565
-2.30738 1.566
-2.30083 1.5745
-2.29402 1.582
-2.28774 1.59075
-2.28093 1.6
-2.27411 1.60875
-2.26756 1.618
-2.26102 1.6285
-2.25447 1.639
-2.24766 1.649
-2.24111 1.659
-2.23457 1.66875
-2.22775 1.68
-2.2212 1.69025
-2.21466 1.702
-2.20784 1.70125
-2.19502 1.723
-2.18875 1.73575
-2.18221 1.749
-2.17566 1.743
-2.16884 1.738
-2.1623 1.748
-2.15575 1.758
-2.14921 1.77325
-2.14266 1.788
-2.13612 1.80175
-2.12985 1.815
-2.12303 1.8285
-2.11648 1.843
-2.11021 1.8585
-2.10339 1.875
-2.09685 1.89025
-2.09058 1.906
-2.08403 1.92325
-2.07721 1.941
-2.07094 1.957
-2.0644 1.973
-2.05758 1.992
-2.05131 2.012
-2.04476 2.03125
-2.03849 2.051
-2.03167 2.07025
-2.02513 2.09
-2.01885 2.11
-2.01204 2.131
-2.00549 2.154
-1.99922 2.176
-1.9924 2.19925
-1.98613 2.224
-1.97959 2.22425
-1.84323 0
-1.83641 0
-1.82987 0
-1.95395 2.4305
-1.94713 2.43
-1.94059 2.4585
-1.93404 2.486
-1.92777 2.51625
-1.92095 2.547
-1.91441 2.58025
-1.90814 2.613
-1.90132 2.6495
-1.89505 2.685
-1.8885 2.7195
-1.88196 2.755
-1.87541 2.79025
-1.86887 2.827
-1.86259 2.86725
-1.85578 2.908
-1.84923 2.8965
-1.84269 2.884
-1.83587 2.8715
-1.82905 2.86
-1.82251 2.85225
-1.81596 2.846
-1.80914 2.77775
-1.80233 2.709
-1.79578 2.7085
-1.65752 0
-1.65097 0
-1.64443 0
-1.63788 0
-1.63106 0
-1.62452 0
-1.61797 0
-1.61116 0
-1.60461 0
-1.59807 0
-1.59152 0
-1.5847 0
-1.57816 0
-1.70197 2.398
-1.69515 2.398
-1.68861 2.39725
-1.55171 0
-1.54489 0
-1.66352 2.709
-1.65697 2.70575
-1.65043 2.703
-1.64361 2.698
-1.63706 2.694
-1.63025 2.691
-1.6237 2.688
-1.61688 2.68625
-1.61034 2.684
-1.60379 2.68075
-1.59698 2.677
-1.59043 2.6745
-1.58361 2.672
-1.57707 2.669
-1.56998 2.666
-1.56343 2.66375
-1.55662 2.661
-1.55007 2.65825
-1.54353 2.656
-1.53671 2.6545
-1.53016 2.652
-1.52335 2.6495
-1.5168 2.646
-1.50998 2.64325
-1.50344 2.64
-1.49662 2.63875
-1.49007 2.638
-1.48353 2.6365
-1.47671 2.636
-1.47017 2.642
-1.46335 2.647
-1.4568 2.64625
-1.31881 0
-1.31227 0
-1.30545 0
-1.29891 0
-1.29236 0
-1.28554 0
-1.279 0
-1.27218 0
-1.26564 0
-1.25882 0
-1.25227 0
-1.24546 0
-1.23891 0
-1.23237 0
-1.22555 0
-1.219 0
-1.21219 0
-1.20564 0
-1.19882 0
-1.19228 0
-1.18546 0
-1.17892 0
-1.17237 0
-1.16555 0
-1.15901 0
-1.15219 0
-1.14565 0
-1.13883 0
-1.13228 0
-1.12546 0
-1.11892 0
-1.24382 2.69225
-1.237 2.693
-1.23046 2.693
-1.09219 0
-1.08565 0
-1.07883 0
-1.07229 0
-1.06547 0
-1.05892 0
-1.05238 0
-1.04556 0
-1.03902 0
-1.0322 0
-1.02565 0
-1.01884 0
-1.01229 0
-1.00547 0
-0.991292 0
-0.984748 0
-0.97793 0
-0.971385 0
-0.964567 0
-0.958022 0
-0.951205 0
-1.06792 1.3275
-1.06111 1.328
-1.05456 1.33425
-1.04774 1.341
-1.0412 1.34125
-0.911116 0
-0.904571 0
-0.897754 0
-0.891209 0
-0.884391 0
-0.99511 0.9805
-0.988565 0.981
-0.981748 0.9815
-0.857666 0
-0.850848 0
-0.844303 0
-0.837485 0
-0.830941 0
-0.824123 0
-0.817578 0
-0.81076 0
-0.804215 0
-0.797397 0
-0.790852 0
-0.860938 0.34525
-0.854393 0.346
-0.847303 0.34375
-0.83994 0.341
-0.833122 0.339
-0.825759 0.336
-0.819214 0.3365
-0.812669 0.338
-0.806397 0.33875
-0.799852 0.341
-0.793307 0.34025
-0.710404 0
-0.703859 0
-0.697041 0
-0.690496 0
-0.683678 0
-0.677133 0
-0.670316 0
-0.663498 0
-0.656953 0
-0.650135 0
-0.64359 0
-0.636772 0
-0.630227 0
-0.62341 0
-0.616865 0
-0.713949 0.606
-0.707404 0.606
-0.700313 0.6025
-0.693496 0.598
-0.686405 0.59275
-0.679588 0.587
-0.672497 0.58325
-0.665407 0.579
-0.658589 0.5755
-0.651499 0.571
-0.644681 0.5665
-0.637591 0.563
-0.630773 0.55825
-0.623682 0.555
-0.616865 0.55175
-0.609774 0.548
-0.602957 0.5445
-0.595867 0.541
-0.589049 0.5375
-0.582231 0.535
-0.575413 0.53175
-0.568323 0.528
-0.561505 0.52825
-0.546779 0.523
-0.539961 0.5195
-0.533143 0.517
-0.526599 0.51375
-0.519508 0.511
-0.51269 0.50725
-0.505873 0.505
-0.498782 0.5035
-0.492237 0.501
-0.48542 0.499
-0.478329 0.496
-0.471512 0.49375
-0.464694 0.491
-0.457603 0.48825
-0.451059 0.486
-0.444241 0.4835
-0.43715 0.482
-0.430605 0.48
-0.423788 0.478
-0.416697 0.47625
-0.410152 0.474
-0.403335 0.47275
-0.396517 0.471
-0.389699 0.4685
-0.382609 0.465
-0.375791 0.4645
-0.369246 0.463
-0.362428 0.46175
-0.355338 0.46
-0.348793 0.45775
-0.341976 0.457
-0.335158 0.4555
-0.32834 0.454
-0.321795 0.454
-0.314977 0.453
-0.308432 0.45325
-0.301887 0.453
-0.29507 0.45225
-0.196622 0
-0.190077 0
-0.18326 0
-0.176715 0
-0.17017 0
-0.163352 0
-0.156807 0
-0.150262 0
-0.143444 0
-0.136899 0
-0.130354 0
-0.123536 0
-0.116992 0
-0.199622 0.4295
-0.192804 0.43
-0.18626 0.43
-0.0905388 0
-0.0837215 0
-0.0771764 0
-0.0706313 0
-0.0638135 0
-0.0572684 0
-0.0507239 0
-0.043906 0
-0.037361 0
-0.148626 0.99725
-0.141808 0.997
-0.134991 0.97975
-0.1279 0.964
-0.121082 0.9615
-0.114537 0.959
-0.107992 0.9605
-0.101175 0.963
-0.0946296 0.95825
-0.0878118 0.954
-0.0812667 0.95425
0.0422697 0
0.0488147 0
0.0556324 0
0.0621774 0
0.0687223 0
0.07554 0
0.0897208 0
0.0962658 0
0.102811 0
0.109356 0
0.116173 0
0.0455422 0.347
0.0520872 0.347
0.0589049 0.34575
0.0657226 0.345
0.0725402 0.34425
0.0790852 0.344
0.0859029 0.344
0.0924479 0.344
0.0989929 0.344
0.105265 0.345
0.112083 0.34525
0.118355 0.346
0.1249 0.34625
0.131718 0.347
0.13799 0.3485
0.144262 0.349
0.150535 0.351
0.15708 0.352
0.163352 0.35425
0.169624 0.356
0.175896 0.35825
0.182169 0.361
0.187896 0.366
0.193622 0.37
0.20044 0.3705
0.288252 0
0.164988 2.25975
0.171533 2.26
0.178351 2.26025
0.314705 0
0.32125 0
0.328067 0
0.334612 0
0.341157 0
0.347702 0
0.35452 0
0.361065 0
0.36761 0
0.245164 2.0835
0.251982 2.083
0.258527 2.0835
0.265072 2.085
0.27189 2.08625
0.278435 2.087
0.28498 2.08875
0.291525 2.091
0.298342 2.093
0.304887 2.094
0.311432 2.096
0.317977 2.099
0.324522 2.10075
0.331067 2.104
0.337612 2.10725
0.34443 2.111
0.350975 2.1155
0.35752 2.119
0.364065 2.1205
0.370882 2.122
0.377427 2.12475
0.383972 2.129
0.39079 2.13225
0.397335 2.137
0.40388 2.1415
0.410425 2.147
0.417243 2.1495
0.423788 2.153
0.430333 2.15375
0.43715 2.155
0.443423 2.16075
0.449968 2.166
0.456513 2.1715
0.46333 2.177
0.469875 2.184
0.47642 2.19
0.483238 2.1905
0.497146 2.2
0.503691 2.204
0.510509 2.209
0.517054 2.21525
0.523599 2.221
0.530144 2.22675
0.536961 2.232
0.543506 2.238
0.550324 2.244
0.556869 2.25
0.563687 2.257
0.570232 2.26625
0.577049 2.275
0.583322 2.28225
0.590139 2.289
0.596684 2.295
0.603502 2.302
0.61032 2.308
0.616865 2.313
0.623682 2.32125
0.630228 2.33
0.637045 2.33875
0.64359 2.348
0.650135 2.3545
0.65668 2.362
0.663498 2.375
0.670043 2.389
0.676861 2.39575
0.683405 2.404
0.690223 2.41325
0.696495 2.423
0.703313 2.4335
0.709858 2.443
0.716676 2.4785
0.723221 2.513
0.729766 2.54825
0.736311 2.583
0.742856 2.58225
0.880846 0
0.887391 0
0.894209 0
0.778853 1.235
0.785671 1.235
0.791943 1.246
0.798761 1.258
0.805579 1.23675
0.812669 1.216
0.819214 1.21525
0.947659 0
0.954477 0
