0.970021 0
0.983929 0
0.990474 0
0.997292 0
1.00411 0
1.01065 0
1.01747 0
1.02429 0
1.03084 0
1.03765 0
1.04447 0
1.05102 0
1.05783 0
1.06465 0
1.07147 0
1.07801 0
1.08483 0
1.09165 0
1.09819 0
1.10501 0
1.11183 0
1.11837 0
1.12519 0
1.13201 0
1.13883 0
1.14537 0
1.15219 0
1.15901 0
1.16555 0
1.17237 0
1.17919 0
1.18573 0
1.19255 0
1.19937 0
1.20591 0
1.21273 0
1.21955 0
1.22637 0
1.23291 0
1.23973 0
1.24655 0
1.25309 0
1.25991 0
1.26673 0
1.27327 0
1.28009 0
1.28691 0
1.29373 0
1.30027 0
1.30709 0
1.31391 0
1.32045 0
1.32727 0
1.33409 0
1.34063 0
1.34745 0
1.35427 0
1.36081 0
1.36763 0
1.37445 0
1.38126 0
1.38781 0
1.39463 0
1.40144 0
1.40799 0
1.41481 0
1.42163 0
1.42817 0
1.43499 0
1.44181 0
1.44862 0
1.45517 0
1.46199 0
1.4688 0
1.47535 0
1.48217 0
1.48898 0
1.49553 0
1.50235 0
1.50916 0
1.51598 0
1.53016 0
1.52416 0.17075
1.53044 0.171
1.53889 0.1685
1.54653 0.167
1.55389 0.166
1.56207 0.164
1.57025 0.16225
1.57707 0.162
1.5847 0.16075
1.59179 0.16
1.5997 0.1585
1.60679 0.158
1.61361 0.158
1.62097 0.157
1.62806 0.15625
1.63488 0.156
1.6417 0.15575
1.64852 0.155
1.65534 0.155
1.66297 0.154
1.67033 0.153
1.67688 0.153
1.6837 0.15275
1.68997 0.153
1.69706 0.15275
1.70333 0.153
1.71097 0.152
1.71751 0.152
1.72433 0.1515
1.7306 0.152
1.73715 0.15225
1.74397 0.152
1.74969 0.15275
1.75596 0.153
1.76224 0.1535
1.76905 0.153
1.7756 0.1535
1.7816 0.154
1.78787 0.15425
1.79469 0.154
1.80042 0.15475
1.80669 0.155
1.81351 0.155
1.82005 0.155
1.8266 0.155
1.8326 0.156
1.83941 0.15575
1.84487 0.157
1.85114 0.15775
1.85659 0.159
1.86314 0.159
1.86859 0.16
1.87432 0.161
1.88086 0.161
1.88714 0.16175
1.89259 0.163
1.89886 0.16325
1.90405 0.165
1.9095 0.1665
1.9155 0.167
1.92095 0.169
1.92668 0.17
1.93268 0.17075
1.93759 0.173
1.94277 0.17475
1.94768 0.177
1.95259 0.18
1.95722 0.183
1.96322 0.1835
1.99131 0
1.99786 0
2.0044 0
2.01122 0
2.01776 0
2.02431 0
2.03085 0
2.0374 0
2.04394 0
2.05076 0
2.06494 0
2.07149 0
2.07803 0
2.08485 0
2.0914 0
2.09821 0
2.10476 0
2.11158 0
2.11812 0
2.12494 0
2.13148 0
2.06222 0.34125
2.06849 0.342
2.07558 0.3405
2.08267 0.338
2.08949 0.337
2.09658 0.335
2.10339 0.33375
2.11021 0.333
2.11703 0.33225
2.12385 0.332
2.13067 0.331
2.13748 0.331
2.14403 0.3305
2.15085 0.331
2.15739 0.33125
2.16394 0.332
2.17048 0.33175
2.17703 0.333
2.18357 0.333
2.19066 0.332
2.19721 0.3325
2.20348 0.333
2.21057 0.33225
2.21684 0.333
2.22393 0.33275
2.2302 0.334
2.23675 0.3345
2.24329 0.335
2.25011 0.335
2.25638 0.336
2.2632 0.33675
2.2692 0.339
2.27602 0.33925
2.28229 0.34
2.28884 0.3415
2.29511 0.343
2.30165 0.3445
2.3082 0.345
2.31447 0.34625
2.32102 0.348
2.32756 0.34825
2.33411 0.35
2.34038 0.351
2.34692 0.352
2.35347 0.353
2.36001 0.354
2.36656 0.35425
2.3731 0.356
2.37937 0.35775
2.38592 0.359
2.39219 0.36
2.39901 0.361
2.40528 0.362
2.41155 0.364
2.4181 0.36525
2.42464 0.366
2.43119 0.36725
2.43746 0.369
2.44401 0.3705
2.45028 0.372
2.4571 0.3725
2.46364 0.373
2.47019 0.37375
2.47646 0.376
2.483 0.37725
2.48955 0.378
2.49609 0.379
2.50237 0.381
2.50946 0.3805
2.52173 0.384
2.528 0.38525
2.53427 0.387
2.54082 0.389
2.54709 0.391
2.55363 0.3935
2.55991 0.395
2.56645 0.39725
2.57245 0.401
2.57872 0.40275
2.585 0.406
2.59127 0.409
2.59754 0.413
2.60381 0.4165
2.61009 0.419
2.61608 0.42325
2.62263 0.427
2.62863 0.43075
2.63463 0.435
2.64117 0.439
2.64717 0.444
2.65372 0.447
2.65972 0.451
2.66599 0.45475
2.67226 0.46
2.67853 0.46375
2.68481 0.468
2.69081 0.4715
2.69735 0.474
2.70362 0.4795
2.7099 0.484
2.71535 0.49475
2.72135 0.505
2.7268 0.51925
2.73253 0.533
2.73799 0.548
2.74344 0.564
2.75026 0.564
2.85798 0
2.86479 0
2.87134 0
2.87816 0
2.8847 0
2.79198 0.54025
2.79853 0.541
2.80616 0.52525
2.81434 0.51
2.82089 0.509
2.82771 0.508
2.83452 0.507
2.84134 0.505
2.84789 0.50425
2.85498 0.503
2.86152 0.50225
2.86807 0.501
2.87488 0.5015
2.88143 0.501
2.88825 0.5025
2.89452 0.504
2.90134 0.50425
2.90788 0.506
2.91443 0.50875
2.9207 0.513
2.92697 0.5165
2.93324 0.521
2.94061 0.5125
2.94797 0.505
2.95452 0.50425
3.05814 0
2.97824 0.40625
2.98506 0.406
2.99215 0.4035
2.99897 0.401
3.00606 0.398
3.01315 0.395
3.02024 0.39275
3.02706 0.39
3.03442 0.38725
3.04124 0.385
3.04805 0.38475
3.06114 0.381
3.06823 0.37825
3.07505 0.376
3.08214 0.374
3.08896 0.372
3.09632 0.3695
3.10314 0.368
3.11023 0.36625
3.11678 0.366
3.12387 0.36425
3.13041 0.364
3.13777 0.3605
-3.13832 0.358
-3.13123 0.3565
-3.12441 0.354
-3.11705 0.35125
-3.11023 0.349
-3.10341 0.34775
-3.09632 0.347
-3.08951 0.3455
-3.08269 0.345
-3.07587 0.344
-3.06905 0.343
-3.06196 0.34125
-3.05514 0.341
-3.04805 0.33725
-3.04042 0.334
-3.03387 0.3335
-3.02678 0.332
-3.02024 0.3315
-3.01315 0.331
-3.0066 0.33125
-3.00006 0.331
-2.99297 0.32925
-2.98615 0.328
-2.97906 0.326
-2.97224 0.325
-2.96515 0.3235
-2.95833 0.323
-2.95124 0.32125
-2.94442 0.32
-2.93733 0.31925
-2.93079 0.319
-2.9237 0.3175
-2.91715 0.317
-2.91006 0.3165
-2.90352 0.316
-2.8967 0.31625
-2.89043 0.318
-2.88334 0.31525
-2.87598 0.312
-2.86943 0.312
-2.86234 0.311
-2.85552 0.31
-2.84843 0.309
-2.84107 0.30575
-2.83398 0.304
-2.82743 0.30425
-2.82089 0.305
-2.81407 0.3045
-2.80753 0.305
-2.80071 0.3045
-2.79389 0.304
-2.78707 0.30275
-2.78053 0.303
-2.77398 0.30375
-2.76744 0.304
-2.76007 0.302
-2.75326 0.301
-2.74644 0.3005
-2.73962 0.3
-2.7328 0.29975
-2.72626 0.299
-2.71917 0.29875
-2.71262 0.298
-2.70526 0.296
-2.69844 0.295
-2.69135 0.2945
-2.68508 0.295
-2.67799 0.2945
-2.66435 0.295
-2.65754 0.29425
-2.65126 0.295
-2.64417 0.294
-2.63763 0.294
-2.63081 0.294
-2.62427 0.294
-2.61718 0.29325
-2.6109 0.294
-2.60409 0.29275
-2.59727 0.293
-2.591 0.2935
-2.58391 0.293
-2.57736 0.293
-2.57054 0.293
-2.56372 0.29225
-2.55718 0.293
-2.55036 0.29175
-2.54382 0.292
-2.537 0.292
-2.53045 0.292
-2.52364 0.2915
-2.51709 0.292
-2.51055 0.29275
-2.504 0.293
-2.49718 0.29275
-2.49091 0.294
-2.48437 0.2945
-2.41155 0
-2.40501 0
-2.39819 0
-2.39165 0
-2.38483 0
-2.37828 0
-2.37147 0
-2.36492 0
-2.35838 0
-2.35156 0
-2.34501 0
-2.3382 0
-2.33165 0
-2.32483 0
-2.31829 0
-2.43637 1.4825
-2.42983 1.483
-2.42301 1.46375
-2.41619 1.445
-2.40965 1.45225
-2.40283 1.459
-2.39628 1.466
-2.38974 1.474
-2.38319 1.48
-2.37637 1.485
-2.36983 1.49225
-2.36356 1.5
-2.35674 1.50775
-2.35019 1.516
-2.34338 1.523
-2.3371 1.531
-2.33029 1.539
-2.32374 1.546
-2.31692 1.55425
-2.31065 1.562
-2.30411 1.57075
-2.29729 1.58
-2.29074 1.589
-2.2842 1.598
-2.27765 1.6065
-2.27084 1.616
-2.26456 1.62675
-2.25775 1.637
-2.2512 1.64625
-2.24493 1.657
-2.23811 1.668
-2.23157 1.679
-2.22475 1.6895
-2.21848 1.699
-2.21166 1.71675
-2.20539 1.735
-2.19857 1.73475
-2.18493 1.772
-2.17812 1.75375
-2.17157 1.737
-2.16475 1.746
-2.15821 1.755
-2.15194 1.769
-2.14512 1.783
-2.13857 1.79675
-2.1323 1.811
-2.12548 1.82625
-2.11894 1.842
-2.11239 1.8555
-2.10585 1.869
-2.0993 1.887
-2.09276 1.906
-2.08621 1.92175
-2.07967 1.937
-2.07312 1.95425
-2.06658 1.973
-2.06003 1.99
-2.05349 2.008
-2.04694 2.0275
-2.0404 2.047
-2.03385 2.06625
-2.02731 2.087
-2.02076 2.10775
-2.01422 2.129
-2.00767 2.151
-2.00113 2.174
-1.99458 2.1965
-1.98804 2.22
-1.98149 2.24325
-1.97495 2.268
-1.9684 2.31075
-1.96213 2.353
-1.95559 2.39
-1.94904 2.426
-1.9425 2.4555
-1.93595 2.484
-1.92941 2.51175
-1.92286 2.541
-1.91604 2.57325
-1.90977 2.607
-1.90323 2.6425
-1.89668 2.678
-1.89014 2.7135
-1.88359 2.749
-1.87705 2.78575
-1.8705 2.822
-1.86396 2.86275
-1.85741 2.903
-1.85087 2.889
-1.84405 2.875
-1.8375 2.868
-1.83069 2.861
-1.82387 2.85275
-1.81732 2.846
-1.81078 2.84525
-1.67224 0
-1.6657 0
-1.65888 0
-1.65234 0
-1.64579 0
-1.63897 0
-1.63243 0
-1.62588 0
-1.61907 0
-1.61252 0
-1.60598 0
-1.59916 0
-1.59261 0
-1.71615 2.412
-1.7096 2.412
-1.70306 2.4075
-1.69624 2.402
-1.6897 2.40225
-1.5528 0
-1.54598 0
-1.53943 0
-1.53262 0
-1.64988 2.695
-1.64334 2.6945
-1.63679 2.694
-1.62997 2.69075
-1.62343 2.689
-1.61661 2.68275
-1.61007 2.678
-1.60352 2.6785
-1.5967 2.679
-1.59016 2.675
-1.58334 2.671
-1.5768 2.66875
-1.56998 2.668
-1.56316 2.66375
-1.55662 2.661
-1.5498 2.658
-1.54325 2.655
-1.53671 2.653
-1.52989 2.65
-1.52335 2.64825
-1.51653 2.646
-1.50998 2.64275
-1.50344 2.641
-1.49662 2.639
-1.49007 2.636
-1.48326 2.637
-1.47671 2.637
-1.47017 2.63675
-1.46335 2.638
-1.4568 2.64575
-1.44999 2.655
-1.44344 2.6555
-1.30572 0
-1.29891 0
-1.29236 0
-1.28554 0
-1.279 0
-1.27245 0
-1.26564 0
-1.25909 0
-1.25227 0
-1.24573 0
-1.23891 0
-1.23237 0
-1.22582 0
-1.219 0
-1.21246 0
-1.20564 0
-1.1991 0
-1.19255 0
-1.18573 0
-1.17919 0
-1.17237 0
-1.16583 0
-1.15928 0
-1.15246 0
-1.14592 0
-1.1391 0
-1.13255 0
-1.12601 0
-1.11919 0
-1.24409 2.691
-1.23728 2.691
-1.23073 2.69075
-1.09274 0
-1.08592 0
-1.07938 0
-1.07256 0
-1.06601 0
-1.05947 0
-1.05265 0
-1.04611 0
-1.03929 0
-1.03274 0
-1.0262 0
-1.01938 0
-1.01284 0
-1.00602 0
-0.999474 0
-0.992656 0
-0.978748 0
-0.972203 0
-0.965385 0
-0.95884 0
-0.952022 0
-1.0682 1.32225
-1.06192 1.323
-1.05511 1.323
-0.925297 0
-0.91848 0
-0.911662 0
-1.0262 1.183
-1.01938 1.183
-1.01256 1.18225
-0.884937 0
-0.878119 0
-0.871574 0
-0.864756 0
-0.857939 0
-0.851394 0
-0.844576 0
-0.837758 0
-0.831213 0
-0.824395 0
-0.81785 0
-0.811033 0
-0.804215 0
-0.79767 0
-0.790852 0
-0.862029 0.34975
-0.855212 0.35
-0.84703 0.342
-0.838849 0.334
-0.832031 0.3335
-0.750491 0
-0.818396 0.33275
-0.811851 0.333
-0.805033 0.33275
-0.723766 0
-0.716948 0
-0.710404 0
-0.703586 0
-0.696768 0
-0.690223 0
-0.683406 0
-0.676861 0
-0.670043 0
-0.663225 0
-0.65668 0
-0.649863 0
-0.643045 0
-0.6365 0
-0.629682 0
-0.623137 0
-0.616319 0
-0.713404 0.6075
-0.706858 0.607
-0.699768 0.602
-0.69295 0.597
-0.68586 0.59125
-0.678769 0.587
-0.671952 0.58325
-0.664862 0.58
-0.657771 0.575
-0.650953 0.571
-0.643863 0.5675
-0.637045 0.563
-0.629955 0.55975
-0.622865 0.556
-0.616047 0.55275
-0.608956 0.549
-0.602139 0.546
-0.595321 0.542
-0.58823 0.5385
-0.581413 0.535
-0.574323 0.53125
-0.567232 0.529
-0.560414 0.52525
-0.553324 0.523
-0.546506 0.52225
-0.533143 0.517
-0.526871 0.515
-0.520054 0.512
-0.513236 0.50925
-0.506418 0.506
-0.499601 0.50375
-0.493056 0.501
-0.486238 0.498
-0.47942 0.496
-0.472603 0.494
-0.465785 0.491
-0.45924 0.48875
-0.452422 0.487
-0.445604 0.48375
-0.438787 0.482
-0.432242 0.4805
-0.425424 0.478
-0.418606 0.4765
-0.412062 0.474
-0.405244 0.47275
-0.398699 0.471
-0.391881 0.46775
-0.385063 0.465
-0.378518 0.4645
-0.371973 0.464
-0.365156 0.4615
-0.358338 0.46
-0.351793 0.45775
-0.344975 0.457
-0.33843 0.45525
-0.331612 0.454
-0.324795 0.4515
-0.31825 0.45
-0.311705 0.4505
-0.30516 0.452
-0.298888 0.45225
-0.20044 0
-0.193895 0
-0.18735 0
-0.180805 0
-0.17426 0
-0.167715 0
-0.153534 0
-0.14699 0
-0.140445 0
-0.1339 0
-0.127082 0
-0.120537 0
-0.113992 0
-0.196349 0.42925
-0.189804 0.43
-0.18326 0.4295
-0.0872663 0
-0.0807217 0
-0.0741766 0
-0.0673588 0
-0.0608137 0
-0.0542687 0
-0.0474513 0
-0.0409063 0
-0.0343612 0
-0.144535 0.962
-0.13799 0.962
-0.131718 0.97125
-0.125446 0.98
-0.118355 0.96625
-0.111265 0.953
-0.104993 0.9605
-0.0984476 0.968
-0.0916298 0.961
-0.084812 0.953
-0.0779942 0.94925
-0.0714496 0.947
-0.0646318 0.94125
-0.0578139 0.937
-0.0512689 0.9365
0.0717221 0
0.0785398 0
0.0850848 0
0.0916298 0
0.0984475 0
0.104992 0
0.111537 0
0.118082 0
0.1249 0
0.131445 0
0.13799 0
0.0681769 0.344
0.0747219 0.344
0.0815396 0.34275
0.0880846 0.343
0.0946296 0.34325
0.101175 0.344
0.10772 0.3445
0.114537 0.344
0.12081 0.3445
0.127354 0.346
0.133899 0.34675
0.140172 0.348
0.146989 0.34875
0.153262 0.35
0.159261 0.352
0.165534 0.354
0.172079 0.356
0.178078 0.359
0.184078 0.36175
0.19035 0.365
0.19635 0.36975
0.201804 0.376
0.208621 0.376
0.297251 0
0.173715 2.346
0.180533 2.346
0.186805 2.42125
0.193077 2.497
0.199622 2.57775
0.205894 2.66
0.212439 2.6595
0.350429 0
0.356974 0
0.363519 0
0.370337 0
0.255254 2.083
0.261799 2.084
0.268617 2.085
0.275162 2.08525
0.28198 2.086
0.288797 2.08825
0.295342 2.09
0.30216 2.092
0.308705 2.093
0.315523 2.095
0.32234 2.096
0.328613 2.10025
0.33543 2.105
0.341975 2.10925
0.348793 2.113
0.355611 2.116
0.362156 2.118
0.368974 2.1205
0.375519 2.124
0.382336 2.12775
0.389154 2.131
0.395699 2.13475
0.402517 2.14
0.409062 2.1435
0.415879 2.146
0.422697 2.1475
0.429242 2.15
0.43606 2.15275
0.442877 2.155
0.44915 2.15925
0.455967 2.164
0.462512 2.1695
0.46933 2.176
0.476148 2.184
0.482693 2.193
0.48951 2.19775
0.496055 2.202
0.502873 2.20675
0.509691 2.211
0.515963 2.218
0.522781 2.225
0.529326 2.2295
0.536143 2.233
0.542961 2.23675
0.549506 2.242
0.556324 2.25025
0.562869 2.259
0.569686 2.2665
0.576504 2.274
0.583049 2.2785
0.589594 2.283
0.596139 2.29075
0.602957 2.3
0.609774 2.30775
0.616319 2.315
0.623137 2.3235
0.629955 2.332
0.6365 2.34
0.643317 2.349
0.64959 2.35625
0.656407 2.364
0.663225 2.37525
0.66977 2.388
0.676588 2.396
0.683133 2.404
0.68995 2.413
0.696495 2.423
0.70304 2.43375
0.709858 2.446
0.71613 2.50375
0.722948 2.561
0.729766 2.5745
0.736038 2.588
0.742856 2.598
0.749401 2.608
0.756218 2.60725
0.894209 0
0.900753 0
0.907571 0
0.914389 0
0.805306 1.225
0.810487 1.22025
0.816214 1.215
0.821668 1.2155
0.94875 0
0.954204 0
