0.838031 6.612
0.850848 6.681
0.857393 6.68025
1.00002 0
0.886027 1.1505
0.892572 1.15
0.899117 1.1495
1.02674 0
1.03329 0
1.03983 0
1.04665 0
1.0532 0
1.05974 0
1.06656 0
1.0731 0
1.07965 0
1.08647 0
1.09301 0
1.09956 0
1.10638 0
1.11292 0
1.11947 0
1.12628 0
1.13283 0
1.13937 0
1.14619 0
1.15274 0
1.15928 0
1.1661 0
1.17264 0
1.17919 0
1.18601 0
1.19255 0
1.1991 0
1.20591 0
1.21246 0
1.219 0
1.22582 0
1.23237 0
1.23891 0
1.24573 0
1.25227 0
1.25909 0
1.26564 0
1.27218 0
1.279 0
1.28554 0
1.29209 0
1.29891 0
1.30545 0
1.312 0
1.31881 0
1.32536 0
1.3319 0
1.33872 0
1.34527 0
1.35181 0
1.35863 0
1.36517 0
1.37172 0
1.37854 0
1.38508 0
1.39163 0
1.39845 0
1.40499 0
1.41154 0
1.41835 0
1.4249 0
1.43144 0
1.43826 0
1.44481 0
1.45135 0
1.45817 0
1.46471 0
1.47126 0
1.47808 0
1.48462 0
1.49117 0
1.49798 0
1.50453 0
1.51135 0
1.52525 0
1.5318 0
1.53862 0
1.54516 0
1.55198 0
1.55852 0
1.56534 0
1.57189 0
1.5787 0
1.58525 0
1.59207 0
1.59861 0
1.60543 0
1.61198 0
1.61879 0
1.49444 2.5705
1.50126 2.571
1.50807 2.57025
1.64552 0
1.65234 0
1.65888 0
1.6657 0
1.67224 0
1.67906 0
1.68561 0
1.69242 0
1.69897 0
1.68806 0.17775
1.69461 0.178
1.70279 0.176
1.71015 0.175
1.71806 0.1735
1.72515 0.173
1.73224 0.17225
1.73988 0.171
1.74697 0.17025
1.75487 0.169
1.76142 0.169
1.76905 0.168
1.77587 0.1675
1.78296 0.167
1.78978 0.16675
1.79714 0.166
1.80396 0.16575
1.81132 0.165
1.81841 0.1645
1.82469 0.165
1.83178 0.1645
1.83887 0.164
1.84596 0.16375
1.85223 0.164
1.85878 0.16425
1.86559 0.164
1.87159 0.165
1.87814 0.165
1.88468 0.1655
1.8915 0.165
1.89832 0.16525
1.90486 0.165
1.91195 0.16475
1.91741 0.166
1.92423 0.166
1.93077 0.166
1.93732 0.1665
1.94359 0.167
1.95013 0.16725
1.95641 0.168
1.96295 0.16775
1.96895 0.169
1.97468 0.17
1.98149 0.17
1.98695 0.1715
1.99349 0.172
2.00004 0.17175
2.00604 0.173
2.01231 0.17325
2.01804 0.175
2.02349 0.1765
2.02976 0.177
2.03631 0.1775
2.0494 0.179
2.05485 0.18075
2.06058 0.182
2.06576 0.1845
2.07149 0.186
2.07694 0.1875
2.0824 0.19
2.0873 0.19275
2.0914 0.197
2.09849 0.19625
2.13421 0
2.14103 0
2.14757 0
2.15412 0
2.16094 0
2.16748 0
2.17403 0
2.18084 0
2.18739 0
2.19393 0
2.20075 0
2.2073 0
2.21411 0
2.22066 0
2.2272 0
2.23402 0
2.24057 0
2.24711 0
2.25393 0
2.26047 0
2.26729 0
2.15957 0.8515
2.16612 0.852
2.17294 0.8515
2.17948 0.852
2.18602 0.85175
2.19284 0.853
2.19939 0.85575
2.20593 0.86
2.21275 0.859
2.2193 0.859
2.22557 0.873
2.23184 0.886
2.23838 0.88475
2.2452 0.883
2.25175 0.88375
2.25829 0.884
2.26511 0.885
2.27166 0.886
2.2782 0.8895
2.28474 0.892
2.29129 0.89675
2.29784 0.901
2.30438 0.90725
2.31065 0.915
2.3172 0.921
2.32374 0.928
2.33001 0.9375
2.33656 0.948
2.3431 0.94775
2.46664 0
2.47319 0
2.47973 0
2.35756 2.06775
2.3641 2.068
2.37065 2.0475
2.37774 2.027
2.38428 2.0125
2.39083 1.997
2.39792 1.97975
2.40446 1.963
2.41128 1.94525
2.4181 1.928
2.42464 1.9135
2.43146 1.898
2.43828 1.8835
2.44482 1.868
2.45164 1.85275
2.45846 1.837
2.46528 1.83725
2.47946 1.812
2.48628 1.798
2.49282 1.785
2.49964 1.77175
2.50646 1.759
2.51327 1.74725
2.51982 1.736
2.52664 1.7245
2.53345 1.714
2.54 1.701
2.54709 1.689
2.55363 1.67825
2.56018 1.668
2.567 1.65775
2.57382 1.648
2.58063 1.638
2.58718 1.629
2.594 1.6205
2.60081 1.613
2.60736 1.60275
2.61418 1.593
2.62099 1.58325
2.62754 1.575
2.63436 1.567
2.6409 1.559
2.64799 1.5505
2.65454 1.543
2.66108 1.53475
2.6679 1.528
2.67472 1.52075
2.68153 1.513
2.68808 1.506
2.69462 1.499
2.70172 1.4915
2.70826 1.484
2.71508 1.47675
2.7219 1.47
2.72844 1.46475
2.73526 1.459
2.7418 1.4525
2.74862 1.446
2.75544 1.4405
2.76226 1.434
2.7688 1.42825
2.77535 1.422
2.78244 1.41675
2.78898 1.413
2.7958 1.4065
2.80234 1.401
2.80889 1.396
2.81598 1.392
2.82252 1.38725
2.82934 1.383
2.83589 1.37775
2.84243 1.373
2.84925 1.3685
2.85607 1.363
2.86289 1.359
2.86943 1.356
2.87598 1.35125
2.88279 1.346
2.88961 1.34275
2.89643 1.34
2.90297 1.335
2.90952 1.331
2.91634 1.3285
2.92288 1.325
2.92997 1.32175
2.93652 1.318
2.94306 1.31475
2.94988 1.311
2.95642 1.3075
2.96324 1.305
2.96979 1.3015
2.9766 1.298
2.98342 1.29425
2.98997 1.292
2.99678 1.29025
3.00333 1.288
3.01015 1.28825
3.02269 1.286
3.02924 1.28125
3.03633 1.278
3.04287 1.275
3.04969 1.273
3.05624 1.2705
3.06305 1.269
3.0696 1.26575
3.07642 1.264
3.08296 1.26275
3.08978 1.261
3.09632 1.259
3.10341 1.257
3.11023 1.2555
3.11678 1.254
3.12359 1.25275
3.13014 1.252
3.13696 1.25175
-3.01751 0
-3.01069 0
-3.00415 0
-3.11187 0.8695
-3.1056 0.87
-3.09878 0.8705
-3.09196 0.872
-3.08541 0.87425
-3.0786 0.876
-3.07205 0.87925
-3.06551 0.882
-3.05869 0.879
-3.05187 0.876
-3.04533 0.8795
-3.03878 0.882
-3.03224 0.88275
-3.02542 0.885
-3.0186 0.88675
-3.01206 0.888
-3.00551 0.891
-2.99897 0.893
-2.99215 0.8975
-2.98588 0.903
-2.97906 0.90225
-2.97251 0.902
-2.9657 0.90475
-2.95915 0.908
-2.95261 0.9115
-2.94579 0.914
-2.93924 0.9185
-2.9327 0.922
-2.92615 0.92425
-2.91934 0.927
-2.91279 0.92675
-2.90597 0.928
-2.8997 0.932
-2.89288 0.936
-2.88634 0.94
-2.87979 0.945
-2.87298 0.94425
-2.86643 0.945
-2.85961 0.95075
-2.85334 0.956
-2.84652 0.959
-2.83998 0.962
-2.83343 0.967
-2.82689 0.971
-2.82007 0.97125
-2.69626 0
-2.81162 1.25375
-2.8048 1.254
-2.79825 1.2555
-2.79144 1.256
-2.78489 1.2565
-2.77807 1.258
-2.77153 1.25725
-2.64254 0
-2.63599 0
-2.62917 0
-2.74126 1.03625
-2.73444 1.036
-2.72762 1.03625
-2.71453 1.018
-2.70771 1.01025
-2.7009 1.004
-2.69408 0.9975
-2.68726 0.992
-2.68044 0.9855
-2.67363 0.979
-2.66681 0.97275
-2.65999 0.967
-2.65317 0.95925
-2.64608 0.951
-2.63954 0.945
-2.63245 0.939
-2.62563 0.9385
-2.61908 0.939
-2.61227 0.93775
-2.60572 0.938
-2.5989 0.93475
-2.59236 0.933
-2.58554 0.9325
-2.57872 0.931
-2.57191 0.9295
-2.56536 0.929
-2.55854 0.92875
-2.55173 0.929
-2.54518 0.92775
-2.53836 0.928
-2.53182 0.927
-2.525 0.927
-2.51846 0.9265
-2.51164 0.926
-2.50509 0.92775
-2.49828 0.931
-2.492 0.93175
-2.48519 0.932
-2.47837 0.9325
-2.47182 0.932
-2.465 0.935
-2.45846 0.938
-2.45164 0.94125
-2.44537 0.946
-2.43855 0.95025
-2.43228 0.955
-2.42573 0.97
-2.41946 0.986
-2.41264 0.986
-2.28829 0
-2.28175 0
-2.27493 0
-2.39328 1.48525
-2.38647 1.485
-2.37992 1.49275
-2.37337 1.5
-2.36683 1.5065
-2.36001 1.513
-2.35347 1.519
-2.34665 1.525
-2.3401 1.53175
-2.33356 1.54
-2.32674 1.54825
-2.3202 1.557
-2.31365 1.5645
-2.30711 1.572
-2.30029 1.5815
-2.29402 1.59
-2.2872 1.59925
-2.28065 1.608
-2.27384 1.61725
-2.26729 1.627
-2.26075 1.636
-2.25393 1.645
-2.24738 1.655
-2.24084 1.664
-2.23429 1.67475
-2.22748 1.685
-2.2212 1.69475
-2.21439 1.706
-2.20784 1.718
-2.20102 1.729
-2.19448 1.7295
-2.18057 1.796
-2.17403 1.771
-2.16721 1.745
-2.16039 1.75125
-2.15385 1.758
-2.1473 1.77225
-2.14076 1.786
-2.13394 1.801
-2.12767 1.815
-2.12112 1.83
-2.1143 1.844
-2.10803 1.85825
-2.10121 1.874
-2.09467 1.88925
-2.08812 1.905
-2.08158 1.9195
-2.07503 1.935
-2.06849 1.954
-2.06194 1.972
-2.05512 1.98875
-2.04885 2.006
-2.04204 2.02425
-2.03549 2.042
-2.02922 2.0625
-2.0224 2.082
-2.01613 2.104
-2.00931 2.125
-2.00277 2.14525
-1.99622 2.167
-1.98968 2.18975
-1.98313 2.212
-1.97659 2.235
-1.97004 2.258
-1.96322 2.258
-1.82687 0
-1.82005 0
-1.81351 0
-1.93759 2.46675
-1.93077 2.467
-1.92423 2.49675
-1.91768 2.526
-1.91114 2.557
-1.90459 2.589
-1.89805 2.6185
-1.8915 2.648
-1.88496 2.68225
-1.87841 2.717
-1.87159 2.75575
-1.86532 2.795
-1.8585 2.835
-1.85223 2.875
-1.84569 2.8765
-1.83887 2.879
-1.83232 2.87125
-1.82551 2.865
-1.81869 2.85775
-1.81187 2.852
-1.80532 2.843
-1.79878 2.833
-1.79196 2.8325
-1.6537 0
-1.77751 2.47775
-1.77096 2.478
-1.76415 2.47725
-1.62697 0
-1.62043 0
-1.61361 0
-1.60707 0
-1.60025 0
-1.5937 0
-1.58689 0
-1.7107 2.4045
-1.70415 2.404
-1.69733 2.404
-1.56043 0
-1.55362 0
-1.54707 0
-1.6717 2.70725
-1.66515 2.708
-1.65834 2.70725
-1.64415 2.699
-1.63761 2.69625
-1.63106 2.695
-1.62425 2.6905
-1.6177 2.685
-1.61088 2.6825
-1.60434 2.681
-1.59752 2.67775
-1.59098 2.675
-1.58416 2.67075
-1.57734 2.667
-1.57052 2.6645
-1.56398 2.662
-1.55716 2.6585
-1.55062 2.656
-1.5438 2.65325
-1.53725 2.651
-1.53071 2.64975
-1.52389 2.648
-1.51735 2.6445
-1.51053 2.64
-1.50398 2.6375
-1.49717 2.634
-1.49062 2.62975
-1.4838 2.627
-1.47726 2.62725
-1.47044 2.628
-1.4639 2.63
-1.45708 2.631
-1.45053 2.638
-1.44371 2.645
-1.43717 2.64475
-1.29945 0
-1.29263 0
-1.28609 0
-1.27927 0
-1.27273 0
-1.26591 0
-1.25936 0
-1.25255 0
-1.246 0
-1.23918 0
-1.23264 0
-1.22582 0
-1.21928 0
-1.21246 0
-1.20591 0
-1.1991 0
-1.19255 0
-1.18601 0
-1.17919 0
-1.17264 0
-1.16583 0
-1.15928 0
-1.15246 0
-1.14592 0
-1.1391 0
-1.13255 0
-1.12574 0
-1.11919 0
-1.11237 0
-1.23728 2.67725
-1.23046 2.678
-1.22391 2.6785
-1.08592 0
-1.0791 0
-1.07256 0
-1.06574 0
-1.0592 0
-1.05238 0
-1.04583 0
-1.03902 0
-1.03247 0
-1.02565 0
-1.01911 0
-1.01229 0
-1.00575 0
-0.998928 0
-0.992383 0
-0.985565 0
-0.971658 0
-0.965113 0
-0.958295 0
-0.95175 0
-0.944932 0
-0.938114 0
-0.931569 0
-0.924752 0
-0.917934 0
-0.911389 0
-0.904571 0
-0.898026 0
-0.891209 0
-0.884391 0
-0.877846 0
-0.871028 0
-0.864211 0
-0.857666 0
-0.850848 0
-0.84403 0
-0.837485 0
-0.947932 0.9735
-0.941387 0.973
-0.934296 0.96025
-0.927206 0.947
-0.920389 0.94075
-0.913571 0.936
-0.906481 0.924
-0.899663 0.913
-0.892845 0.9135
-0.770399 0
-0.763582 0
-0.756764 0
-0.750219 0
-0.743401 0
-0.736584 0
-0.730038 0
-0.855757 3.08825
-0.848939 3.088
-0.842394 3.08825
-0.70304 0
-0.696495 0
-0.689678 0
-0.68286 0
-0.676315 0
-0.669497 0
-0.662679 0
-0.656135 0
-0.649317 0
-0.642499 0
-0.635954 0
-0.732493 0.598
-0.725948 0.598
-0.718858 0.5935
-0.711767 0.588
-0.704949 0.58225
-0.697859 0.578
-0.690496 0.57175
-0.683678 0.567
-0.676588 0.563
-0.66977 0.56
-0.662679 0.5555
-0.655589 0.551
-0.648772 0.54675
-0.641681 0.543
-0.634591 0.53975
-0.627773 0.536
-0.620683 0.5325
-0.613592 0.528
-0.606775 0.525
-0.599684 0.522
-0.592867 0.51775
-0.585776 0.515
-0.578686 0.51125
-0.571868 0.508
-0.564778 0.5055
-0.557687 0.502
-0.55087 0.5
-0.543779 0.497
-0.536961 0.4975
-0.522235 0.49
-0.515417 0.48675
-0.5086 0.485
-0.501782 0.4825
-0.494964 0.48
-0.487874 0.477
-0.481057 0.475
-0.473966 0.47275
-0.467148 0.47
-0.460331 0.46825
-0.453513 0.466
-0.446422 0.4645
-0.439605 0.462
-0.432514 0.46
-0.425697 0.457
-0.418879 0.45525
-0.412062 0.453
-0.405244 0.45125
-0.398426 0.45
-0.391608 0.4475
-0.384518 0.446
-0.3777 0.444
-0.37061 0.441
-0.364065 0.43975
-0.356974 0.439
-0.350429 0.43725
-0.343339 0.435
-0.336521 0.434
-0.329431 0.432
-0.322886 0.4305
-0.315796 0.43
-0.309251 0.42875
-0.302433 0.427
-0.295615 0.42625
-0.28907 0.427
-0.282253 0.427
-0.27598 0.428
-0.269162 0.4285
-0.173442 0
-0.166624 0
-0.160079 0
-0.153261 0
-0.146717 0
-0.139899 0
-0.133354 0
-0.126536 0
-0.119992 0
-0.113174 0
-0.106629 0
-0.100084 0
-0.0932658 0
-0.173169 0.40725
-0.166352 0.407
-0.159807 0.40675
-0.0665405 0
-0.0599955 0
-0.0531781 0
-0.0466331 0
-0.0398153 0
-0.0332702 0
-0.0264528 0
-0.0199078 0
-0.01309 0
-0.00654489 0
0 0
-0.122446 2.1205
-0.115901 2.121
-0.109083 2.118
-0.102538 2.116
-0.0957206 2.11275
-0.0891755 2.111
-0.0823577 2.10675
-0.0758126 2.103
-0.0689948 2.0985
-0.0621775 2.094
-0.0553597 2.089
-0.0488146 2.084
-0.0419968 2.08425
-0.0354522 2.084
-0.0286344 2.08425
-0.015817 2.079
-0.00927192 2.07725
-0.00272686 2.075
0.00409062 2.0715
0.0106356 2.069
0.0174533 2.0675
0.0239983 2.067
0.0305433 2.06375
0.037361 2.061
0.0439059 2.05975
0.0507236 2.059
0.0572686 2.0605
0.0640863 2.063
0.0706313 2.063
0.206167 0
0.212985 0
0.21953 0
0.226347 0
0.232892 0
0.239437 0
0.246255 0
0.2528 0
0.259618 0
0.266163 0
0.27298 0
0.279525 0
0.28607 0
0.292888 0
0.299433 0
0.306251 0
0.312796 0
0.191714 1.83225
0.198531 1.833
0.205349 1.80825
0.212167 1.783
0.218984 1.757
0.225802 1.732
0.232347 1.732
0.365974 0
0.372791 0
0.379336 0
0.386154 0
0.392699 0
0.399244 0
0.406062 0
0.282525 2.30075
0.289343 2.301
0.295615 2.37575
0.30216 2.452
0.308705 2.4525
0.445877 0
0.452695 0
0.45924 0
0.466057 0
0.472602 0
0.479147 0
0.485965 0
0.363519 2.09
0.370337 2.09
0.376882 2.09275
0.3837 2.096
0.390245 2.09775
0.396517 2.101
0.403335 2.105
0.40988 2.11
0.416697 2.113
0.423242 2.117
0.429787 2.12025
0.436605 2.124
0.44315 2.12575
0.449968 2.129
0.456513 2.1345
0.46333 2.14
0.469875 2.144
0.47642 2.148
0.483238 2.15075
0.489783 2.155
0.496328 2.16025
0.502873 2.165
0.509691 2.16525
0.522235 2.178
0.52878 2.18375
0.535325 2.19
0.54187 2.194
0.548688 2.199
0.555233 2.205
0.561778 2.21
0.568323 2.21725
0.574868 2.226
0.581413 2.23225
0.587958 2.238
0.594775 2.244
0.60132 2.249
0.607865 2.2555
0.614683 2.263
0.621228 2.26925
0.627773 2.277
0.634045 2.28525
0.640863 2.295
0.647408 2.302
0.653953 2.31
0.660771 2.319
0.667316 2.327
0.673861 2.33575
0.680406 2.346
0.686951 2.35425
0.693496 2.363
0.700041 2.3745
0.706858 2.386
0.713403 2.395
0.719948 2.404
0.726493 2.41225
0.733311 2.42
0.739583 2.45475
0.746128 2.489
0.752673 2.5235
0.759218 2.558
0.765763 2.5665
0.772308 2.574
0.779126 2.57425
0.916571 0
0.787034 6.43625
0.793852 6.437
0.800397 6.4665
0.806942 6.497
0.81376 6.4965
