0.836667 6.623
0.850575 6.708
0.85712 6.70825
0.999746 0
0.885755 1.1615
0.8923 1.161
0.899117 1.1605
1.02647 0
1.03302 0
1.03983 0
1.04638 0
1.0532 0
1.05974 0
1.06656 0
1.0731 0
1.07965 0
1.08647 0
1.09301 0
1.09983 0
1.10638 0
1.11292 0
1.11974 0
1.12628 0
1.1331 0
1.13965 0
1.14646 0
1.15301 0
1.15955 0
1.16637 0
1.17292 0
1.17973 0
1.18628 0
1.19282 0
1.19964 0
1.20619 0
1.213 0
1.21955 0
1.22637 0
1.23291 0
1.23946 0
1.24627 0
1.25282 0
1.25964 0
1.26618 0
1.27273 0
1.27954 0
1.28609 0
1.29291 0
1.29945 0
1.30627 0
1.31281 0
1.31936 0
1.32618 0
1.33272 0
1.33954 0
1.34609 0
1.35263 0
1.35945 0
1.36599 0
1.37281 0
1.37936 0
1.38617 0
1.39272 0
1.39926 0
1.40608 0
1.41263 0
1.41944 0
1.42599 0
1.43253 0
1.43935 0
1.4459 0
1.45271 0
1.45926 0
1.46608 0
1.47262 0
1.47917 0
1.48598 0
1.49253 0
1.49935 0
1.50589 0
1.51271 0
1.52662 0
1.53316 0
1.53971 0
1.54653 0
1.55307 0
1.55962 0
1.56643 0
1.57298 0
1.5798 0
1.58634 0
1.59289 0
1.5997 0
1.60625 0
1.61279 0
1.61961 0
1.49526 2.5645
1.50207 2.564
1.50862 2.56325
1.64606 0
1.65288 0
1.65943 0
1.54134 1.45025
1.54816 1.451
1.55471 1.451
1.68615 0
1.6927 0
1.69924 0
1.68806 0.1785
1.69488 0.178
1.70333 0.17575
1.71042 0.175
1.7186 0.17275
1.72597 0.172
1.73278 0.1715
1.7396 0.171
1.74697 0.1705
1.7546 0.169
1.76142 0.16875
1.76878 0.168
1.77587 0.16725
1.78269 0.167
1.78924 0.167
1.7966 0.166
1.80423 0.165
1.81078 0.165
1.8176 0.16525
1.82414 0.165
1.83178 0.16375
1.83832 0.164
1.84541 0.1635
1.85141 0.164
1.85796 0.1645
1.86478 0.164
1.87105 0.16475
1.87732 0.165
1.88414 0.16475
1.89068 0.165
1.89695 0.1655
1.90405 0.165
1.91059 0.165
1.91632 0.166
1.92395 0.16525
1.92968 0.166
1.93622 0.16625
1.94222 0.167
1.9485 0.1675
1.95504 0.168
1.96159 0.168
1.96731 0.169
1.97386 0.16925
1.97986 0.17
1.98558 0.17125
1.99186 0.172
1.9984 0.172
2.0044 0.173
2.01067 0.1735
2.01613 0.175
2.0224 0.17575
2.02785 0.177
2.03494 0.17675
2.04749 0.179
2.05349 0.18
2.05867 0.182
2.06467 0.18325
2.06958 0.186
2.07503 0.18775
2.08049 0.19
2.08512 0.193
2.08949 0.197
2.09603 0.1975
2.1323 0
2.13885 0
2.14566 0
2.15221 0
2.15875 0
2.16557 0
2.17212 0
2.17893 0
2.18548 0
2.19202 0
2.19884 0
2.20539 0
2.21193 0
2.21875 0
2.22529 0
2.23184 0
2.23866 0
2.2452 0
2.25175 0
2.25857 0
2.26511 0
2.27166 0
2.27847 0
2.28502 0
2.29184 0
2.18357 0.87125
2.19012 0.872
2.19693 0.87275
2.20348 0.873
2.21002 0.8735
2.21684 0.875
2.22339 0.8715
2.2302 0.867
2.23675 0.87075
2.24329 0.874
2.24984 0.87725
2.25638 0.881
2.26293 0.8845
2.26975 0.889
2.27575 0.9085
2.28175 0.929
2.28856 0.92925
2.29511 0.93
2.30138 0.93175
2.3082 0.934
2.31474 0.936
2.32129 0.939
2.32783 0.9445
2.33438 0.95
2.34065 0.95975
2.3472 0.97
2.35347 0.98175
2.35974 0.993
2.36628 1.0045
2.37256 1.017
2.37937 1.017
2.50427 0
2.51082 0
2.51764 0
2.39574 1.96625
2.40228 1.966
2.4091 1.94875
2.41592 1.931
2.42246 1.916
2.42928 1.901
2.4361 1.887
2.44264 1.872
2.44946 1.85675
2.45628 1.843
2.4631 1.84225
2.47728 1.816
2.48409 1.80225
2.49064 1.79
2.49718 1.7775
2.50427 1.765
2.51082 1.752
2.51736 1.739
2.52446 1.72775
2.531 1.716
2.53755 1.70375
2.54464 1.692
2.55118 1.6825
2.55773 1.673
2.56454 1.663
2.57136 1.653
2.57791 1.64225
2.58472 1.633
2.59127 1.62375
2.59809 1.615
2.6049 1.6055
2.61145 1.596
2.61827 1.587
2.62481 1.579
2.63163 1.57025
2.63817 1.563
2.64499 1.55475
2.65181 1.546
2.65835 1.539
2.6649 1.532
2.67199 1.523
2.67853 1.515
2.68508 1.50775
2.6919 1.501
2.69872 1.49425
2.70526 1.487
2.71208 1.48
2.71862 1.474
2.72544 1.4675
2.73226 1.461
2.7388 1.45525
2.74535 1.451
2.75189 1.44375
2.75898 1.437
2.76553 1.431
2.77207 1.425
2.77889 1.42
2.78571 1.414
2.79225 1.40875
2.79907 1.405
2.80562 1.39975
2.81216 1.395
2.81925 1.39
2.8258 1.384
2.83234 1.3795
2.83916 1.375
2.8457 1.37075
2.85252 1.366
2.85934 1.36125
2.86589 1.358
2.87243 1.3535
2.87898 1.349
2.88579 1.3455
2.89261 1.341
2.89916 1.33675
2.90597 1.334
2.91252 1.33125
2.91906 1.328
2.92588 1.3235
2.9327 1.32
2.93924 1.3175
2.94606 1.314
2.95261 1.30975
2.95915 1.307
2.96597 1.30325
2.97251 1.301
2.97933 1.2975
2.98615 1.295
2.99269 1.2945
3.12196 0
3.12878 0
3.14132 0
3.04396 0.6085
3.05051 0.609
3.05705 0.60875
3.06387 0.609
3.07042 0.60925
3.07723 0.61
3.08378 0.609
3.09087 0.607
3.09741 0.6075
3.10423 0.607
3.11078 0.60825
3.11732 0.609
3.12387 0.61025
3.13068 0.611
3.13723 0.6115
-3.13914 0.613
-3.13232 0.611
-3.12578 0.61
-3.11896 0.61075
-3.11241 0.611
-3.1056 0.61125
-3.09905 0.613
-3.09251 0.6155
-3.08596 0.617
-3.07942 0.619
-3.07287 0.62
-3.06578 0.61775
-3.05923 0.616
-3.05242 0.61725
-3.04587 0.618
-3.03933 0.62
-3.03251 0.622
-3.02624 0.624
-3.01942 0.626
-3.01315 0.62825
-3.00633 0.63
-2.99951 0.62775
-2.99269 0.627
-2.98615 0.627
-2.9796 0.628
-2.97306 0.632
-2.96651 0.635
-2.95997 0.63675
-2.95342 0.638
-2.94661 0.63775
-2.94006 0.638
-2.93352 0.6385
-2.9267 0.639
-2.91988 0.641
-2.91334 0.643
-2.90679 0.64625
-2.90052 0.65
-2.8937 0.64975
-2.88716 0.65
-2.88034 0.65
-2.87379 0.651
-2.86698 0.652
-2.86043 0.652
-2.85389 0.65775
-2.84761 0.663
-2.8408 0.66475
-2.83452 0.667
-2.82771 0.6695
-2.82116 0.671
-2.81462 0.673
-2.8078 0.676
-2.80125 0.67525
-2.68699 0
-2.68044 0
-2.67363 0
-2.78162 0.86325
-2.7748 0.864
-2.76798 0.8585
-2.76117 0.852
-2.75435 0.8455
-2.74726 0.84
-2.74071 0.83625
-2.73362 0.832
-2.7268 0.83225
-2.71399 0.822
-2.70744 0.818
-2.70062 0.815
-2.69381 0.81225
-2.68726 0.809
-2.68017 0.80475
-2.67363 0.802
-2.66681 0.798
-2.65999 0.795
-2.65317 0.791
-2.64636 0.788
-2.63981 0.78475
-2.63299 0.782
-2.62617 0.77625
-2.61936 0.772
-2.61227 0.767
-2.60572 0.763
-2.59918 0.7625
-2.59236 0.761
-2.58581 0.76125
-2.579 0.761
-2.57245 0.76275
-2.56591 0.766
-2.55909 0.767
-2.55254 0.768
-2.546 0.7685
-2.53945 0.769
-2.53291 0.77125
-2.52609 0.775
-2.51982 0.77625
-2.513 0.777
-2.50646 0.779
-2.49991 0.781
-2.49309 0.7795
-2.48655 0.779
-2.47973 0.77825
-2.47319 0.778
-2.46664 0.77725
-2.45982 0.778
-2.45328 0.779
-2.44646 0.781
-2.43992 0.782
-2.4331 0.783
-2.42683 0.78525
-2.42028 0.787
-2.41346 0.78875
-2.40692 0.791
-2.40037 0.794
-2.39383 0.797
-2.38756 0.7995
-2.38074 0.803
-2.37419 0.80575
-2.36765 0.809
-2.3611 0.81475
-2.35483 0.821
-2.34829 0.827
-2.34174 0.833
-2.33492 0.8325
-2.21493 0
-2.20839 0
-2.20157 0
-2.32074 1.56825
-2.31392 1.568
-2.30738 1.57575
-2.30083 1.583
-2.29429 1.5915
-2.28774 1.599
-2.28093 1.609
-2.27438 1.618
-2.26811 1.62825
-2.26129 1.638
-2.25475 1.64675
-2.2482 1.657
-2.24166 1.6665
-2.23511 1.676
-2.22829 1.6845
-2.22202 1.694
-2.2152 1.70475
-2.20866 1.715
-2.20184 1.71525
-2.18766 1.682
-2.18139 1.71125
-2.17484 1.742
-2.1683 1.7455
-2.16148 1.748
-2.15466 1.7605
-2.14839 1.773
-2.14157 1.78625
-2.13503 1.799
-2.12848 1.81325
-2.12167 1.828
-2.11512 1.842
-2.10858 1.857
-2.10176 1.8725
-2.09521 1.888
-2.08867 1.90375
-2.08212 1.919
-2.07531 1.93525
-2.06876 1.952
-2.06222 1.969
-2.0554 1.986
-2.04885 2.005
-2.04231 2.023
-2.03549 2.04275
-2.02922 2.064
-2.0224 2.08075
-2.01586 2.099
-2.00931 2.1205
-2.00249 2.141
-1.99622 2.1615
-1.9894 2.183
-1.98258 2.20575
-1.97631 2.229
-1.9695 2.22825
-1.83287 0
-1.82632 0
-1.81951 0
-1.94359 2.4355
-1.93677 2.435
-1.92995 2.4615
-1.92341 2.489
-1.91686 2.51975
-1.91004 2.55
-1.90377 2.58225
-1.89695 2.614
-1.89041 2.6465
-1.88386 2.68
-1.87705 2.7145
-1.8705 2.75
-1.86396 2.78725
-1.85714 2.825
-1.85059 2.86275
-1.84405 2.902
-1.8375 2.891
-1.83069 2.881
-1.82387 2.87
-1.81705 2.86
-1.81023 2.84925
-1.80369 2.84
-1.79687 2.80125
-1.79005 2.763
-1.78351 2.7635
-1.64497 0
-1.63816 0
-1.63161 0
-1.62479 0
-1.61825 0
-1.61143 0
-1.60461 0
-1.59807 0
-1.59125 0
-1.58443 0
-1.57789 0
-1.57107 0
-1.56452 0
-1.68806 2.3925
-1.68124 2.392
-1.6747 2.39175
-1.53753 0
-1.53071 0
-1.64797 2.704
-1.64143 2.70025
-1.63488 2.697
-1.62834 2.6935
-1.62179 2.691
-1.61525 2.687
-1.60843 2.684
-1.60189 2.68075
-1.59534 2.677
-1.5888 2.67325
-1.58225 2.67
-1.57516 2.667
-1.56861 2.664
-1.56207 2.662
-1.55552 2.659
-1.54898 2.65725
-1.54216 2.655
-1.53562 2.65125
-1.52907 2.649
-1.52253 2.6475
-1.51598 2.646
-1.50944 2.6435
-1.50262 2.64
-1.49607 2.63525
-1.48953 2.632
-1.48298 2.62875
-1.47644 2.626
-1.46962 2.6285
-1.46308 2.63
-1.45653 2.6265
-1.44999 2.623
-1.44344 2.63575
-1.43662 2.648
-1.43008 2.64725
-1.29236 0
-1.28582 0
-1.27927 0
-1.27245 0
-1.26591 0
-1.25936 0
-1.25282 0
-1.24627 0
-1.23973 0
-1.23291 0
-1.22637 0
-1.21982 0
-1.21328 0
-1.20673 0
-1.19991 0
-1.19337 0
-1.18682 0
-1.18028 0
-1.17373 0
-1.16692 0
-1.16037 0
-1.15383 0
-1.14728 0
-1.14074 0
-1.13392 0
-1.12737 0
-1.12083 0
-1.11428 0
-1.10774 0
-1.23264 2.6775
-1.22582 2.677
-1.21928 2.6775
-1.08129 0
-1.07474 0
-1.0682 0
-1.06138 0
-1.05483 0
-1.04829 0
-1.04174 0
-1.0352 0
-1.02838 0
-1.02184 0
-1.01529 0
-1.00875 0
-1.0022 0
-0.995383 0
-0.981475 0
-0.97493 0
-0.968112 0
-0.961567 0
-0.954749 0
-0.948205 0
-0.941387 0
-0.934842 0
-0.928024 0
-0.92148 0
-0.914662 0
-0.908117 0
-0.901299 0
-0.894754 0
-0.887936 0
-0.881391 0
-0.874574 0
-0.867756 0
-0.861211 0
-0.970021 0.907
-0.963476 0.907
-0.956659 0.90725
-0.834485 0
-0.944932 0.96825
-0.938387 0.968
-0.931297 0.9575
-0.924479 0.946
-0.917389 0.938
-0.910571 0.929
-0.903753 0.92175
-0.896936 0.915
-0.890118 0.91425
-0.7674 0
-0.760855 0
-0.754037 0
-0.747492 0
-0.740674 0
-0.734129 0
-0.727311 0
-0.853302 3.0895
-0.846484 3.089
-0.83994 3.0885
-0.700586 0
-0.694041 0
-0.687223 0
-0.680678 0
-0.673861 0
-0.667316 0
-0.660498 0
-0.65368 0
-0.647136 0
-0.640318 0
-0.633773 0
-0.626955 0
-0.62041 0
-0.716131 0.58575
-0.709858 0.586
-0.702495 0.58025
-0.695677 0.576
-0.688587 0.57
-0.681496 0.565
-0.674679 0.562
-0.667861 0.559
-0.660771 0.55425
-0.65368 0.55
-0.646863 0.54625
-0.639772 0.542
-0.632682 0.538
-0.625864 0.535
-0.619047 0.531
-0.611683 0.527
-0.604866 0.52275
-0.597775 0.52
-0.590957 0.51625
-0.58414 0.514
-0.577322 0.511
-0.569959 0.507
-0.563414 0.5045
-0.556324 0.501
-0.549506 0.5015
-0.536416 0.496
-0.529599 0.49275
-0.522781 0.49
-0.51569 0.4865
-0.508872 0.484
-0.501782 0.482
-0.494964 0.479
-0.488147 0.47675
-0.481329 0.474
-0.474239 0.47225
-0.467421 0.47
-0.460331 0.4675
-0.453513 0.465
-0.446695 0.463
-0.439877 0.461
-0.432787 0.45825
-0.425969 0.457
-0.419152 0.45425
-0.412334 0.453
-0.405516 0.4515
-0.398426 0.449
-0.391881 0.448
-0.384791 0.446
-0.377973 0.44325
-0.370882 0.44
-0.364065 0.43825
-0.357247 0.438
-0.350429 0.4365
-0.343612 0.435
-0.336794 0.433
-0.329704 0.432
-0.322886 0.42975
-0.316341 0.429
-0.309251 0.42725
-0.302706 0.427
-0.295888 0.427
-0.289343 0.426
-0.282525 0.4265
-0.27598 0.427
-0.269162 0.42625
-0.173715 0
-0.166897 0
-0.160352 0
-0.153534 0
-0.14699 0
-0.140172 0
-0.133627 0
-0.126809 0
-0.120264 0
-0.113719 0
-0.106901 0
-0.186532 0.40475
-0.179715 0.405
-0.173169 0.4045
-0.0801762 0
-0.0736311 0
-0.0668133 0
-0.0602682 0
-0.0534509 0
-0.0469058 0
-0.040088 0
-0.0335429 0
-0.0267251 0
-0.0201805 0
-0.0136355 0
-0.00681764 0
-0.000272576 0
-0.122719 2.122
-0.116174 2.122
-0.109356 2.11925
-0.102811 2.117
-0.0959933 2.11425
-0.0894483 2.112
-0.0826305 2.107
-0.0760854 2.102
-0.0689948 2.098
-0.0624502 2.093
-0.0556324 2.08925
-0.0490873 2.086
-0.0422695 2.08575
-0.0294526 2.083
-0.0229076 2.082
-0.0163625 2.08
-0.00954467 2.07825
-0.00299961 2.076
0.00381791 2.07325
0.0103629 2.07
0.0169079 2.069
0.0237256 2.067
0.0302706 2.063
0.0370882 2.059
0.0436332 2.05825
0.0501782 2.058
0.0569959 2.05775
0.192532 0
0.199349 0
0.205894 0
0.212439 0
0.219257 0
0.225802 0
0.23262 0
0.239165 0
0.24571 0
0.252527 0
0.259072 0
0.26589 0
0.272435 0
0.27898 0
0.285798 0
0.292343 0
0.29916 0
0.305705 0
0.31225 0
0.319068 0
0.325613 0
0.204803 1.815
0.211348 1.815
0.218166 1.7775
0.225257 1.739
0.231802 1.73875
0.365701 0
0.372246 0
0.379064 0
0.385609 0
0.392154 0
0.398971 0
0.405516 0
0.282252 2.30025
0.288797 2.301
0.295342 2.3005
0.432242 0
0.438787 0
0.445604 0
0.452149 0
0.458694 0
0.465512 0
0.472057 0
0.478875 0
0.48542 0
0.362974 2.089
0.369792 2.089
0.376337 2.09175
0.383154 2.095
0.389699 2.09825
0.395972 2.103
0.402789 2.1065
0.409334 2.111
0.416152 2.1145
0.422697 2.118
0.429242 2.11975
0.43606 2.123
0.442605 2.12525
0.449422 2.129
0.455967 2.1345
0.462512 2.139
0.46933 2.1435
0.475875 2.148
0.482693 2.15225
0.488965 2.157
0.495783 2.15675
0.509691 2.166
0.516236 2.1715
0.522781 2.177
0.529326 2.18325
0.535871 2.19
0.542416 2.19375
0.548961 2.199
0.555506 2.2045
0.562051 2.211
0.568596 2.2175
0.575141 2.225
0.581686 2.23125
0.58823 2.238
0.594775 2.24475
0.60132 2.251
0.607865 2.258
0.61441 2.264
0.621228 2.2715
0.627773 2.279
0.634045 2.28725
0.64059 2.295
0.647135 2.30225
0.65368 2.311
0.660225 2.3185
0.66677 2.327
0.673588 2.3365
0.680133 2.346
0.686405 2.35375
0.69295 2.362
0.699495 2.37225
0.70604 2.384
0.712585 2.394
0.71913 2.403
0.725675 2.4365
0.73222 2.469
0.738492 2.50125
0.745037 2.534
0.751582 2.54575
0.758127 2.558
0.764672 2.5575
0.771217 2.557
0.778035 2.5575
0.91548 0
0.785944 6.44225
0.792489 6.443
0.799034 6.46775
0.805579 6.494
0.812124 6.5295
0.818668 6.566
0.825486 6.5655
