0.969476 0
0.982293 0
0.988838 0
0.995383 0
1.0022 0
1.00875 0
1.01529 0
1.02211 0
1.02865 0
1.0352 0
1.04202 0
1.04856 0
1.05538 0
1.06192 0
1.06847 0
1.07529 0
1.08183 0
1.08838 0
1.09519 0
1.10174 0
1.10828 0
1.1151 0
1.12165 0
1.12846 0
1.13501 0
1.14155 0
1.14837 0
1.15492 0
1.16146 0
1.16828 0
1.17482 0
1.18164 0
1.18819 0
1.19473 0
1.20155 0
1.2081 0
1.21464 0
1.22146 0
1.228 0
1.23455 0
1.24137 0
1.24791 0
1.25473 0
1.26127 0
1.26782 0
1.27464 0
1.28118 0
1.28773 0
1.29454 0
1.30109 0
1.30763 0
1.31445 0
1.321 0
1.32781 0
1.33436 0
1.3409 0
1.34772 0
1.35427 0
1.36081 0
1.36763 0
1.37417 0
1.38099 0
1.38754 0
1.39408 0
1.4009 0
1.40744 0
1.41399 0
1.42081 0
1.42735 0
1.4339 0
1.44071 0
1.44726 0
1.45408 0
1.46062 0
1.46717 0
1.47399 0
1.48053 0
1.48708 0
1.49389 0
1.50044 0
1.50726 0
1.52007 0
1.52662 0
1.53316 0
1.53998 0
1.54653 0
1.54571 0.16425
1.55171 0.165
1.55989 0.1635
1.56752 0.162
1.57489 0.161
1.58252 0.16
1.58989 0.15925
1.59779 0.158
1.60461 0.15775
1.61198 0.157
1.61934 0.156
1.62616 0.156
1.6327 0.156
1.63979 0.155
1.64743 0.15425
1.65424 0.154
1.66161 0.15325
1.66843 0.153
1.67579 0.1525
1.68179 0.153
1.68861 0.153
1.69515 0.153
1.70306 0.15175
1.7096 0.152
1.71669 0.15125
1.72297 0.152
1.72978 0.1515
1.73633 0.152
1.74178 0.153
1.7486 0.153
1.75596 0.15225
1.76169 0.153
1.76933 0.15225
1.77505 0.153
1.78105 0.154
1.7876 0.154
1.79496 0.1535
1.80096 0.154
1.80805 0.15375
1.81323 0.155
1.81951 0.15575
1.82605 0.156
1.83178 0.157
1.8386 0.157
1.84459 0.1575
1.85114 0.158
1.85796 0.15775
1.86368 0.159
1.86996 0.15925
1.87487 0.161
1.88086 0.162
1.88659 0.163
1.89314 0.1635
1.89914 0.164
1.90541 0.16475
1.91004 0.167
1.91604 0.16825
1.92204 0.169
1.92695 0.171
1.93322 0.172
1.93786 0.1745
1.94359 0.176
1.94822 0.17875
1.95341 0.181
1.96022 0.18075
1.98668 0
1.99322 0
1.99977 0
2.00658 0
2.01313 0
2.01995 0
2.02649 0
2.03331 0
2.03985 0
2.04667 0
2.06085 0
2.0674 0
2.07394 0
2.08076 0
2.0873 0
2.09385 0
2.10067 0
2.10721 0
2.11376 0
2.12057 0
2.12712 0
2.13394 0
2.14048 0
2.14703 0
2.15385 0
2.16039 0
2.16694 0
2.09739 0.34225
2.10367 0.343
2.11048 0.342
2.11758 0.34
2.12412 0.34
2.13121 0.339
2.13803 0.33825
2.1443 0.339
2.15112 0.33875
2.15739 0.34
2.16421 0.3395
2.17103 0.339
2.17757 0.3385
2.18466 0.338
2.19121 0.33825
2.19775 0.338
2.20457 0.33775
2.21084 0.339
2.21739 0.3385
2.22448 0.338
2.23075 0.3395
2.23702 0.34
2.24411 0.33925
2.25038 0.34
2.2572 0.34075
2.26347 0.342
2.26975 0.3435
2.27656 0.344
2.28284 0.3455
2.28911 0.346
2.29593 0.34675
2.3022 0.348
2.30847 0.34975
2.31502 0.351
2.32156 0.3515
2.32811 0.352
2.33465 0.3525
2.34092 0.354
2.34774 0.35475
2.35374 0.357
2.36029 0.35825
2.36656 0.36
2.3731 0.361
2.37965 0.362
2.38619 0.3625
2.39246 0.364
2.39928 0.36425
2.40555 0.366
2.41183 0.36675
2.41864 0.368
2.42464 0.37
2.43119 0.371
2.43773 0.3725
2.44401 0.374
2.45082 0.37375
2.45737 0.375
2.46364 0.37525
2.47019 0.377
2.47646 0.379
2.483 0.38
2.48955 0.381
2.49582 0.383
2.50264 0.3825
2.51627 0.385
2.52255 0.38625
2.52936 0.388
2.53536 0.39
2.54191 0.392
2.54818 0.394
2.55473 0.396
2.56127 0.39875
2.56754 0.401
2.57409 0.40275
2.58009 0.406
2.58663 0.4095
2.5929 0.413
2.59918 0.4155
2.60545 0.419
2.61172 0.42175
2.61799 0.426
2.62454 0.42975
2.63054 0.434
2.63681 0.438
2.64308 0.442
2.64936 0.4465
2.65563 0.45
2.6619 0.45375
2.66844 0.457
2.67444 0.46025
2.68099 0.464
2.68753 0.4675
2.69381 0.47
2.70008 0.4745
2.70608 0.48
2.71181 0.49275
2.71753 0.506
2.72299 0.51925
2.72871 0.534
2.73417 0.5465
2.74017 0.56
2.74617 0.5705
2.75189 0.582
2.75817 0.59175
2.76417 0.601
2.77098 0.60025
2.88116 0
2.88797 0
2.89479 0
2.90134 0
2.90815 0
2.9147 0
2.92152 0
2.8607 0.3005
2.86752 0.3
2.87434 0.299
2.88088 0.299
2.8877 0.29925
2.89452 0.299
2.90134 0.29825
2.90788 0.299
2.9147 0.2985
2.92152 0.298
2.92861 0.2975
2.93488 0.298
2.94197 0.29725
2.94824 0.298
2.95533 0.29725
2.96188 0.298
2.96842 0.2985
2.97497 0.299
2.98179 0.2985
2.98833 0.299
2.99515 0.29925
3.00169 0.299
3.00878 0.29875
3.01506 0.299
3.02187 0.3
3.02869 0.3
3.03496 0.301
3.04178 0.301
3.04833 0.30025
3.05542 0.3
3.06223 0.29975
3.07614 0.301
3.08269 0.30025
3.08923 0.301
3.09578 0.301
3.10205 0.302
3.10914 0.301
3.11569 0.301
3.12196 0.30225
3.12823 0.303
3.13477 0.30275
3.14132 0.304
-3.13532 0.304
-3.12905 0.305
-3.1225 0.3055
-3.11596 0.306
-3.10941 0.30625
-3.10287 0.307
-3.0966 0.30725
-3.08978 0.307
-3.08296 0.307
-3.07669 0.308
-3.07014 0.308
-3.06387 0.309
-3.05733 0.30925
-3.05078 0.31
-3.04424 0.30975
-3.03742 0.309
-3.03115 0.31
-3.02487 0.312
-3.01833 0.3125
-3.01206 0.314
-3.00551 0.31425
-2.99924 0.315
-2.99269 0.31625
-2.98642 0.317
-2.97988 0.318
-2.97388 0.32
-2.96706 0.319
-2.96024 0.319
-2.9537 0.31875
-2.94742 0.32
-2.94088 0.32025
-2.93433 0.321
-2.92806 0.3225
-2.92152 0.323
-2.91552 0.325
-2.90925 0.326
-2.90243 0.32675
-2.89616 0.328
-2.88988 0.32925
-2.88361 0.33
-2.87707 0.3305
-2.87052 0.332
-2.86452 0.335
-2.85852 0.337
-2.8517 0.33575
-2.84489 0.336
-2.83834 0.33625
-2.83207 0.337
-2.8258 0.3385
-2.81952 0.34
-2.81298 0.342
-2.80671 0.343
-2.80016 0.34375
-2.79389 0.345
-2.78762 0.34675
-2.78107 0.348
-2.7748 0.35
-2.76853 0.351
-2.76226 0.3525
-2.75571 0.355
-2.74917 0.35475
-2.74262 0.355
-2.73635 0.35625
-2.73008 0.358
-2.72353 0.3595
-2.71726 0.361
-2.71099 0.362
-2.70471 0.364
-2.6979 0.3635
-2.68563 0.368
-2.67935 0.36925
-2.67308 0.371
-2.66654 0.3725
-2.66026 0.375
-2.65426 0.377
-2.64745 0.378
-2.64117 0.38025
-2.63463 0.382
-2.62836 0.38425
-2.62208 0.386
-2.61554 0.388
-2.60927 0.389
-2.60299 0.392
-2.59672 0.394
-2.59045 0.39625
-2.58391 0.398
-2.57709 0.39725
-2.48519 0
-2.47864 0
-2.4721 0
-2.46528 0
-2.45873 0
-2.55145 0.5405
-2.54491 0.541
-2.53918 0.5495
-2.53291 0.559
-2.52691 0.56775
-2.52091 0.576
-2.51409 0.57625
-2.40555 0
-2.39874 0
-2.39219 0
-2.38565 0
-2.37883 0
-2.37228 0
-2.36547 0
-2.483 1.393
-2.47646 1.393
-2.46964 1.399
-2.4631 1.405
-2.45628 1.41075
-2.44973 1.416
-2.44346 1.42175
-2.43664 1.427
-2.4301 1.433
-2.42328 1.44
-2.41701 1.4465
-2.41046 1.452
-2.40365 1.45875
-2.3971 1.465
-2.39056 1.47125
-2.38401 1.478
-2.37747 1.485
-2.37065 1.493
-2.36438 1.5
-2.35783 1.506
-2.35101 1.51375
-2.34447 1.522
-2.33792 1.52975
-2.33138 1.537
-2.32483 1.5455
-2.31802 1.554
-2.31174 1.563
-2.30493 1.571
-2.29838 1.57975
-2.29211 1.59
-2.28529 1.60025
-2.27875 1.61
-2.27193 1.6185
-2.26566 1.628
-2.25911 1.638
-2.25229 1.648
-2.24575 1.65625
-2.2392 1.665
-2.23266 1.67725
-2.22611 1.689
-2.21957 1.7005
-2.21302 1.711
-2.20621 1.7115
-2.19311 1.683
-2.18684 1.69675
-2.18003 1.712
-2.17321 1.7275
-2.16694 1.742
-2.16012 1.7565
-2.15357 1.771
-2.14703 1.78325
-2.14021 1.797
-2.13366 1.81225
-2.12712 1.827
-2.1203 1.8425
-2.11376 1.858
-2.10721 1.8725
-2.10039 1.887
-2.09385 1.90225
-2.0873 1.919
-2.08049 1.93575
-2.07394 1.954
-2.0674 1.974
-2.06085 1.995
-2.05403 2.0125
-2.04749 2.03
-2.04094 2.04775
-2.03413 2.066
-2.02758 2.08625
-2.02104 2.106
-2.01422 2.1265
-2.00767 2.148
-2.00113 2.1715
-1.99431 2.195
-1.98804 2.21725
-1.98122 2.24
-1.9744 2.26725
-1.96813 2.295
-1.96131 2.3465
-1.95477 2.398
-1.9485 2.425
-1.94168 2.452
-1.93486 2.48225
-1.92859 2.513
-1.92177 2.54425
-1.91495 2.576
-1.90868 2.6085
-1.90186 2.64
-1.89532 2.6755
-1.88877 2.71
-1.88196 2.74825
-1.87541 2.788
-1.86887 2.82725
-1.86232 2.867
-1.8555 2.877
-1.84896 2.887
-1.84214 2.8765
-1.83532 2.866
-1.8285 2.85925
-1.82169 2.854
-1.81487 2.84475
-1.80832 2.837
-1.80151 2.837
-1.66297 0
-1.65643 0
-1.64961 0
-1.64279 0
-1.63625 0
-1.62943 0
-1.62261 0
-1.61607 0
-1.60925 0
-1.60243 0
-1.59589 0
-1.71942 2.4155
-1.7126 2.416
-1.70606 2.41375
-1.69924 2.411
-1.69242 2.41075
-1.55552 0
-1.68015 2.7105
-1.67333 2.711
-1.66652 2.7105
-1.65234 2.707
-1.64579 2.70275
-1.63925 2.698
-1.6327 2.6935
-1.62616 2.69
-1.61961 2.688
-1.61279 2.685
-1.60625 2.68225
-1.5997 2.68
-1.59316 2.67825
-1.58661 2.678
-1.5798 2.674
-1.57325 2.67
-1.56643 2.667
-1.55989 2.663
-1.55334 2.66025
-1.54653 2.658
-1.53998 2.65475
-1.53344 2.652
-1.52689 2.65
-1.52035 2.647
-1.5138 2.6455
-1.50698 2.643
-1.50044 2.64075
-1.49389 2.639
-1.48735 2.63725
-1.4808 2.637
-1.47399 2.639
-1.46744 2.641
-1.4609 2.6395
-1.45435 2.639
-1.44781 2.63875
-1.30982 0
-1.30327 0
-1.29673 0
-1.29018 0
-1.28364 0
-1.27682 0
-1.27027 0
-1.26373 0
-1.25718 0
-1.25064 0
-1.24409 0
-1.23728 0
-1.23073 0
-1.22418 0
-1.21764 0
-1.21109 0
-1.20428 0
-1.19773 0
-1.19119 0
-1.18464 0
-1.1781 0
-1.17128 0
-1.16473 0
-1.15819 0
-1.15164 0
-1.1451 0
-1.13828 0
-1.13174 0
-1.12519 0
-1.11865 0
-1.1121 0
-1.10556 0
-1.09874 0
-1.09219 0
-1.08565 0
-1.0791 0
-1.07256 0
-1.06574 0
-1.0592 0
-1.05265 0
-1.04611 0
-1.03956 0
-1.03274 0
-1.0262 0
-1.01965 0
-1.01311 0
-1.00656 0
-0.999747 0
-0.985565 0
-0.97902 0
-0.972476 0
-0.965658 0
-0.959113 0
-0.952568 0
-0.94575 0
-0.939205 0
-0.932388 0
-0.925843 0
-0.919298 0
-1.03383 1.18725
-1.02729 1.187
-1.02047 1.1865
-0.892572 0
-0.886027 0
-0.87921 0
-0.872665 0
-0.865847 0
-0.975476 0.9295
-0.968931 0.929
-0.962113 0.92825
-0.839394 0
-0.832577 0
-0.826032 0
-0.819486 0
-0.812669 0
-0.806124 0
-0.799579 0
-0.869938 0.34625
-0.863393 0.346
-0.855757 0.3415
-0.848394 0.337
-0.841849 0.337
-0.759491 0
-0.752946 0
-0.746128 0
-0.739583 0
-0.733038 0
-0.802579 0.34225
-0.796306 0.343
-0.789216 0.34275
-0.706313 0
-0.699768 0
-0.69295 0
-0.686405 0
-0.679588 0
-0.673043 0
-0.666498 0
-0.65968 0
-0.653135 0
-0.646317 0
-0.639772 0
-0.633227 0
-0.626409 0
-0.619865 0
-0.61332 0
-0.710131 0.6035
-0.703859 0.604
-0.696768 0.5995
-0.68995 0.595
-0.68286 0.58925
-0.67577 0.585
-0.668952 0.58025
-0.661862 0.576
-0.655044 0.5725
-0.648226 0.568
-0.641136 0.5645
-0.634318 0.56
-0.627228 0.55575
-0.62041 0.553
-0.613592 0.54875
-0.606775 0.546
-0.599957 0.5425
-0.592867 0.539
-0.586049 0.536
-0.579231 0.532
-0.572141 0.52925
-0.565323 0.527
-0.558505 0.52675
-0.543779 0.52
-0.536961 0.517
-0.530144 0.515
-0.523326 0.51125
-0.516236 0.509
-0.509418 0.50625
-0.5026 0.504
-0.49551 0.502
-0.488692 0.499
-0.481602 0.497
-0.474784 0.494
-0.467966 0.49175
-0.461149 0.489
-0.454058 0.48725
-0.446968 0.485
-0.440423 0.483
-0.433333 0.481
-0.426515 0.478
-0.419424 0.476
-0.412607 0.47475
-0.405789 0.473
-0.398971 0.47125
-0.392154 0.469
-0.385063 0.4665
-0.378246 0.465
-0.371428 0.4635
-0.364337 0.462
-0.357793 0.46025
-0.350702 0.459
-0.343884 0.45675
-0.337066 0.456
-0.329976 0.4545
-0.323431 0.453
-0.316341 0.451
-0.309796 0.45
-0.302978 0.45075
-0.296706 0.453
-0.289888 0.45325
-0.191168 0
-0.184623 0
-0.177805 0
-0.171261 0
-0.164443 0
-0.157625 0
-0.15108 0
-0.144262 0
-0.137718 0
-0.1309 0
-0.124355 0
-0.206985 0.4315
-0.200167 0.431
-0.193622 0.431
-0.0973566 0
-0.0908116 0
-0.0839937 0
-0.0771764 0
-0.0706313 0
-0.0638135 0
-0.0572684 0
-0.0504511 0
-0.043906 0
-0.0370882 0
-0.0302704 0
-0.141262 0.98325
-0.134445 0.983
-0.127627 0.97625
-0.120809 0.971
-0.113992 0.97
-0.107447 0.97
-0.100629 0.9685
-0.0940841 0.966
-0.0869935 0.96475
-0.0804489 0.963
-0.0736311 0.95625
-0.0665405 0.949
-0.0599955 0.954
-0.0534509 0.96
-0.0469058 0.9595
0.0769036 0
0.0837213 0
0.0979021 0
0.104447 0
0.110992 0
0.117537 0
0.124082 0
0.0539961 0.34575
0.0602684 0.346
0.0670861 0.345
0.0739038 0.344
0.0804488 0.344
0.0872665 0.343
0.0938114 0.34325
0.100356 0.343
0.106901 0.34325
0.113719 0.344
0.119991 0.345
0.126536 0.345
0.133081 0.3455
0.139354 0.346
0.146171 0.34675
0.152171 0.349
0.158443 0.35075
0.164715 0.352
0.170988 0.3545
0.177533 0.356
0.183532 0.359
0.189805 0.361
0.195804 0.36375
0.202076 0.368
0.208349 0.36825
0.295888 0
0.172624 2.2795
0.179169 2.28
0.185714 2.338
0.191986 2.397
0.198531 2.39725
0.33543 0
0.341975 0
0.348793 0
0.355338 0
0.361883 0
0.368428 0
0.375246 0
0.381791 0
0.388336 0
0.26589 2.08325
0.272435 2.084
0.279253 2.086
0.285798 2.088
0.292343 2.091
0.298888 2.093
0.305433 2.09275
0.31225 2.094
0.318795 2.09775
0.325068 2.103
0.331613 2.1055
0.33843 2.109
0.344975 2.1125
0.35152 2.116
0.358065 2.11725
0.36461 2.12
0.371428 2.12225
0.377973 2.126
0.384518 2.128
0.391063 2.131
0.397608 2.134
0.404426 2.137
0.410971 2.14125
0.417515 2.145
0.42406 2.14975
0.430878 2.155
0.43715 2.1595
0.443695 2.163
0.45024 2.1675
0.456785 2.171
0.463603 2.17575
0.470148 2.181
0.476693 2.18625
0.483238 2.193
0.490056 2.19225
0.5026 2.202
0.509145 2.20725
0.51569 2.214
0.521963 2.22
0.528508 2.227
0.535325 2.2335
0.54187 2.239
0.548415 2.24275
0.55496 2.248
0.561778 2.25475
0.568323 2.263
0.574868 2.271
0.581413 2.278
0.587685 2.2855
0.594503 2.292
0.601048 2.29925
0.607593 2.306
0.614138 2.31375
0.620955 2.321
0.6275 2.331
0.634045 2.34
0.64059 2.347
0.646863 2.355
0.65368 2.36225
0.660225 2.371
0.66677 2.38225
0.673315 2.394
0.680133 2.4
0.686678 2.407
0.693223 2.418
0.699495 2.429
0.70604 2.48425
0.712585 2.541
0.71913 2.55375
0.725675 2.567
0.73222 2.5785
0.738765 2.591
0.74531 2.5905
0.883027 0
0.889573 0
0.896118 0
0.902935 0
0.90948 0
0.793852 1.25475
0.800397 1.255
0.807487 1.23775
0.814032 1.22
0.820577 1.22
0.949023 0
0.95584 0
