0.83694 6.612
0.851121 6.678
0.857666 6.67725
1.00029 0
1.00684 0
1.01365 0
1.0202 0
1.02674 0
1.03329 0
1.04011 0
1.04665 0
1.0532 0
1.05974 0
1.06656 0
1.0731 0
1.07965 0
1.08619 0
1.09301 0
1.09956 0
1.1061 0
1.11292 0
1.11947 0
1.12601 0
1.13256 0
1.13937 0
1.14592 0
1.15246 0
1.15901 0
1.16583 0
1.17237 0
1.17892 0
1.18546 0
1.19228 0
1.19882 0
1.20537 0
1.21219 0
1.21873 0
1.22528 0
1.23182 0
1.23864 0
1.24518 0
1.25173 0
1.25827 0
1.26509 0
1.27164 0
1.27818 0
1.28473 0
1.29154 0
1.29809 0
1.30463 0
1.31145 0
1.318 0
1.32454 0
1.33109 0
1.3379 0
1.34445 0
1.35099 0
1.35754 0
1.36436 0
1.3709 0
1.37745 0
1.38399 0
1.39081 0
1.39735 0
1.4039 0
1.41072 0
1.41726 0
1.42381 0
1.43035 0
1.43717 0
1.44371 0
1.45026 0
1.4568 0
1.46362 0
1.47017 0
1.47671 0
1.48326 0
1.49007 0
1.49662 0
1.50316 0
1.50998 0
1.52389 0
1.53044 0
1.53698 0
1.5438 0
1.55034 0
1.55689 0
1.56371 0
1.57025 0
1.57707 0
1.58361 0
1.59016 0
1.59698 0
1.60352 0
1.61034 0
1.61688 0
1.49253 2.57025
1.49935 2.571
1.50589 2.5705
1.64361 0
1.65015 0
1.6567 0
1.53889 1.451
1.54543 1.451
1.55225 1.45025
1.68342 0
1.68997 0
1.69679 0
1.68615 0.17725
1.69215 0.178
1.70033 0.176
1.7077 0.175
1.7156 0.1735
1.72242 0.173
1.72978 0.17175
1.73715 0.171
1.74478 0.16975
1.75215 0.169
1.75951 0.168
1.76605 0.168
1.77287 0.168
1.77996 0.167
1.7876 0.16625
1.79414 0.166
1.80151 0.16525
1.80832 0.165
1.81487 0.165
1.82169 0.165
1.82796 0.1655
1.83478 0.165
1.84269 0.16375
1.84896 0.164
1.85632 0.16325
1.86232 0.164
1.86887 0.164
1.87487 0.165
1.88114 0.1655
1.88796 0.165
1.89532 0.16425
1.90132 0.165
1.90841 0.16475
1.91386 0.166
1.92013 0.1665
1.92723 0.166
1.93377 0.166
1.93977 0.167
1.94659 0.16675
1.95231 0.168
1.95913 0.16775
1.96486 0.169
1.97086 0.17
1.9774 0.17
1.98313 0.171
1.98995 0.171
1.99567 0.17225
2.00195 0.173
2.00767 0.17425
2.01367 0.175
2.0194 0.1765
2.0254 0.177
2.03194 0.1775
2.04504 0.179
2.05049 0.18075
2.05622 0.182
2.06249 0.183
2.06767 0.185
2.0734 0.1865
2.07858 0.189
2.08349 0.19225
2.08785 0.196
2.09494 0.19525
2.13012 0
2.13694 0
2.14348 0
2.1503 0
2.15685 0
2.16366 0
2.17021 0
2.17675 0
2.18357 0
2.19012 0
2.19693 0
2.20348 0
2.2103 0
2.21684 0
2.22366 0
2.2302 0
2.23702 0
2.24357 0
2.25038 0
2.25693 0
2.26375 0
2.27029 0
2.27684 0
2.28365 0
2.2902 0
2.18193 0.8835
2.18848 0.883
2.1953 0.886
2.20184 0.888
2.20839 0.89125
2.21493 0.895
2.22175 0.89475
2.34365 0
2.23375 0.9495
2.24029 0.95
2.24711 0.949
2.25366 0.947
2.26047 0.94675
2.26702 0.947
2.27356 0.94825
2.28038 0.951
2.28665 0.9555
2.29347 0.959
2.30002 0.9625
2.30656 0.966
2.31311 0.97225
2.31965 0.98
2.3262 0.98925
2.33274 0.998
2.33874 1.019
2.34529 1.04
2.35183 1.0395
2.47728 0
2.48382 0
2.49037 0
2.36847 2.03675
2.37501 2.037
2.38183 2.01775
2.38837 1.999
2.39546 1.9845
2.40201 1.97
2.40883 1.9535
2.41564 1.936
2.42246 1.91925
2.42901 1.902
2.4361 1.88825
2.44264 1.875
2.44946 1.8595
2.45628 1.844
2.4631 1.844
2.47564 1.819
2.48246 1.80525
2.489 1.793
2.49582 1.78
2.50264 1.767
2.50918 1.7545
2.516 1.742
2.52255 1.72975
2.52964 1.718
2.53618 1.70525
2.54273 1.694
2.54982 1.684
2.55636 1.673
2.56318 1.6635
2.57 1.653
2.57654 1.64375
2.58336 1.635
2.58991 1.62575
2.597 1.616
2.60354 1.606
2.61009 1.597
2.61718 1.5885
2.62372 1.58
2.63054 1.57175
2.63708 1.564
2.6439 1.55575
2.65072 1.547
2.65726 1.5395
2.66381 1.532
2.6709 1.525
2.67744 1.517
2.68426 1.50875
2.69081 1.502
2.69762 1.49475
2.70444 1.488
2.71099 1.4815
2.7178 1.476
2.72462 1.469
2.73117 1.463
2.73799 1.45675
2.74453 1.451
2.75135 1.44475
2.75817 1.438
2.76471 1.431
2.77153 1.424
2.77807 1.419
2.78516 1.414
2.79171 1.40925
2.79825 1.406
2.80507 1.40025
2.81162 1.396
2.81871 1.39
2.82525 1.385
2.8318 1.38
2.83861 1.374
2.84516 1.36975
2.85198 1.367
2.85879 1.36275
2.86534 1.358
2.87216 1.3545
2.8787 1.35
2.88525 1.3455
2.89234 1.341
2.89888 1.33725
2.9057 1.335
2.91225 1.33125
2.91879 1.328
2.92561 1.324
2.93243 1.32
2.93924 1.317
2.94579 1.313
2.95233 1.30975
2.95915 1.307
2.9657 1.30425
2.97251 1.301
2.97933 1.2975
2.98588 1.295
2.99269 1.292
2.99924 1.29
3.00606 1.2895
3.0186 1.286
3.02515 1.28325
3.03169 1.281
3.03878 1.278
3.04533 1.275
3.05214 1.273
3.05869 1.27
3.06551 1.26775
3.07205 1.266
3.07887 1.26425
3.08541 1.263
3.09223 1.2605
3.09905 1.257
3.10587 1.2545
3.11241 1.252
3.11923 1.25075
3.12578 1.251
3.13232 1.24975
3.13914 1.249
-3.1375 1.249
-3.00851 0
-3.12005 1.007
-3.11323 1.007
-3.10669 1.00525
-3.09987 1.004
-3.09305 1.00075
-3.08623 0.999
-3.07969 0.998
-3.07287 0.998
-3.06605 0.99
-3.05923 0.982
-3.05269 0.98375
-3.04614 0.986
-3.03933 0.98775
-3.03278 0.99
-3.02596 0.9815
-3.01915 0.974
-3.0126 0.9785
-3.00606 0.982
-2.99924 0.98275
-2.99269 0.983
-2.9856 0.97525
-2.97906 0.969
-2.97224 0.9745
-2.96597 0.98
-2.95915 0.98
-2.95261 0.981
-2.94552 0.97675
-2.93897 0.973
-2.93243 0.97675
-2.92588 0.98
-2.91934 0.9795
-2.91252 0.978
-2.9057 0.9775
-2.89888 0.977
-2.89261 0.98025
-2.88579 0.983
-2.87925 0.98425
-2.87243 0.986
-2.86589 0.986
-2.85907 0.986
-2.85252 0.987
-2.8457 0.989
-2.83998 1.01575
-2.83398 1.044
-2.82716 1.04375
-2.70171 0
-2.81707 1.2515
-2.81053 1.252
-2.80371 1.253
-2.79716 1.255
-2.79035 1.25525
-2.66163 0
-2.65481 0
-2.64826 0
-2.76035 1.05325
-2.7538 1.053
-2.74698 1.043
-2.74017 1.032
-2.73335 1.0325
-2.7189 1.015
-2.71235 1.008
-2.70553 1.002
-2.69872 0.99575
-2.6919 0.989
-2.68508 0.98275
-2.67853 0.978
-2.67172 0.972
-2.6649 0.967
-2.65808 0.9585
-2.65099 0.951
-2.64445 0.94775
-2.6379 0.945
-2.63081 0.94125
-2.62427 0.939
-2.61745 0.9395
-2.6109 0.941
-2.60436 0.9395
-2.59754 0.937
-2.591 0.93725
-2.58418 0.937
-2.57763 0.93375
-2.57109 0.932
-2.564 0.931
-2.55745 0.93
-2.55064 0.931
-2.54436 0.932
-2.53754 0.93075
-2.53073 0.931
-2.52418 0.92975
-2.51736 0.928
-2.51082 0.9285
-2.50427 0.929
-2.49746 0.929
-2.49091 0.93
-2.48437 0.93175
-2.47782 0.934
-2.47128 0.93525
-2.46446 0.938
-2.45791 0.942
-2.45137 0.947
-2.44482 0.951
-2.43828 0.955
-2.43201 0.96625
-2.42546 0.977
-2.41864 0.97675
-2.29484 0
-2.28802 0
-2.28147 0
-2.39983 1.48
-2.39301 1.48
-2.38647 1.4855
-2.37965 1.492
-2.3731 1.49825
-2.36683 1.505
-2.36001 1.51225
-2.35347 1.52
-2.34665 1.5275
-2.34038 1.535
-2.33383 1.542
-2.32701 1.55
-2.32047 1.55775
-2.31392 1.565
-2.30738 1.57425
-2.30083 1.583
-2.29429 1.591
-2.28774 1.598
-2.28093 1.6085
-2.27438 1.618
-2.26811 1.62775
-2.26129 1.637
-2.25475 1.64575
-2.24793 1.656
-2.24166 1.6655
-2.23511 1.675
-2.22829 1.6845
-2.22202 1.695
-2.2152 1.70625
-2.20866 1.717
-2.20184 1.71725
-2.18766 1.678
-2.18139 1.70975
-2.17484 1.743
-2.1683 1.7465
-2.16148 1.749
-2.15466 1.7615
-2.14839 1.774
-2.14157 1.78725
-2.13503 1.8
-2.12848 1.81425
-2.12167 1.829
-2.11512 1.843
-2.10858 1.858
-2.10176 1.873
-2.09521 1.888
-2.08867 1.90375
-2.08212 1.919
-2.07531 1.93425
-2.06876 1.95
-2.06222 1.968
-2.0554 1.986
-2.04885 2.0055
-2.04231 2.024
-2.03549 2.04175
-2.02922 2.061
-2.0224 2.08025
-2.01586 2.101
-2.00931 2.1225
-2.00249 2.143
-1.99622 2.1645
-1.9894 2.187
-1.98258 2.20975
-1.97631 2.233
-1.9695 2.25525
-1.96268 2.279
-1.95641 2.3295
-1.94986 2.379
-1.94331 2.406
-1.93677 2.434
-1.92995 2.46275
-1.92341 2.491
-1.91686 2.51925
-1.91004 2.547
-1.9035 2.5805
-1.89695 2.615
-1.89041 2.6485
-1.88386 2.683
-1.87705 2.71875
-1.8705 2.755
-1.86396 2.79175
-1.85714 2.83
-1.85059 2.8395
-1.84378 2.85
-1.83723 2.86
-1.83069 2.871
-1.82387 2.86325
-1.81705 2.857
-1.81023 2.84875
-1.80369 2.841
-1.79687 2.783
-1.78978 2.724
-1.78324 2.7245
-1.64497 0
-1.63816 0
-1.63161 0
-1.62479 0
-1.61825 0
-1.61143 0
-1.60461 0
-1.59807 0
-1.59125 0
-1.58443 0
-1.57789 0
-1.70142 2.40375
-1.69488 2.404
-1.68806 2.40425
-1.68124 2.406
-1.6747 2.4065
-1.53753 0
-1.53071 0
-1.64797 2.7
-1.64143 2.6975
-1.63488 2.695
-1.62834 2.69025
-1.62152 2.687
-1.61497 2.68525
-1.60843 2.685
-1.60189 2.6835
-1.59507 2.681
-1.58852 2.675
-1.5817 2.668
-1.57516 2.66625
-1.56834 2.664
-1.5618 2.66125
-1.55525 2.66
-1.54871 2.6565
-1.54189 2.654
-1.53534 2.6515
-1.5288 2.65
-1.52225 2.64625
-1.51544 2.644
-1.50889 2.64125
-1.50235 2.638
-1.4958 2.6345
-1.48898 2.632
-1.48244 2.63
-1.47589 2.628
-1.46935 2.62675
-1.46253 2.626
-1.45599 2.62475
-1.44944 2.624
-1.4429 2.6245
-1.30491 0
-1.29836 0
-1.29182 0
-1.28527 0
-1.27845 0
-1.27191 0
-1.26536 0
-1.25882 0
-1.252 0
-1.24546 0
-1.23891 0
-1.23237 0
-1.22555 0
-1.219 0
-1.21246 0
-1.20591 0
-1.1991 0
-1.19255 0
-1.18601 0
-1.17946 0
-1.17264 0
-1.1661 0
-1.15955 0
-1.15301 0
-1.14619 0
-1.13965 0
-1.1331 0
-1.12656 0
-1.11974 0
-1.11319 0
-1.10665 0
-1.23155 2.676
-1.22473 2.676
-1.21819 2.67625
-1.0802 0
-1.07365 0
-1.06683 0
-1.06029 0
-1.05374 0
-1.0472 0
-1.04038 0
-1.03383 0
-1.02729 0
-1.02075 0
-1.01393 0
-1.00738 0
-1.00084 0
-0.994019 0
-0.980111 0
-0.973566 0
-0.967021 0
-0.960204 0
-0.953659 0
-0.946841 0
-0.940296 0
-0.933479 0
-0.926934 0
-0.920116 0
-0.913571 0
-0.906753 0
-0.900208 0
-0.89339 0
-0.886845 0
-0.880028 0
-0.873483 0
-0.866665 0
-0.86012 0
-0.968931 0.90675
-0.962385 0.907
-0.955568 0.907
-0.833395 0
-0.943841 0.9665
-0.937296 0.966
-0.930206 0.95525
-0.923388 0.945
-0.91657 0.94475
-0.793307 0
-0.90239 0.9155
-0.895845 0.915
-0.889027 0.915
-0.766581 0
-0.759764 0
-0.753218 0
-0.746401 0
-0.739856 0
-0.733038 0
-0.726493 0
-0.852212 3.10025
-0.845667 3.101
-0.838849 3.10075
-0.699768 0
-0.69295 0
-0.686405 0
-0.679588 0
-0.673043 0
-0.666225 0
-0.65968 0
-0.652862 0
-0.646317 0
-0.639499 0
-0.632954 0
-0.626137 0
-0.619592 0
-0.715312 0.585
-0.708767 0.585
-0.701677 0.58
-0.694859 0.575
-0.687769 0.56975
-0.680678 0.565
-0.673588 0.56075
-0.667043 0.558
-0.659952 0.5535
-0.653135 0.55
-0.645772 0.5455
-0.638954 0.541
-0.631864 0.53725
-0.625046 0.534
-0.617956 0.53025
-0.611138 0.527
-0.604048 0.523
-0.59723 0.52
-0.59014 0.517
-0.583322 0.513
-0.576231 0.51025
-0.569413 0.507
-0.562323 0.50325
-0.555778 0.501
-0.548688 0.50025
-0.535871 0.495
-0.529053 0.49175
-0.522235 0.489
-0.515145 0.4865
-0.508327 0.484
-0.501237 0.4815
-0.494419 0.479
-0.487329 0.47625
-0.480784 0.474
-0.47342 0.47075
-0.466875 0.469
-0.459785 0.4675
-0.452967 0.465
-0.445877 0.462
-0.43906 0.46
-0.431969 0.45725
-0.425424 0.456
-0.418606 0.45325
-0.411516 0.452
-0.404971 0.45
-0.39788 0.449
-0.391335 0.448
-0.384245 0.446
-0.377427 0.44225
-0.370337 0.44
-0.363519 0.43825
-0.356702 0.438
-0.349884 0.436
-0.343067 0.435
-0.336249 0.4335
-0.329158 0.432
-0.322613 0.43025
-0.315796 0.429
-0.308705 0.42675
-0.30216 0.426
-0.295342 0.4265
-0.288798 0.426
-0.28198 0.4265
-0.186532 0
-0.179715 0
-0.173169 0
-0.166352 0
-0.159807 0
-0.152989 0
-0.146444 0
-0.139626 0
-0.133081 0
-0.126263 0
-0.119719 0
-0.113174 0
-0.106356 0
-0.0998109 0
-0.0929936 0
-0.0864485 0
-0.0796307 0
-0.0730856 0
-0.0662678 0
-0.0597232 0
-0.0529054 0
-0.0463603 0
-0.0395425 0
-0.0329974 0
-0.0261801 0
-0.019635 0
-0.01309 0
-0.00627214 0
0.000272708 0
-0.122173 2.12375
-0.115628 2.124
-0.10881 2.11975
-0.102265 2.117
-0.0954478 2.1135
-0.0889028 2.109
-0.082085 2.1045
-0.0755399 2.101
-0.0684498 2.09625
-0.0619047 2.093
-0.0550869 2.08875
-0.0485418 2.086
-0.0417245 2.08525
-0.0291799 2.083
-0.0226348 2.08075
-0.015817 2.08
-0.00899917 2.0775
-0.00245458 2.075
0.00436332 2.0735
0.011181 2.071
0.017726 2.06875
0.0245437 2.067
0.0313614 2.06175
0.0379064 2.058
0.0447241 2.0585
0.180533 0
0.18735 0
0.193895 0
0.200713 0
0.207531 0
0.214076 0
0.220893 0
0.227711 0
0.234256 0
0.241074 0
0.247891 0
0.254709 0
0.261254 0
0.268072 0
0.274889 0
0.281434 0
0.288252 0
0.29507 0
0.301615 0
0.308432 0
0.31525 0
0.321795 0
0.328613 0
0.208076 1.799
0.214894 1.799
0.221439 1.77525
0.228529 1.751
0.235347 1.75075
0.368974 0
0.375791 0
0.382609 0
0.389154 0
0.395972 0
0.27298 2.2395
0.279798 2.239
0.286343 2.273
0.292888 2.306
0.299706 2.30575
0.436332 0
0.44315 0
0.449968 0
0.456513 0
0.46333 0
0.470148 0
0.476693 0
0.483511 0
0.490328 0
0.368155 2.08825
0.3747 2.089
0.381518 2.093
0.388336 2.096
0.394608 2.1
0.401426 2.103
0.408243 2.10725
0.414788 2.112
0.421606 2.11525
0.428424 2.119
0.435241 2.122
0.441786 2.125
0.448604 2.129
0.455422 2.133
0.461967 2.13675
0.468785 2.14
0.475602 2.14525
0.482147 2.151
0.488965 2.153
0.49551 2.156
0.5026 2.1555
0.516508 2.168
0.522781 2.175
0.529326 2.181
0.535871 2.18525
0.542143 2.19
0.548688 2.19475
0.555233 2.2
0.561778 2.2065
0.56805 2.212
0.574322 2.2205
0.580867 2.228
0.587412 2.23325
0.593685 2.239
0.60023 2.24425
0.606775 2.25
0.61332 2.257
0.619592 2.265
0.626137 2.2725
0.632682 2.281
0.638954 2.28875
0.645226 2.297
0.651771 2.30425
0.658316 2.312
0.664861 2.3205
0.671134 2.329
0.677679 2.338
0.684224 2.348
0.690496 2.35725
0.696768 2.367
0.703313 2.37675
0.709858 2.386
0.716403 2.3965
0.722675 2.406
0.72922 2.416
0.735493 2.427
0.742038 2.48125
0.748037 2.535
0.754582 2.54825
0.761127 2.562
0.767672 2.5605
0.773944 2.56
0.780489 2.5605
0.917934 0
0.788398 6.43525
0.79467 6.436
0.801215 6.47175
0.80776 6.509
0.814305 6.50825
