0.970021 0
0.983929 0
0.990474 0
0.997019 0
1.00384 0
1.01038 0
1.0172 0
1.02374 0
1.03029 0
1.03711 0
1.04365 0
1.05047 0
1.05702 0
1.06383 0
1.07038 0
1.07692 0
1.08374 0
1.09029 0
1.0971 0
1.10365 0
1.11019 0
1.11701 0
1.12356 0
1.13037 0
1.13692 0
1.14374 0
1.15028 0
1.15683 0
1.16364 0
1.17019 0
1.17701 0
1.18355 0
1.1901 0
1.19691 0
1.20346 0
1.21028 0
1.21682 0
1.22364 0
1.23018 0
1.23673 0
1.24355 0
1.25009 0
1.25691 0
1.26345 0
1.27 0
1.27682 0
1.28336 0
1.29018 0
1.29673 0
1.30354 0
1.31009 0
1.31663 0
1.32345 0
1.33 0
1.33681 0
1.34336 0
1.3499 0
1.35672 0
1.36327 0
1.37008 0
1.37663 0
1.38345 0
1.38999 0
1.39654 0
1.40335 0
1.4099 0
1.41672 0
1.42326 0
1.42981 0
1.43662 0
1.44317 0
1.44999 0
1.45653 0
1.46335 0
1.46989 0
1.47644 0
1.48326 0
1.4898 0
1.49662 0
1.50316 0
1.50998 0
1.52389 0
1.51789 0.17075
1.52416 0.171
1.53289 0.1685
1.54053 0.167
1.54816 0.166
1.55634 0.164
1.56507 0.16175
1.57216 0.161
1.5798 0.15975
1.58743 0.159
1.59479 0.158
1.60161 0.158
1.60816 0.158
1.61579 0.157
1.62288 0.15625
1.62997 0.156
1.63679 0.15575
1.64361 0.155
1.65043 0.155
1.65806 0.154
1.6657 0.153
1.67224 0.153
1.67933 0.15275
1.68561 0.153
1.69324 0.15225
1.70006 0.152
1.70688 0.1515
1.71342 0.152
1.72024 0.1515
1.72679 0.152
1.73306 0.15225
1.74015 0.152
1.74587 0.15275
1.75242 0.153
1.75869 0.1535
1.76551 0.153
1.77233 0.153
1.77887 0.153
1.78514 0.15375
1.79142 0.154
1.79742 0.15475
1.80369 0.155
1.81051 0.155
1.81705 0.155
1.8236 0.155
1.82987 0.156
1.83669 0.15575
1.84241 0.157
1.84841 0.15775
1.85414 0.159
1.86068 0.159
1.86641 0.16
1.87214 0.161
1.87868 0.161
1.88496 0.16175
1.89041 0.163
1.89695 0.16325
1.90214 0.165
1.90786 0.1665
1.91386 0.167
1.91932 0.169
1.92504 0.17
1.93104 0.17075
1.93622 0.173
1.94304 0.17275
1.96377 0
1.97031 0
1.97713 0
1.98368 0
1.99049 0
1.99704 0
2.00358 0
2.0104 0
2.01695 0
2.02376 0
2.03031 0
2.03713 0
2.04367 0
2.05049 0
2.0644 0
2.07094 0
2.07776 0
2.0843 0
2.09112 0
2.09794 0
2.10449 0
2.1113 0
2.11785 0
2.12467 0
2.13148 0
2.0614 0.34425
2.06794 0.345
2.07503 0.343
2.08212 0.34
2.08921 0.3385
2.09603 0.337
2.10312 0.33625
2.10967 0.337
2.11648 0.33625
2.12303 0.337
2.13039 0.3355
2.13721 0.334
2.14403 0.3335
2.15057 0.334
2.15739 0.33375
2.16394 0.335
2.17048 0.33525
2.17703 0.336
2.18384 0.3355
2.19066 0.335
2.19748 0.335
2.20402 0.335
2.21057 0.33575
2.21739 0.336
2.22393 0.33675
2.23048 0.337
2.23702 0.3375
2.24384 0.338
2.25038 0.339
2.25693 0.339
2.26375 0.33925
2.27029 0.341
2.27684 0.34125
2.28311 0.343
2.28965 0.3435
2.2962 0.345
2.30274 0.3465
2.30902 0.348
2.31556 0.34925
2.32211 0.351
2.32865 0.35075
2.3352 0.352
2.34147 0.3535
2.34829 0.354
2.35483 0.3555
2.36138 0.356
2.36792 0.35775
2.37392 0.36
2.38074 0.36025
2.38728 0.362
2.39383 0.3625
2.40037 0.364
2.40692 0.365
2.41319 0.367
2.42001 0.36725
2.42628 0.369
2.43283 0.37025
2.43964 0.371
2.44592 0.373
2.45219 0.376
2.45901 0.3765
2.46555 0.376
2.4721 0.37775
2.47837 0.379
2.48519 0.37975
2.49173 0.381
2.498 0.383
2.50482 0.384
2.51137 0.3845
2.52364 0.387
2.53018 0.388
2.53618 0.39
2.54273 0.39175
2.549 0.394
2.55554 0.39575
2.56154 0.399
2.56809 0.401
2.57409 0.404
2.58036 0.4075
2.58691 0.41
2.5929 0.41275
2.59918 0.416
2.60545 0.41925
2.61172 0.422
2.61772 0.4265
2.62427 0.43
2.63027 0.434
2.63627 0.438
2.64281 0.44175
2.64881 0.447
2.65481 0.45025
2.66108 0.455
2.66735 0.4585
2.67335 0.463
2.6799 0.4665
2.6859 0.471
2.69217 0.47525
2.69872 0.479
2.70472 0.48325
2.71099 0.488
2.71699 0.497
2.72271 0.507
2.7279 0.521
2.73362 0.535
2.73908 0.55125
2.74453 0.569
2.75026 0.58275
2.75598 0.598
2.76253 0.5975
2.8727 0
2.87925 0
2.88579 0
2.89261 0
2.89916 0
2.9057 0
2.91252 0
2.91906 0
2.92561 0
2.83561 0.507
2.84216 0.507
2.8487 0.50575
2.85552 0.505
2.86234 0.50375
2.86889 0.503
2.8757 0.5035
2.88225 0.503
2.88879 0.503
2.89534 0.504
2.90188 0.50625
2.90815 0.508
2.9147 0.51075
2.92097 0.515
2.92724 0.519
2.93379 0.523
2.94033 0.5235
3.04505 0
3.05187 0
3.05842 0
2.97906 0.40375
2.9856 0.404
2.99269 0.40075
2.99951 0.398
3.00688 0.3955
3.01369 0.393
3.02051 0.391
3.0276 0.389
3.03442 0.38625
3.04151 0.383
3.04833 0.38325
3.06142 0.38
3.06878 0.375
3.07587 0.37
3.08296 0.36975
3.08923 0.37
3.0966 0.36775
3.10314 0.367
3.11023 0.3655
3.11705 0.364
3.12441 0.3615
3.13123 0.359
3.13832 0.35675
-3.13777 0.355
-3.13068 0.35325
-3.12414 0.352
-3.11678 0.3495
-3.10996 0.348
-3.10287 0.346
-3.09605 0.345
-3.08869 0.34275
-3.08214 0.342
-3.07505 0.34075
-3.06851 0.341
-3.06142 0.3395
-3.0546 0.337
-3.04751 0.336
-3.04042 0.334
-3.03387 0.33325
-3.02678 0.332
-3.01969 0.32925
-3.01233 0.327
-3.00606 0.3275
-2.99897 0.327
-2.99215 0.3255
-2.98533 0.325
-2.97824 0.32325
-2.97142 0.323
-2.96488 0.32225
-2.95779 0.321
-2.95097 0.3195
-2.94361 0.317
-2.93679 0.3165
-2.92997 0.316
-2.92315 0.31475
-2.91606 0.314
-2.90925 0.31275
-2.90243 0.313
-2.89588 0.3125
-2.88879 0.311
-2.88197 0.3105
-2.87488 0.309
-2.86807 0.30725
-2.86098 0.307
-2.85416 0.30575
-2.84789 0.306
-2.8408 0.305
-2.83371 0.303
-2.82689 0.3025
-2.82034 0.303
-2.81325 0.30225
-2.80671 0.302
-2.79989 0.30125
-2.79307 0.301
-2.78653 0.3015
-2.77971 0.301
-2.77262 0.3
-2.76607 0.299
-2.75871 0.29775
-2.75217 0.297
-2.74508 0.29675
-2.7388 0.297
-2.73199 0.297
-2.72517 0.296
-2.7178 0.2945
-2.71126 0.294
-2.70444 0.29375
-2.69762 0.293
-2.69053 0.29225
-2.68426 0.293
-2.67717 0.29225
-2.66326 0.292
-2.65672 0.29175
-2.65017 0.292
-2.64336 0.2915
-2.63654 0.291
-2.62999 0.2915
-2.62318 0.291
-2.61608 0.29025
-2.60981 0.291
-2.60272 0.28975
-2.59618 0.29
-2.58936 0.29
-2.58281 0.29
-2.576 0.29
-2.56945 0.29
-2.56263 0.28925
-2.55582 0.289
-2.54927 0.28925
-2.54245 0.289
-2.53564 0.289
-2.52909 0.289
-2.52255 0.2895
-2.51573 0.289
-2.50891 0.28875
-2.50264 0.29
-2.49582 0.28925
-2.42437 0
-2.41755 0
-2.41101 0
-2.40419 0
-2.39765 0
-2.39083 0
-2.38428 0
-2.37747 0
-2.37092 0
-2.3641 0
-2.35756 0
-2.35074 0
-2.3442 0
-2.33738 0
-2.33083 0
-2.32401 0
-2.31747 0
-2.43501 1.4405
-2.42846 1.44
-2.42192 1.4455
-2.41537 1.45
-2.40855 1.45525
-2.40201 1.46
-2.39519 1.46825
-2.38892 1.476
-2.3821 1.4815
-2.37556 1.487
-2.36874 1.4955
-2.36247 1.503
-2.35565 1.51075
-2.3491 1.518
-2.34229 1.52375
-2.33601 1.531
-2.3292 1.54
-2.32265 1.548
-2.31583 1.557
-2.30956 1.566
-2.30274 1.57475
-2.2962 1.583
-2.28965 1.59125
-2.28311 1.6
-2.27629 1.6095
-2.26975 1.618
-2.2632 1.628
-2.25666 1.639
-2.24984 1.64875
-2.24357 1.66
-2.23675 1.66925
-2.2302 1.68
-2.22339 1.692
-2.21711 1.703
-2.2103 1.712
-2.20375 1.722
-2.19693 1.7215
-2.1833 1.742
-2.17675 1.74025
-2.17021 1.738
-2.16339 1.7485
-2.15685 1.759
-2.1503 1.7725
-2.14376 1.787
-2.13694 1.80125
-2.13067 1.816
-2.12412 1.83025
-2.1173 1.845
-2.11103 1.86
-2.10421 1.876
-2.09767 1.893
-2.09112 1.91
-2.08458 1.92525
-2.07776 1.941
-2.07149 1.95825
-2.06494 1.976
-2.0584 1.9945
-2.05185 2.014
-2.04504 2.0325
-2.03876 2.052
-2.03194 2.07175
-2.0254 2.092
-2.01885 2.11275
-2.01231 2.135
-2.00604 2.1565
-1.99922 2.179
-1.99268 2.202
-1.98613 2.225
-1.97959 2.24725
-1.97277 2.27
-1.9665 2.32325
-1.95995 2.377
-1.95341 2.4065
-1.94713 2.436
-1.94032 2.4625
-1.93377 2.489
-1.92723 2.52125
-1.92068 2.554
-1.91414 2.58625
-1.90759 2.619
-1.90077 2.6545
-1.8945 2.691
-1.88796 2.728
-1.88141 2.766
-1.87487 2.80225
-1.86805 2.84
-1.86178 2.87275
-1.85496 2.907
-1.84841 2.8915
-1.8416 2.875
-1.83505 2.868
-1.82823 2.86
-1.82141 2.84925
-1.81487 2.839
-1.80778 2.75475
-1.80123 2.672
-1.79442 2.6715
-1.65643 0
-1.64961 0
-1.64306 0
-1.63652 0
-1.6297 0
-1.62316 0
-1.61634 0
-1.60979 0
-1.60298 0
-1.59643 0
-1.58961 0
-1.71342 2.4135
-1.70688 2.413
-1.70006 2.41675
-1.69351 2.42
-1.6867 2.41925
-1.5498 0
-1.67443 2.7065
-1.66788 2.707
-1.66106 2.7065
-1.64715 2.698
-1.64061 2.69475
-1.63406 2.692
-1.62725 2.6885
-1.6207 2.686
-1.61388 2.6835
-1.60734 2.681
-1.60052 2.67725
-1.59398 2.675
-1.58716 2.67325
-1.58061 2.673
-1.5738 2.6685
-1.56698 2.665
-1.56016 2.6615
-1.55362 2.659
-1.5468 2.65675
-1.54025 2.655
-1.53371 2.65075
-1.52689 2.648
-1.52035 2.6465
-1.51353 2.646
-1.50698 2.6445
-1.50016 2.643
-1.49362 2.64075
-1.4868 2.639
-1.48026 2.63425
-1.47344 2.63
-1.46689 2.626
-1.46008 2.621
-1.45353 2.6215
-1.31554 0
-1.309 0
-1.30245 0
-1.29563 0
-1.28909 0
-1.28227 0
-1.27573 0
-1.26891 0
-1.26236 0
-1.25555 0
-1.249 0
-1.24218 0
-1.23564 0
-1.22882 0
-1.22228 0
-1.21546 0
-1.20891 0
-1.2021 0
-1.19555 0
-1.18901 0
-1.18219 0
-1.17564 0
-1.16883 0
-1.16228 0
-1.15546 0
-1.14892 0
-1.1421 0
-1.13555 0
-1.12874 0
-1.12219 0
-1.11537 0
-1.24027 2.69925
-1.23346 2.699
-1.22691 2.69875
-1.08892 0
-1.0821 0
-1.07556 0
-1.06874 0
-1.0622 0
-1.05538 0
-1.04883 0
-1.04202 0
-1.03547 0
-1.02865 0
-1.02211 0
-1.01529 0
-1.00875 0
-1.00193 0
-0.995383 0
-0.988565 0
-0.975748 0
-0.969203 0
-0.962385 0
-0.95584 0
-0.949023 0
-0.942205 0
-0.93566 0
-0.928842 0
-0.922025 0
-1.03683 1.19625
-1.03002 1.196
-1.0232 1.196
-0.895299 0
-0.888481 0
-0.881664 0
-0.875119 0
-0.868301 0
-0.97793 0.922
-0.971112 0.922
-0.964294 0.92225
-0.841576 0
-0.834758 0
-0.827941 0
-0.821396 0
-0.814578 0
-0.80776 0
-0.801215 0
-0.794398 0
-0.78758 0
-0.856302 0.33675
-0.849757 0.337
-0.842394 0.335
-0.835576 0.333
-0.829031 0.3345
-0.822486 0.335
-0.816214 0.33725
-0.809942 0.34
-0.803397 0.34125
-0.797125 0.343
-0.790307 0.343
-0.707131 0
-0.700313 0
-0.693496 0
-0.686951 0
-0.680133 0
-0.673315 0
-0.66677 0
-0.659952 0
-0.653408 0
-0.64659 0
-0.639772 0
-0.633227 0
-0.626409 0
-0.619592 0
-0.613047 0
-0.710131 0.6055
-0.703313 0.605
-0.696495 0.60025
-0.689405 0.597
-0.682042 0.59025
-0.675224 0.585
-0.668134 0.5815
-0.661043 0.577
-0.654498 0.5735
-0.647136 0.569
-0.64059 0.56525
-0.633227 0.561
-0.626137 0.55625
-0.619319 0.553
-0.612501 0.5495
-0.605411 0.546
-0.598594 0.543
-0.591503 0.54
-0.584412 0.53575
-0.577595 0.533
-0.570504 0.52925
-0.563414 0.527
-0.556597 0.5235
-0.549779 0.521
-0.542961 0.5205
-0.529599 0.515
-0.522781 0.5125
-0.515963 0.51
-0.508872 0.50675
-0.502328 0.504
-0.495237 0.50125
-0.488419 0.499
-0.481602 0.4965
-0.474511 0.494
-0.467966 0.4915
-0.460876 0.49
-0.454058 0.48725
-0.447241 0.485
-0.440423 0.48325
-0.433605 0.481
-0.426515 0.4795
-0.41997 0.477
-0.413152 0.475
-0.406062 0.473
-0.399517 0.47125
-0.392426 0.47
-0.385608 0.46775
-0.378791 0.465
-0.371973 0.464
-0.365156 0.462
-0.358338 0.4605
-0.35152 0.459
-0.344703 0.45675
-0.337885 0.456
-0.331067 0.45425
-0.32425 0.453
-0.317432 0.452
-0.310887 0.45
-0.304342 0.453
-0.298069 0.455
-0.291252 0.45525
-0.192531 0
-0.185987 0
-0.179169 0
-0.172624 0
-0.165806 0
-0.159262 0
-0.152444 0
-0.145899 0
-0.139354 0
-0.132536 0
-0.125991 0
-0.208621 0.43025
-0.202076 0.431
-0.195531 0.4305
-0.0992654 0
-0.0927208 0
-0.085903 0
-0.0793579 0
-0.0728129 0
-0.065995 0
-0.0594505 0
-0.0526326 0
-0.0460876 0
-0.156807 0.973
-0.149989 0.973
-0.143444 0.96975
-0.136627 0.966
-0.129809 0.95875
-0.122991 0.953
-0.116174 0.951
-0.109629 0.95
-0.102811 0.9485
-0.0962656 0.947
-0.089721 0.94575
-0.0829032 0.945
-0.0760854 0.94225
-0.0692676 0.94
-0.0629953 0.944
-0.0564507 0.949
-0.0496329 0.9495
0.0736311 0
0.0804488 0
0.0869938 0
0.0938114 0
0.106356 0
0.035452 0.34775
0.041997 0.348
0.0490874 0.347
0.0556324 0.346
0.0624501 0.346
0.0692678 0.345
0.0760854 0.34475
0.0829031 0.344
0.0897208 0.34375
0.0962658 0.343
0.103084 0.344
0.109628 0.344
0.116173 0.345
0.122718 0.345
0.129536 0.34525
0.135808 0.346
0.142081 0.34775
0.148626 0.349
0.154898 0.3505
0.161443 0.352
0.167715 0.3535
0.174533 0.355
0.180533 0.35675
0.186805 0.36
0.193622 0.35975
0.279798 0
0.286343 0
0.293161 0
0.169897 2.2725
0.176715 2.272
0.182987 2.338
0.189259 2.404
0.196077 2.40325
0.332976 0
0.339794 0
0.346339 0
0.353156 0
0.359701 0
0.366519 0
0.373064 0
0.250891 2.08375
0.257436 2.084
0.264254 2.0855
0.270799 2.088
0.277616 2.0895
0.284161 2.091
0.290979 2.09225
0.297524 2.095
0.304069 2.09525
0.310887 2.095
0.317159 2.099
0.323977 2.103
0.330522 2.1065
0.337339 2.11
0.343884 2.11125
0.350702 2.114
0.357247 2.11575
0.364065 2.119
0.37061 2.122
0.377427 2.124
0.383972 2.1285
0.39079 2.133
0.397335 2.13425
0.40388 2.136
0.410698 2.14025
0.417243 2.144
0.42406 2.1485
0.430605 2.152
0.43715 2.158
0.443695 2.163
0.450513 2.16825
0.457058 2.175
0.463876 2.18125
0.470421 2.187
0.477238 2.1905
0.483783 2.195
0.490601 2.1995
0.497146 2.203
0.503964 2.2035
0.518145 2.216
0.524417 2.22225
0.530962 2.228
0.537507 2.2335
0.544052 2.24
0.550597 2.2465
0.557142 2.252
0.56396 2.25825
0.570504 2.264
0.577049 2.26925
0.583594 2.274
0.589867 2.284
0.596412 2.293
0.602957 2.301
0.609774 2.308
0.616319 2.31475
0.622864 2.322
0.629409 2.33175
0.635954 2.341
0.642499 2.349
0.648772 2.356
0.655589 2.3665
0.662134 2.377
0.668679 2.38475
0.675224 2.394
0.681769 2.40375
0.688314 2.413
0.694859 2.4225
0.701404 2.432
0.707949 2.49
0.714221 2.549
0.720766 2.55625
0.727311 2.563
0.733856 2.57675
0.740401 2.59
0.746946 2.59
0.884664 0
0.891209 0
0.897754 0
0.782671 1.2195
0.788943 1.22
0.795761 1.23725
0.802033 1.254
0.808851 1.23875
0.815396 1.223
0.821941 1.223
0.950386 0
0.957204 0
