0.828213 6.591
0.978203 0
0.863938 1.15075
0.870483 1.151
0.877301 1.158
0.883846 1.164
0.890663 1.164
1.01802 0
1.02456 0
1.03138 0
1.03793 0
1.04474 0
1.05129 0
1.05811 0
1.06465 0
1.0712 0
1.07801 0
1.08456 0
1.09138 0
1.09792 0
1.10447 0
1.11128 0
1.11783 0
1.12465 0
1.13119 0
1.13801 0
1.14455 0
1.1511 0
1.15792 0
1.16446 0
1.17128 0
1.17782 0
1.18437 0
1.19119 0
1.19773 0
1.20455 0
1.21109 0
1.21791 0
1.22446 0
1.231 0
1.23782 0
1.24437 0
1.25118 0
1.25773 0
1.26427 0
1.27109 0
1.27764 0
1.28445 0
1.291 0
1.29782 0
1.30436 0
1.31091 0
1.31772 0
1.32427 0
1.33109 0
1.33763 0
1.34418 0
1.35099 0
1.35754 0
1.36436 0
1.3709 0
1.37772 0
1.38426 0
1.39081 0
1.39763 0
1.40417 0
1.41099 0
1.41753 0
1.42408 0
1.4309 0
1.43744 0
1.44426 0
1.4508 0
1.45762 0
1.46417 0
1.47071 0
1.47753 0
1.48408 0
1.49089 0
1.49744 0
1.50426 0
1.51844 0
1.52498 0
1.53153 0
1.53834 0
1.54489 0
1.55143 0
1.55825 0
1.5648 0
1.57161 0
1.57816 0
1.5847 0
1.59152 0
1.59807 0
1.47371 2.58175
1.48026 2.582
1.48708 2.5765
1.49389 2.572
1.50044 2.5675
1.50726 2.562
1.5138 2.56225
1.65125 0
1.53344 1.45225
1.53998 1.452
1.5468 1.4525
1.67797 0
1.68452 0
1.69133 0
1.69788 0
1.70442 0
1.69461 0.1765
1.70142 0.176
1.70879 0.17525
1.71615 0.174
1.72406 0.17225
1.73115 0.172
1.73878 0.1705
1.74587 0.17
1.75351 0.1685
1.7606 0.168
1.76742 0.16775
1.77451 0.167
1.7816 0.16675
1.78869 0.166
1.79523 0.166
1.80205 0.166
1.80914 0.1655
1.81623 0.165
1.82278 0.16525
1.82932 0.165
1.83641 0.16475
1.8435 0.164
1.85087 0.1635
1.85687 0.164
1.86314 0.1645
1.87023 0.164
1.87623 0.16475
1.8825 0.165
1.88959 0.16475
1.89586 0.165
1.90323 0.1645
1.90923 0.165
1.91495 0.166
1.92177 0.166
1.92832 0.16625
1.93432 0.167
1.94086 0.16725
1.94741 0.167
1.95395 0.1675
1.96022 0.168
1.96568 0.1695
1.97195 0.17
1.97877 0.16975
1.98449 0.171
1.99049 0.17175
1.99731 0.172
2.00331 0.1725
2.00876 0.174
2.01504 0.175
2.02076 0.176
2.02758 0.176
2.04013 0.178
2.04558 0.1795
2.05103 0.181
2.05703 0.18225
2.06249 0.184
2.06931 0.18425
2.09767 0
2.10449 0
2.11103 0
2.11785 0
2.12439 0
2.13121 0
2.13776 0
2.14457 0
2.15112 0
2.15794 0
2.16448 0
2.1713 0
2.17784 0
2.18466 0
2.19121 0
2.19802 0
2.20457 0
2.21139 0
2.21793 0
2.22475 0
2.23129 0
2.23784 0
2.24466 0
2.2512 0
2.25802 0
2.26456 0
2.27138 0
2.16257 0.8975
2.16939 0.898
2.17593 0.895
2.18275 0.892
2.1893 0.89375
2.19612 0.897
2.20239 0.89975
2.20921 0.902
2.21548 0.912
2.22202 0.922
2.22829 0.941
2.23457 0.961
2.24111 0.95975
2.24793 0.959
2.25447 0.95825
2.26129 0.957
2.26784 0.958
2.27465 0.959
2.2812 0.962
2.28774 0.966
2.29429 0.97075
2.30083 0.975
2.30738 0.98175
2.31392 0.988
2.32047 0.9965
2.32674 1.006
2.33329 1.026
2.33929 1.046
2.3461 1.04575
2.47155 0
2.47837 0
2.48491 0
2.49173 0
2.49828 0
2.37637 2.01325
2.38292 2.014
2.38974 1.9955
2.39656 1.978
2.40337 1.9625
2.40992 1.948
2.41701 1.93275
2.42355 1.917
2.43037 1.90075
2.43719 1.884
2.44401 1.8705
2.45055 1.857
2.45737 1.857
2.47019 1.829
2.47673 1.81525
2.48355 1.801
2.49037 1.789
2.49691 1.776
2.504 1.7635
2.51055 1.75
2.51736 1.73725
2.52418 1.725
2.53073 1.71475
2.53755 1.704
2.54409 1.693
2.55118 1.682
2.55773 1.672
2.56454 1.661
2.57136 1.64925
2.57818 1.639
2.58472 1.63125
2.59127 1.623
2.59836 1.6135
2.6049 1.604
2.61172 1.5955
2.61854 1.588
2.62536 1.57925
2.6319 1.571
2.63872 1.56225
2.64554 1.554
2.65208 1.545
2.6589 1.537
2.66545 1.529
2.67254 1.521
2.67908 1.51425
2.6859 1.507
2.69244 1.50025
2.69953 1.494
2.70608 1.4865
2.71262 1.48
2.71944 1.4735
2.72626 1.466
2.73308 1.45975
2.73962 1.455
2.74644 1.44725
2.75326 1.44
2.76007 1.4345
2.76662 1.429
2.77316 1.424
2.77998 1.419
2.7868 1.41425
2.79362 1.409
2.80016 1.40225
2.80698 1.397
2.81353 1.393
2.82062 1.388
2.82716 1.3835
2.83371 1.378
2.84052 1.37475
2.84707 1.371
2.85416 1.36575
2.8607 1.361
2.86752 1.357
2.87407 1.353
2.88088 1.3495
2.88743 1.346
2.89425 1.34225
2.90106 1.338
2.90761 1.33325
2.91443 1.33
2.92097 1.3255
2.92806 1.322
2.93461 1.319
2.94143 1.315
2.94797 1.31225
2.95452 1.31
2.96133 1.30625
2.96788 1.304
2.97497 1.3005
2.98151 1.297
2.98833 1.2945
2.99488 1.291
3.00169 1.2915
3.01424 1.287
3.02078 1.28425
3.02733 1.281
3.03442 1.278
3.04096 1.276
3.04778 1.2745
3.05433 1.272
3.06114 1.27025
3.06769 1.268
3.07451 1.26575
3.08105 1.264
3.08787 1.262
3.09441 1.259
3.1015 1.2565
3.10805 1.254
3.11487 1.25225
3.12141 1.252
3.12796 1.25125
3.13477 1.251
3.14132 1.2495
-3.13505 1.249
-3.1285 1.2485
-2.99951 0
-3.10941 0.93275
-3.1026 0.933
-3.09578 0.92975
-3.08896 0.927
-3.08242 0.924
-3.0756 0.921
-3.06878 0.92
-3.06196 0.919
-3.05542 0.92025
-3.04914 0.923
-3.04205 0.91875
-3.03551 0.915
-3.02869 0.9135
-3.02215 0.913
-3.01533 0.9145
-3.00878 0.916
-3.00197 0.91675
-2.99542 0.918
-2.9886 0.91475
-2.98206 0.912
-2.97497 0.9085
-2.96842 0.906
-2.96161 0.907
-2.95506 0.907
-2.94824 0.90675
-2.9417 0.907
-2.93515 0.90425
-2.92834 0.902
-2.92179 0.9
-2.9147 0.897
-2.90843 0.9015
-2.90161 0.905
-2.89506 0.90525
-2.88825 0.905
-2.8817 0.90125
-2.87461 0.898
-2.86834 0.9
-2.86152 0.901
-2.85498 0.901
-2.84816 0.901
-2.84161 0.90025
-2.83507 0.901
-2.82825 0.90075
-2.82171 0.9
-2.81462 0.8995
-2.80807 0.899
-2.80125 0.899
-2.67935 0
-2.67254 0
-2.66599 0
-2.78162 1.25975
-2.77507 1.26
-2.76826 1.26225
-2.76171 1.264
-2.75489 1.264
-2.6259 0
-2.61908 0
-2.72571 1.058
-2.7189 1.047
-2.71181 1.036
-2.70499 1.02725
-2.69817 1.019
-2.69135 1.01225
-2.68453 1.006
-2.67772 0.999
-2.6709 0.992
-2.66408 0.9865
-2.65726 0.981
-2.65045 0.97575
-2.64363 0.97
-2.63681 0.96175
-2.62972 0.954
-2.62318 0.949
-2.61636 0.944
-2.60954 0.943
-2.60299 0.943
-2.59618 0.94275
-2.58963 0.944
-2.58254 0.94075
-2.576 0.939
-2.56918 0.9405
-2.56263 0.941
-2.55582 0.9395
-2.54927 0.938
-2.54245 0.93625
-2.53591 0.935
-2.52909 0.93475
-2.52255 0.934
-2.51573 0.9345
-2.50891 0.934
-2.50237 0.932
-2.49528 0.931
-2.489 0.93375
-2.48219 0.936
-2.47564 0.93625
-2.46882 0.936
-2.46228 0.937
-2.45546 0.939
-2.44892 0.942
-2.44237 0.944
-2.43583 0.94725
-2.42901 0.952
-2.42274 0.96175
-2.41619 0.973
-2.40992 0.9845
-2.40337 0.995
-2.39656 0.9945
-2.2722 0
-2.26538 0
-2.25884 0
-2.37719 1.50225
-2.37065 1.503
-2.36383 1.50875
-2.35729 1.516
-2.35047 1.5225
-2.3442 1.53
-2.33738 1.538
-2.33083 1.546
-2.32401 1.55175
-2.31774 1.559
-2.31093 1.56775
-2.30411 1.576
-2.29756 1.585
-2.29102 1.594
-2.28447 1.602
-2.27765 1.611
-2.27138 1.62225
-2.26456 1.633
-2.25802 1.64025
-2.2512 1.649
-2.24493 1.6595
-2.23811 1.669
-2.23157 1.679
-2.22475 1.69
-2.21848 1.69975
-2.21166 1.711
-2.20484 1.71025
-2.19093 1.732
-2.18439 1.7465
-2.17784 1.762
-2.17103 1.75375
-2.16448 1.747
-2.15766 1.75825
-2.15139 1.769
-2.14485 1.7805
-2.13803 1.792
-2.13148 1.8075
-2.12494 1.823
-2.11839 1.83675
-2.11185 1.85
-2.1053 1.86475
-2.09876 1.88
-2.09194 1.8955
-2.08567 1.91
-2.07912 1.926
-2.07258 1.943
-2.06603 1.95925
-2.05922 1.977
-2.05294 1.99325
-2.0464 2.01
-2.03958 2.03
-2.03331 2.049
-2.02649 2.0685
-2.01995 2.089
-2.01367 2.10875
-2.00686 2.129
-2.00031 2.15125
-1.99377 2.174
-1.98722 2.196
-1.98095 2.219
-1.97413 2.2415
-1.96759 2.263
-1.96104 2.30325
-1.9545 2.344
-1.94822 2.38175
-1.94141 2.419
-1.93513 2.4485
-1.92832 2.477
-1.92204 2.506
-1.91523 2.535
-1.90868 2.56575
-1.90241 2.597
-1.89559 2.62975
-1.88905 2.663
-1.8825 2.6965
-1.87596 2.73
-1.86968 2.7685
-1.86287 2.806
-1.85632 2.84675
-1.84978 2.887
-1.84323 2.88225
-1.83669 2.879
-1.82987 2.8725
-1.82332 2.865
-1.81623 2.856
-1.80969 2.848
-1.80314 2.83825
-1.79633 2.828
-1.78978 2.82775
-1.65124 0
-1.6447 0
-1.63816 0
-1.63134 0
-1.62479 0
-1.61797 0
-1.61143 0
-1.60488 0
-1.59807 0
-1.59152 0
-1.5847 0
-1.70851 2.406
-1.70197 2.406
-1.69515 2.4025
-1.68861 2.4
-1.68179 2.40025
-1.54489 0
-1.53807 0
-1.65561 2.704
-1.64906 2.7015
-1.64252 2.7
-1.6357 2.69475
-1.62916 2.691
-1.62234 2.68825
-1.61579 2.685
-1.60925 2.6825
-1.60243 2.679
-1.59589 2.676
-1.58907 2.673
-1.58252 2.66925
-1.5757 2.665
-1.56889 2.66225
-1.56234 2.661
-1.55552 2.6575
-1.54898 2.655
-1.54243 2.652
-1.53562 2.65
-1.52907 2.64775
-1.52225 2.645
-1.51571 2.64275
-1.50916 2.641
-1.50235 2.637
-1.4958 2.634
-1.48898 2.632
-1.48244 2.63
-1.47589 2.62825
-1.46908 2.626
-1.46253 2.62675
-1.45571 2.628
-1.44917 2.6395
-1.44262 2.652
-1.43581 2.6525
-1.29809 0
-1.29127 0
-1.28473 0
-1.27818 0
-1.27136 0
-1.26482 0
-1.258 0
-1.25146 0
-1.24464 0
-1.23809 0
-1.23155 0
-1.22473 0
-1.21819 0
-1.21137 0
-1.20482 0
-1.19828 0
-1.19146 0
-1.18491 0
-1.1781 0
-1.17155 0
-1.16501 0
-1.15819 0
-1.15164 0
-1.14483 0
-1.13828 0
-1.13174 0
-1.12492 0
-1.11837 0
-1.11156 0
-1.23646 2.67525
-1.22991 2.676
-1.22309 2.67525
-1.0851 0
-1.07829 0
-1.07174 0
-1.0652 0
-1.05838 0
-1.05183 0
-1.04502 0
-1.03847 0
-1.03193 0
-1.02511 0
-1.01856 0
-1.01175 0
-1.0052 0
-0.998383 0
-0.984202 0
-0.977657 0
-0.970839 0
-0.964294 0
-0.957477 0
-0.950932 0
-0.944114 0
-0.937569 0
-0.930751 0
-0.924207 0
-0.917389 0
-0.910844 0
-0.904026 0
-0.897209 0
-0.890663 0
-0.883846 0
-0.877301 0
-0.870483 0
-0.863938 0
-0.973021 0.91275
-0.966476 0.913
-0.959658 0.9125
-0.837212 0
-0.947659 0.971
-0.940841 0.971
-0.934296 0.97125
-0.810214 0
-0.80367 0
-0.796852 0
-0.906208 0.91375
-0.89939 0.914
-0.892845 0.914
-0.770127 0
-0.763582 0
-0.756764 0
-0.749946 0
-0.743401 0
-0.736584 0
-0.730038 0
-0.855484 3.0855
-0.848939 3.086
-0.842121 3.08525
-0.703313 0
-0.696495 0
-0.68995 0
-0.683133 0
-0.676315 0
-0.66977 0
-0.662952 0
-0.656408 0
-0.64959 0
-0.643045 0
-0.636227 0
-0.733038 0.59725
-0.72622 0.598
-0.719403 0.593
-0.712313 0.587
-0.705222 0.582
-0.698132 0.577
-0.691041 0.57125
-0.684223 0.566
-0.677133 0.56225
-0.670316 0.559
-0.663225 0.5555
-0.656408 0.551
-0.649317 0.547
-0.642499 0.543
-0.635409 0.53825
-0.628319 0.535
-0.621228 0.53075
-0.61441 0.528
-0.607593 0.525
-0.600502 0.521
-0.593684 0.5175
-0.586594 0.515
-0.579777 0.51075
-0.572686 0.508
-0.565869 0.50475
-0.558778 0.502
-0.55196 0.50175
-0.538598 0.496
-0.53178 0.49275
-0.524962 0.49
-0.517872 0.4875
-0.511054 0.485
-0.504237 0.4825
-0.497419 0.48
-0.490329 0.47675
-0.483511 0.475
-0.47642 0.47275
-0.469603 0.47
-0.462512 0.467
-0.455694 0.465
-0.448877 0.463
-0.442059 0.461
-0.434969 0.45925
-0.428151 0.457
-0.421606 0.45525
-0.414516 0.454
-0.407698 0.4515
-0.400607 0.449
-0.39379 0.447
-0.386972 0.446
-0.380154 0.44275
-0.373064 0.441
-0.366519 0.43975
-0.359429 0.438
-0.352611 0.436
-0.345794 0.435
-0.338976 0.4335
-0.331885 0.432
-0.32534 0.43025
-0.318523 0.429
-0.311432 0.42775
-0.304887 0.426
-0.298069 0.4265
-0.291525 0.426
-0.284707 0.4265
-0.278435 0.428
-0.271344 0.42775
-0.175896 0
-0.169079 0
-0.162534 0
-0.155716 0
-0.149171 0
-0.142353 0
-0.135808 0
-0.128991 0
-0.122446 0
-0.115901 0
-0.109083 0
-0.102538 0
-0.0957206 0
-0.173988 0.39525
-0.16717 0.395
-0.160625 0.3955
-0.0689948 0
-0.0624502 0
-0.0556324 0
-0.0490873 0
-0.0422695 0
-0.0357249 0
-0.0289071 0
-0.0223621 0
-0.015817 0
-0.00899917 0
-0.00245458 0
0.00436332 0
0.0109083 0
-0.111537 2.1155
-0.104993 2.116
-0.0981749 2.11325
-0.0916298 2.112
-0.084812 2.10825
-0.0782669 2.104
-0.0714496 2.0995
-0.0646318 2.095
-0.0578139 2.091
-0.0512689 2.087
-0.0444515 2.087
-0.0319069 2.084
-0.0253618 2.08075
-0.018544 2.079
-0.0117262 2.0775
-0.00518161 2.076
0.00163625 2.074
0.00845394 2.072
0.0149989 2.06975
0.0218166 2.069
0.0286343 2.06475
0.0351793 2.06
0.041997 2.06
0.0488147 2.059
0.0556324 2.0615
0.0621774 2.063
0.068995 2.06325
0.204803 0
0.211348 0
0.218166 0
0.224984 0
0.231529 0
0.238347 0
0.245164 0
0.251982 0
0.258527 0
0.265345 0
0.272162 0
0.278707 0
0.285525 0
0.292343 0
0.298888 0
0.305705 0
0.312523 0
0.191441 1.83325
0.198258 1.834
0.205076 1.831
0.211894 1.828
0.218712 1.7785
0.226075 1.729
0.23262 1.72925
0.366246 0
0.373064 0
0.379882 0
0.386427 0
0.393245 0
0.400062 0
0.40688 0
0.413425 0
0.420243 0
0.296433 2.44975
0.302978 2.45
0.309796 2.4495
0.447241 0
0.453786 0
0.460603 0
0.467421 0
0.473966 0
0.480784 0
0.487601 0
0.365428 2.0905
0.371973 2.09
0.378791 2.09325
0.385609 2.096
0.391881 2.09975
0.398699 2.103
0.405516 2.1055
0.412061 2.109
0.418879 2.113
0.425697 2.116
0.432514 2.11875
0.439059 2.123
0.445877 2.12525
0.452695 2.129
0.45924 2.1345
0.466057 2.141
0.472875 2.1445
0.47942 2.148
0.486238 2.15175
0.492783 2.156
0.499873 2.15575
0.513781 2.167
0.520054 2.17175
0.526599 2.178
0.533144 2.1835
0.539689 2.189
0.546234 2.1945
0.552506 2.199
0.559051 2.20475
0.565596 2.21
0.571868 2.21675
0.578413 2.224
0.584685 2.2315
0.59123 2.238
0.597775 2.2435
0.60432 2.248
0.610865 2.25725
0.61741 2.266
0.623682 2.27225
0.630228 2.279
0.6365 2.287
0.643045 2.295
0.64959 2.3025
0.655862 2.311
0.662407 2.31875
0.668952 2.326
0.675497 2.33375
0.682042 2.343
0.688314 2.351
0.694587 2.36
0.701131 2.3735
0.707676 2.386
0.714221 2.39475
0.720766 2.403
0.727039 2.41075
0.733584 2.42
0.739856 2.4775
0.746128 2.536
0.752673 2.545
0.759218 2.555
0.76549 2.54975
0.772035 2.546
0.77858 2.54575
0.916025 0
0.786489 6.44
0.792761 6.44
0.799306 6.4735
0.805851 6.506
0.812396 6.53875
0.818941 6.573
0.825486 6.57225
