0.972203 0
0.864483 1.236
0.871028 1.22925
0.877573 1.224
0.884391 1.222
0.890936 1.221
0.897754 1.2205
1.0262 0
1.03302 0
1.03956 0
1.04638 0
1.05292 0
1.05974 0
1.06629 0
1.0731 0
1.07965 0
1.08647 0
1.09301 0
1.09983 0
1.10638 0
1.11319 0
1.11974 0
1.12656 0
1.1331 0
1.13992 0
1.14646 0
1.15328 0
1.15983 0
1.16664 0
1.17319 0
1.18001 0
1.18655 0
1.19337 0
1.19991 0
1.20673 0
1.21328 0
1.22009 0
1.22664 0
1.23346 0
1.24 0
1.24682 0
1.25336 0
1.26018 0
1.26673 0
1.27354 0
1.28009 0
1.28691 0
1.29345 0
1.30027 0
1.30682 0
1.31363 0
1.32018 0
1.327 0
1.33354 0
1.34036 0
1.3469 0
1.35372 0
1.36027 0
1.36708 0
1.37363 0
1.38045 0
1.38699 0
1.39381 0
1.40035 0
1.40717 0
1.41372 0
1.42053 0
1.42708 0
1.4339 0
1.44044 0
1.44726 0
1.4538 0
1.46062 0
1.46717 0
1.47399 0
1.48053 0
1.48735 0
1.49389 0
1.50071 0
1.50726 0
1.51407 0
1.52662 0
1.53316 0
1.53998 0
1.54653 0
1.55334 0
1.55989 0
1.56671 0
1.57352 0
1.58007 0
1.58689 0
1.59343 0
1.60025 0
1.60707 0
1.48271 2.57625
1.48953 2.576
1.49607 2.572
1.50289 2.567
1.50971 2.567
1.64715 0
1.65397 0
1.66052 0
1.66733 0
1.67415 0
1.6807 0
1.68752 0
1.69406 0
1.70088 0
1.69052 0.17725
1.69706 0.177
1.70524 0.17525
1.71206 0.175
1.72024 0.173
1.72788 0.172
1.73497 0.171
1.7426 0.17
1.74997 0.16875
1.75678 0.169
1.76442 0.16775
1.77096 0.168
1.77778 0.168
1.78487 0.167
1.79224 0.1665
1.79905 0.166
1.80614 0.16575
1.81351 0.165
1.8206 0.16425
1.82687 0.165
1.83314 0.1655
1.84023 0.165
1.84678 0.1655
1.85359 0.165
1.86096 0.16425
1.86696 0.165
1.87377 0.16525
1.88059 0.165
1.88768 0.1645
1.89395 0.165
1.90105 0.1645
1.90732 0.165
1.91441 0.16475
1.91986 0.166
1.92668 0.16625
1.93322 0.166
1.93922 0.167
1.94604 0.167
1.95259 0.167
1.95886 0.168
1.9654 0.16775
1.9714 0.169
1.97768 0.16975
1.98395 0.17
1.98968 0.1715
1.99595 0.172
2.00195 0.173
2.00876 0.173
2.01476 0.17375
2.02076 0.175
2.02676 0.17575
2.03249 0.177
2.03958 0.17675
2.05022 0.18
2.05594 0.18125
2.0614 0.183
2.06658 0.1855
2.07203 0.187
2.07803 0.1885
2.08294 0.191
2.09003 0.19075
2.12248 0
2.12903 0
2.13585 0
2.14239 0
2.14921 0
2.15575 0
2.16257 0
2.16912 0
2.17593 0
2.18248 0
2.18902 0
2.19584 0
2.20239 0
2.20921 0
2.21575 0
2.22257 0
2.22911 0
2.23593 0
2.24248 0
2.24902 0
2.25584 0
2.26238 0
2.2692 0
2.27575 0
2.28256 0
2.1743 0.87125
2.18112 0.872
2.18766 0.872
2.19421 0.872
2.20102 0.874
2.20757 0.877
2.21439 0.87425
2.22093 0.871
2.22775 0.87225
2.23429 0.874
2.24111 0.877
2.24738 0.881
2.25393 0.884
2.26075 0.888
2.26675 0.90825
2.27302 0.93
2.27956 0.92925
2.28638 0.93
2.29293 0.9305
2.29974 0.931
2.30602 0.9345
2.31256 0.937
2.31938 0.94175
2.32565 0.948
2.3322 0.95675
2.33847 0.966
2.34529 0.9775
2.35156 0.988
2.3581 0.9995
2.36438 1.01
2.37092 1.01025
2.49582 0
2.50237 0
2.50918 0
2.38701 1.99225
2.3941 1.992
2.40065 1.973
2.40746 1.955
2.41428 1.937
2.42083 1.919
2.42764 1.90375
2.43446 1.89
2.44128 1.87675
2.44782 1.863
2.45491 1.849
2.46146 1.834
2.46828 1.8345
2.48246 1.806
2.489 1.79325
2.49555 1.781
2.50237 1.7685
2.50918 1.756
2.51573 1.7445
2.52255 1.732
2.52936 1.72075
2.53591 1.709
2.54273 1.69775
2.54954 1.687
2.55609 1.6765
2.56291 1.665
2.56972 1.655
2.57627 1.645
2.58309 1.63525
2.58963 1.627
2.59645 1.61825
2.60327 1.609
2.60981 1.6005
2.61636 1.591
2.62345 1.5825
2.62999 1.573
2.63654 1.56375
2.64363 1.556
2.65017 1.54875
2.65672 1.541
2.66354 1.532
2.67035 1.524
2.6769 1.5165
2.68372 1.51
2.69026 1.50375
2.69708 1.497
2.7039 1.48975
2.71044 1.484
2.71699 1.4765
2.72408 1.469
2.73062 1.4635
2.73717 1.457
2.74398 1.44975
2.75053 1.444
2.75762 1.43675
2.76417 1.431
2.77071 1.4255
2.77753 1.421
2.78435 1.416
2.79089 1.411
2.79771 1.40425
2.80425 1.399
2.8108 1.39375
2.81789 1.39
2.82443 1.3845
2.83098 1.38
2.8378 1.3765
2.84434 1.373
2.85116 1.36825
2.85798 1.363
2.86452 1.35825
2.87107 1.354
2.87788 1.3505
2.88443 1.346
2.89125 1.3435
2.89806 1.34
2.90461 1.33525
2.91115 1.331
2.91797 1.32675
2.92452 1.324
2.93133 1.321
2.93815 1.317
2.9447 1.314
2.95124 1.31
2.95806 1.30575
2.96461 1.303
2.97142 1.30025
2.97824 1.299
2.98479 1.295
2.99133 1.292
2.99815 1.29
3.00469 1.288
3.01151 1.288
-3.13505 0
3.05051 0.61325
3.05733 0.613
3.06387 0.6115
3.07069 0.611
3.07723 0.6105
3.08405 0.609
3.09087 0.60725
3.09769 0.607
3.10423 0.60625
3.11105 0.606
3.11759 0.6055
3.12441 0.605
3.13123 0.602
3.13805 0.6
-3.13859 0.59975
-3.13178 0.6
-3.12496 0.59825
-3.11814 0.598
-3.11159 0.598
-3.10478 0.599
-3.0985 0.6
-3.09169 0.6
-3.08487 0.59775
-3.07805 0.596
-3.07123 0.59475
-3.06442 0.594
-3.0576 0.5925
-3.05105 0.591
-3.04424 0.5925
-3.03769 0.593
-3.03087 0.59375
-3.02433 0.594
-3.01751 0.59075
-3.01069 0.589
-3.00388 0.5885
-2.99733 0.589
-2.99051 0.5875
-2.98397 0.586
-2.97715 0.58725
-2.9706 0.589
-2.96379 0.58875
-2.95724 0.59
-2.95042 0.5875
-2.94388 0.586
-2.93679 0.585
-2.93024 0.585
-2.92343 0.58325
-2.91688 0.583
-2.91006 0.58275
-2.90352 0.584
-2.8967 0.5845
-2.89016 0.585
-2.88334 0.584
-2.87652 0.582
-2.86998 0.58175
-2.86316 0.582
-2.85634 0.58075
-2.84952 0.58
-2.84298 0.58
-2.83616 0.581
-2.82961 0.5815
-2.8228 0.581
-2.81625 0.57975
-2.80943 0.58
-2.80289 0.57975
-2.79607 0.579
-2.78953 0.5795
-2.78271 0.579
-2.77616 0.5785
-2.76935 0.579
-2.7628 0.57925
-2.75598 0.579
-2.74944 0.57925
-2.64036 0
-2.63381 0
-2.62699 0
-2.62045 0
-2.61363 0
-2.60681 0
-2.70581 0.832
-2.69926 0.829
-2.69272 0.825
-2.68563 0.82075
-2.67908 0.818
-2.67199 0.81375
-2.66544 0.811
-2.65863 0.808
-2.65181 0.804
-2.64526 0.8
-2.63817 0.797
-2.63163 0.79425
-2.62454 0.791
-2.61799 0.78675
-2.61118 0.784
-2.60436 0.778
-2.59754 0.773
-2.59072 0.771
-2.58418 0.769
-2.57709 0.76775
-2.57054 0.768
-2.564 0.76975
-2.55745 0.772
-2.55091 0.773
-2.54409 0.775
-2.53754 0.7755
-2.531 0.776
-2.52446 0.77825
-2.51764 0.782
-2.51109 0.78325
-2.50482 0.785
-2.498 0.786
-2.49146 0.788
-2.48464 0.7875
-2.47809 0.788
-2.47128 0.78625
-2.46473 0.786
-2.45819 0.78575
-2.45137 0.786
-2.44482 0.788
-2.43801 0.789
-2.43146 0.79
-2.42492 0.792
-2.41837 0.79375
-2.41183 0.795
-2.40501 0.79625
-2.39846 0.799
-2.39192 0.803
-2.38537 0.806
-2.37883 0.809
-2.37228 0.812
-2.36574 0.81575
-2.35919 0.819
-2.35265 0.82275
-2.3461 0.828
-2.33983 0.834
-2.33301 0.841
-2.32647 0.841
-2.20621 0
-2.19939 0
-2.19284 0
-2.31174 1.57525
-2.3052 1.575
-2.29838 1.58325
-2.29211 1.593
-2.28556 1.6015
-2.27875 1.611
-2.2722 1.6215
-2.26566 1.631
-2.25911 1.63925
-2.25229 1.648
-2.24602 1.65725
-2.23948 1.666
-2.23266 1.6765
-2.22611 1.688
-2.21957 1.6975
-2.21302 1.707
-2.20621 1.71825
-2.19993 1.73
-2.19311 1.72975
-2.18057 1.803
-2.17403 1.77375
-2.16721 1.746
-2.16039 1.7535
-2.15385 1.761
-2.1473 1.774
-2.14076 1.787
-2.13394 1.80175
-2.12767 1.816
-2.12085 1.83075
-2.1143 1.845
-2.10776 1.8595
-2.10121 1.875
-2.09439 1.8905
-2.08812 1.905
-2.08131 1.92075
-2.07476 1.937
-2.06822 1.95525
-2.06167 1.973
-2.05485 1.9895
-2.04858 2.006
-2.04176 2.025
-2.03549 2.045
-2.02867 2.06325
-2.02213 2.083
-2.01558 2.10325
-2.00904 2.124
-2.00222 2.1455
-1.99595 2.168
-1.98913 2.191
-1.98258 2.214
-1.97604 2.23675
-1.9695 2.26
-1.96295 2.28925
-1.95641 2.319
-1.94986 2.364
-1.94331 2.41
-1.93677 2.4385
-1.93023 2.468
-1.92341 2.49675
-1.91714 2.525
-1.91032 2.55725
-1.90404 2.589
-1.89723 2.6185
-1.89068 2.648
-1.88414 2.6835
-1.87759 2.718
-1.87077 2.75675
-1.8645 2.796
-1.85768 2.81575
-1.85114 2.837
-1.84432 2.858
-1.83805 2.879
-1.83123 2.8725
-1.82469 2.866
-1.8176 2.85875
-1.81105 2.851
-1.80423 2.84025
-1.79769 2.83
-1.79087 2.8295
-1.65261 0
-1.77642 2.4745
-1.76987 2.474
-1.76306 2.47375
-1.62588 0
-1.61907 0
-1.61252 0
-1.6057 0
-1.59916 0
-1.59234 0
-1.5858 0
-1.70933 2.40425
-1.70279 2.404
-1.69597 2.4035
-1.68942 2.404
-1.68261 2.4035
-1.54571 0
-1.67033 2.70725
-1.66379 2.707
-1.65697 2.70725
-1.64415 2.702
-1.63761 2.69625
-1.63106 2.692
-1.62425 2.6895
-1.6177 2.686
-1.61088 2.683
-1.60434 2.681
-1.59752 2.67625
-1.59098 2.672
-1.58416 2.66875
-1.57734 2.666
-1.57052 2.6635
-1.56398 2.661
-1.55716 2.6585
-1.55062 2.657
-1.5438 2.65275
-1.53725 2.649
-1.53071 2.64975
-1.52389 2.65
-1.51735 2.647
-1.51053 2.643
-1.50398 2.6395
-1.49717 2.635
-1.49062 2.63125
-1.4838 2.629
-1.47726 2.62925
-1.47044 2.63
-1.4639 2.629
-1.45708 2.627
-1.45053 2.627
-1.31254 0
-1.306 0
-1.29945 0
-1.29263 0
-1.28609 0
-1.27927 0
-1.27273 0
-1.26591 0
-1.25936 0
-1.25255 0
-1.246 0
-1.23918 0
-1.23264 0
-1.22582 0
-1.21928 0
-1.21246 0
-1.20591 0
-1.1991 0
-1.19255 0
-1.18601 0
-1.17919 0
-1.17264 0
-1.16583 0
-1.15928 0
-1.15246 0
-1.14592 0
-1.1391 0
-1.13255 0
-1.12574 0
-1.11919 0
-1.11237 0
-1.23728 2.67775
-1.23046 2.678
-1.22391 2.68675
-1.21737 2.697
-1.21055 2.6975
-1.07256 0
-1.06574 0
-1.0592 0
-1.05238 0
-1.04583 0
-1.03902 0
-1.03247 0
-1.02565 0
-1.01911 0
-1.01229 0
-1.00575 0
-0.998928 0
-0.992383 0
-0.985565 0
-0.971658 0
-0.965113 0
-0.958567 0
-0.95175 0
-0.945205 0
-1.06138 1.31825
-1.05483 1.319
-1.04802 1.3195
-0.91848 0
-0.911662 0
-0.905117 0
-0.898299 0
-0.891754 0
-0.884937 0
-0.878392 0
-0.871574 0
-0.865029 0
-0.858211 0
-0.851666 0
-0.844848 0
-0.838303 0
-0.94875 0.9755
-0.942205 0.975
-0.935115 0.96125
-0.928297 0.949
-0.92148 0.94375
-0.914662 0.938
-0.907571 0.926
-0.900753 0.914
-0.893936 0.9145
-0.77149 0
-0.764673 0
-0.758128 0
-0.75131 0
-0.744765 0
-0.737947 0
-0.731402 0
-0.85712 3.09525
-0.850575 3.096
-0.843757 3.09575
-0.704676 0
-0.697859 0
-0.691314 0
-0.684496 0
-0.677951 0
-0.671134 0
-0.664589 0
-0.657771 0
-0.651226 0
-0.644408 0
-0.637863 0
-0.631046 0
-0.624501 0
-0.720494 0.5885
-0.713949 0.589
-0.706858 0.584
-0.700041 0.579
-0.69295 0.57375
-0.68586 0.569
-0.679042 0.56525
-0.671952 0.561
-0.664862 0.557
-0.658044 0.552
-0.650953 0.5475
-0.644136 0.544
-0.637045 0.54075
-0.630227 0.537
-0.623137 0.53275
-0.616319 0.529
-0.609229 0.525
-0.602411 0.522
-0.595321 0.519
-0.588503 0.515
-0.581413 0.51125
-0.574595 0.509
-0.567505 0.50625
-0.560687 0.503
-0.553597 0.5
-0.546779 0.497
-0.539961 0.497
-0.525508 0.491
-0.51869 0.48775
-0.511872 0.485
-0.505055 0.4825
-0.498237 0.481
-0.491146 0.479
-0.484329 0.476
-0.477238 0.47275
-0.470693 0.471
-0.463603 0.46775
-0.456786 0.466
-0.449968 0.4635
-0.442877 0.462
-0.43606 0.4595
-0.429242 0.458
-0.422424 0.45625
-0.415334 0.454
-0.408516 0.45125
-0.401971 0.45
-0.394881 0.4485
-0.388063 0.446
-0.380973 0.444
-0.374155 0.442
-0.367337 0.44075
-0.36052 0.439
-0.353429 0.43675
-0.346884 0.436
-0.340066 0.4345
-0.333249 0.433
-0.326431 0.4315
-0.319341 0.43
-0.312796 0.42875
-0.305705 0.427
-0.29916 0.42625
-0.29207 0.425
-0.285798 0.4265
-0.279526 0.429
-0.272708 0.4285
-0.176987 0
-0.17017 0
-0.163625 0
-0.156807 0
-0.150262 0
-0.143444 0
-0.136899 0
-0.130354 0
-0.123536 0
-0.116992 0
-0.110174 0
-0.103629 0
-0.0968111 0
-0.176715 0.40625
-0.169897 0.406
-0.163079 0.40525
-0.0703586 0
-0.0635408 0
-0.0569957 0
-0.0501784 0
-0.0436333 0
-0.0368155 0
-0.0302704 0
-0.0234531 0
-0.016908 0
-0.0103629 0
-0.00354511 0
-0.126263 2.125
-0.119446 2.125
-0.112901 2.122
-0.106083 2.118
-0.0995382 2.11325
-0.0927208 2.11
-0.0861757 2.10625
-0.0796307 2.102
-0.0725401 2.098
-0.065995 2.095
-0.0591777 2.0915
-0.0526326 2.087
-0.0458148 2.08525
-0.0392697 2.085
-0.0324524 2.08425
-0.0182713 2.08
-0.0117262 2.078
-0.00518161 2.075
0.00163625 2.07325
0.00818123 2.072
0.0149989 2.06875
0.0215439 2.067
0.0280889 2.065
0.0349066 2.063
0.0414516 2.063
0.0482693 2.062
0.0548142 2.06075
0.0613592 2.061
0.0681769 2.06075
0.203713 0
0.21053 0
0.217075 0
0.22362 0
0.230438 0
0.236983 0
0.243801 0
0.120537 2.2465
0.127082 2.247
0.133899 2.2475
0.270253 0
0.277071 0
0.283616 0
0.290161 0
0.296979 0
0.303524 0
0.310341 0
0.316886 0
0.323431 0
0.202622 1.84225
0.209167 1.842
0.215984 1.84225
0.350157 0
0.356702 0
0.363519 0
0.370064 0
0.376882 0
0.383427 0
0.390245 0
0.39679 0
0.403335 0
0.280071 2.288
0.286616 2.288
0.293161 2.355
0.299706 2.421
0.306251 2.42025
0.443423 0
0.449968 0
0.456785 0
0.46333 0
0.469875 0
0.476693 0
0.483238 0
0.361065 2.08825
0.36761 2.089
0.374155 2.0925
0.380973 2.095
0.387245 2.0985
0.394063 2.102
0.400608 2.10625
0.407153 2.11
0.41397 2.11175
0.420515 2.115
0.427333 2.1185
0.433878 2.123
0.440423 2.126
0.447241 2.129
0.453786 2.13225
0.460603 2.136
0.467148 2.14075
0.473693 2.145
0.480511 2.149
0.487056 2.154
0.493601 2.1585
0.500146 2.164
0.506964 2.1635
0.520872 2.174
0.527417 2.17975
0.533962 2.187
0.540507 2.1915
0.547052 2.197
0.553869 2.201
0.560414 2.206
0.566959 2.21425
0.573232 2.224
0.580049 2.22925
0.586594 2.235
0.593139 2.2415
0.599684 2.247
0.606502 2.256
0.613047 2.264
0.619592 2.26975
0.626137 2.277
0.632409 2.28475
0.639227 2.292
0.645772 2.3005
0.652317 2.309
0.658862 2.317
0.66568 2.326
0.672224 2.33325
0.678769 2.341
0.685042 2.34925
0.691859 2.359
0.698404 2.369
0.704949 2.379
0.711494 2.3795
0.848666 0
0.855211 0
0.861756 0
0.737402 2.53175
0.743947 2.532
0.750764 2.54575
0.757309 2.561
0.763854 2.569
0.770399 2.577
0.777217 2.5765
0.914662 0
0.785125 6.43175
0.79167 6.432
0.798488 6.45875
0.805033 6.486
0.811578 6.4855
0.954204 0
0.961022 0
