0.838031 6.624
0.850848 6.699
0.857393 6.69825
1.00002 0
1.00684 0
1.01338 0
1.01993 0
1.02674 0
1.03329 0
1.03983 0
1.04665 0
1.0532 0
1.05974 0
1.06656 0
1.0731 0
1.07965 0
1.08647 0
1.09301 0
1.09956 0
1.10638 0
1.11292 0
1.11947 0
1.12628 0
1.13283 0
1.13937 0
1.14619 0
1.15274 0
1.15928 0
1.1661 0
1.17264 0
1.17919 0
1.18601 0
1.19255 0
1.1991 0
1.20591 0
1.21246 0
1.219 0
1.22582 0
1.23237 0
1.23891 0
1.24573 0
1.25227 0
1.25909 0
1.26564 0
1.27218 0
1.279 0
1.28554 0
1.29209 0
1.29891 0
1.30545 0
1.312 0
1.31881 0
1.32536 0
1.3319 0
1.33872 0
1.34527 0
1.35181 0
1.35863 0
1.36517 0
1.37172 0
1.37854 0
1.38508 0
1.39163 0
1.39845 0
1.40499 0
1.41154 0
1.41835 0
1.4249 0
1.43144 0
1.43826 0
1.44481 0
1.45135 0
1.45817 0
1.46471 0
1.47126 0
1.47808 0
1.48462 0
1.49117 0
1.49798 0
1.50453 0
1.51135 0
1.52525 0
1.5318 0
1.53862 0
1.54516 0
1.55198 0
1.55852 0
1.56534 0
1.57189 0
1.5787 0
1.58525 0
1.59207 0
1.59861 0
1.60543 0
1.48108 2.5755
1.48789 2.576
1.49444 2.56875
1.50126 2.563
1.50807 2.56275
1.64552 0
1.65234 0
1.65888 0
1.54107 1.4505
1.54762 1.451
1.55443 1.4505
1.68561 0
1.69242 0
1.69897 0
1.70579 0
1.71233 0
1.70333 0.17525
1.71015 0.175
1.71751 0.17425
1.72515 0.173
1.73197 0.1725
1.73988 0.171
1.74724 0.17
1.75487 0.169
1.76142 0.16875
1.76905 0.168
1.7756 0.16775
1.78296 0.167
1.79033 0.166
1.79714 0.166
1.80423 0.1655
1.81132 0.165
1.81814 0.16475
1.82469 0.165
1.83123 0.16525
1.83805 0.165
1.84459 0.1655
1.85141 0.165
1.85823 0.165
1.86559 0.164
1.87214 0.16425
1.87896 0.164
1.88605 0.16375
1.8915 0.165
1.89832 0.165
1.90486 0.165
1.91141 0.1655
1.91741 0.166
1.9245 0.16575
1.93077 0.166
1.93786 0.16575
1.94359 0.167
1.94959 0.168
1.95641 0.168
1.96213 0.169
1.96895 0.169
1.97549 0.16875
1.98149 0.17
1.98777 0.17025
1.99349 0.172
1.99922 0.173
2.00604 0.173
2.01231 0.1735
2.01804 0.175
2.02404 0.17575
2.02976 0.177
2.03685 0.17675
2.0494 0.179
2.05458 0.18125
2.06003 0.183
2.06549 0.185
2.07149 0.186
2.07694 0.1875
2.0824 0.19
2.08921 0.18925
2.12085 0
2.12767 0
2.13421 0
2.14103 0
2.14757 0
2.15412 0
2.16094 0
2.16748 0
2.17403 0
2.18084 0
2.18739 0
2.19393 0
2.20075 0
2.2073 0
2.21411 0
2.22066 0
2.2272 0
2.23402 0
2.24057 0
2.24711 0
2.25393 0
2.26047 0
2.26729 0
2.27384 0
2.28038 0
2.17294 0.85825
2.17948 0.859
2.18575 0.8615
2.19257 0.865
2.19939 0.856
2.20621 0.848
2.21248 0.86625
2.21848 0.886
2.22502 0.89075
2.23157 0.897
2.23784 0.9015
2.24466 0.907
2.2512 0.9065
2.25775 0.905
2.26456 0.90725
2.27111 0.909
2.27738 0.91125
2.2842 0.913
2.29074 0.917
2.29729 0.921
2.30383 0.9295
2.31011 0.937
2.31665 0.94525
2.3232 0.953
2.32947 0.96175
2.33601 0.972
2.34256 0.9715
2.46664 0
2.47319 0
2.47973 0
2.35756 2.0655
2.3641 2.066
2.37065 2.04575
2.37774 2.026
2.38428 2.00925
2.39083 1.993
2.39792 1.9765
2.40446 1.96
2.41128 1.9435
2.4181 1.926
2.42464 1.90925
2.43173 1.893
2.43828 1.87975
2.44482 1.867
2.45164 1.852
2.45846 1.836
2.46528 1.8365
2.47946 1.81
2.48628 1.796
2.49282 1.783
2.49964 1.77025
2.50646 1.758
2.51327 1.74525
2.51982 1.733
2.52664 1.7205
2.53345 1.709
2.54 1.697
2.54709 1.686
2.55363 1.67625
2.56018 1.667
2.56727 1.65625
2.57382 1.646
2.58063 1.637
2.58718 1.629
2.594 1.6195
2.60081 1.611
2.60736 1.60125
2.61418 1.592
2.62099 1.58275
2.62754 1.575
2.63436 1.5665
2.6409 1.558
2.64799 1.5495
2.65454 1.542
2.66108 1.53325
2.66817 1.526
2.67472 1.51875
2.68153 1.511
2.68808 1.504
2.6949 1.497
2.70172 1.491
2.70826 1.485
2.71508 1.47725
2.7219 1.47
2.72844 1.46375
2.73526 1.457
2.7418 1.451
2.74862 1.445
2.75544 1.439
2.76226 1.432
2.7688 1.42675
2.77535 1.421
2.78244 1.41625
2.78898 1.413
2.7958 1.4065
2.80234 1.401
2.80889 1.395
2.81598 1.39
2.82252 1.38575
2.82934 1.382
2.83589 1.37775
2.84243 1.374
2.84925 1.369
2.85607 1.363
2.86289 1.3585
2.86943 1.355
2.87598 1.35125
2.88279 1.347
2.88961 1.34325
2.89643 1.34
2.90297 1.335
2.90952 1.331
2.91634 1.3285
2.92288 1.325
2.92997 1.32125
2.93652 1.317
2.94306 1.31375
2.94988 1.31
2.95642 1.3065
2.96324 1.304
2.96979 1.3015
2.9766 1.299
2.98342 1.29475
2.98997 1.292
2.99678 1.29075
3.00333 1.289
3.01015 1.28925
3.02406 1.284
3.0306 1.281
3.03769 1.278
3.04424 1.27475
3.05105 1.272
3.0576 1.26975
3.06442 1.269
3.07096 1.2665
3.07778 1.264
3.08432 1.262
3.09114 1.259
3.09796 1.25675
3.10478 1.256
3.11132 1.25475
3.11814 1.253
3.12468 1.2515
3.1315 1.251
3.13832 1.2495
-3.13832 1.249
-3.1315 1.24825
-3.00278 0
-2.99597 0
-2.98942 0
-3.09987 0.96675
-3.09332 0.967
-3.08623 0.961
-3.07969 0.956
-3.07287 0.955
-3.06605 0.953
-3.05923 0.95125
-3.05269 0.95
-3.04587 0.94525
-3.03878 0.94
-3.03224 0.938
-3.02542 0.935
-3.01887 0.936
-3.01206 0.936
-3.00524 0.93075
-2.99842 0.926
-2.99188 0.92275
-2.98506 0.921
-2.97851 0.9225
-2.9717 0.923
-2.96488 0.919
-2.95806 0.914
-2.95152 0.91075
-2.94442 0.909
-2.93788 0.90775
-2.93106 0.906
-2.92424 0.904
-2.9177 0.903
-2.91088 0.9005
-2.90406 0.897
-2.89725 0.89925
-2.89097 0.902
-2.88416 0.90075
-2.87761 0.9
-2.87052 0.8965
-2.86398 0.893
-2.85716 0.893
-2.85061 0.893
-2.8438 0.89175
-2.83725 0.891
-2.83043 0.88975
-2.82362 0.89
-2.8168 0.8895
-2.6949 0
-2.68835 0
-2.68153 0
-2.67499 0
-2.66817 0
-2.78407 1.2595
-2.77726 1.259
-2.77016 1.23075
-2.76307 1.202
-2.75653 1.20175
-2.62808 0
-2.74017 1.04
-2.73335 1.04
-2.72653 1.04
-2.71344 1.018
-2.70662 1.01025
-2.69981 1.003
-2.69272 0.9955
-2.6859 0.989
-2.67908 0.982
-2.67199 0.976
-2.66517 0.96975
-2.65835 0.965
-2.65154 0.95875
-2.64445 0.953
-2.6379 0.944
-2.63081 0.935
-2.62399 0.9325
-2.6169 0.931
-2.61036 0.93125
-2.60381 0.932
-2.59672 0.92975
-2.59018 0.929
-2.58336 0.928
-2.57654 0.926
-2.56972 0.923
-2.56291 0.92
-2.55609 0.91875
-2.54927 0.919
-2.54245 0.92025
-2.53618 0.922
-2.52909 0.92
-2.52227 0.919
-2.51573 0.9175
-2.50891 0.916
-2.50209 0.91675
-2.49528 0.917
-2.48873 0.91875
-2.48219 0.921
-2.4751 0.9205
-2.46882 0.921
-2.462 0.9225
-2.45519 0.925
-2.44837 0.92725
-2.44182 0.931
-2.43528 0.93675
-2.42846 0.942
-2.42192 0.946
-2.41537 0.949
-2.4091 0.968
-2.40255 0.986
-2.39601 0.98575
-2.27165 0
-2.26484 0
-2.25802 0
-2.37665 1.50175
-2.36983 1.502
-2.36301 1.5095
-2.35647 1.516
-2.34965 1.522
-2.3431 1.529
-2.33629 1.53525
-2.32974 1.543
-2.32292 1.55075
-2.31638 1.559
-2.30956 1.566
-2.30302 1.574
-2.2962 1.5835
-2.28965 1.592
-2.28311 1.60175
-2.27629 1.611
-2.26947 1.61925
-2.26293 1.629
-2.25638 1.638
-2.24957 1.647
-2.24302 1.657
-2.23648 1.667
-2.22966 1.67775
-2.22284 1.688
-2.2163 1.69875
-2.20975 1.709
-2.20293 1.7195
-2.19639 1.731
-2.18957 1.7305
-2.17703 1.795
-2.17048 1.77075
-2.16366 1.746
-2.15685 1.7545
-2.1503 1.763
-2.14403 1.777
-2.13721 1.792
-2.13067 1.80475
-2.12412 1.819
-2.11758 1.83175
-2.11103 1.846
-2.10449 1.862
-2.09794 1.878
-2.09112 1.893
-2.08485 1.908
-2.07831 1.92375
-2.07149 1.939
-2.06522 1.95725
-2.0584 1.975
-2.05185 1.9915
-2.04558 2.008
-2.03876 2.027
-2.03249 2.047
-2.02567 2.06725
-2.01913 2.088
-2.01286 2.10775
-2.00604 2.127
-1.99949 2.15
-1.99322 2.172
-1.9864 2.1935
-1.97986 2.216
-1.97331 2.23925
-1.96677 2.263
-1.9605 2.30075
-1.95368 2.339
-1.94741 2.377
-1.94059 2.416
-1.93432 2.4445
-1.92777 2.474
-1.92123 2.50325
-1.91468 2.533
-1.90786 2.56325
-1.90159 2.593
-1.89505 2.6235
-1.88823 2.654
-1.88196 2.6915
-1.87514 2.729
-1.86887 2.76775
-1.86232 2.806
-1.8555 2.84475
-1.84923 2.883
-1.84241 2.881
-1.83587 2.879
-1.82932 2.8715
-1.82251 2.864
-1.81569 2.85625
-1.80914 2.849
-1.80233 2.84025
-1.79578 2.832
-1.78896 2.832
-1.6507 0
-1.64415 0
-1.63734 0
-1.63079 0
-1.62397 0
-1.61743 0
-1.61088 0
-1.60407 0
-1.59752 0
-1.5907 0
-1.58416 0
-1.70797 2.4065
-1.70115 2.407
-1.69461 2.40325
-1.68779 2.4
-1.68124 2.40025
-1.54434 0
-1.66897 2.7025
-1.66243 2.702
-1.65561 2.7025
-1.64143 2.699
-1.63488 2.69575
-1.62834 2.692
-1.62152 2.688
-1.61497 2.683
-1.60816 2.6815
-1.60161 2.679
-1.59479 2.67575
-1.58825 2.673
-1.58143 2.66975
-1.57461 2.667
-1.5678 2.6645
-1.56125 2.663
-1.55443 2.659
-1.54789 2.656
-1.54107 2.65325
-1.53453 2.651
-1.52771 2.64825
-1.52116 2.646
-1.51435 2.6435
-1.5078 2.64
-1.50098 2.636
-1.49444 2.633
-1.48762 2.62975
-1.48108 2.626
-1.47426 2.62625
-1.46771 2.627
-1.4609 2.632
-1.45435 2.638
-1.44753 2.643
-1.44099 2.648
-1.43417 2.64775
-1.29645 0
-1.28963 0
-1.28309 0
-1.27627 0
-1.26973 0
-1.26291 0
-1.25636 0
-1.24955 0
-1.243 0
-1.23618 0
-1.22964 0
-1.22282 0
-1.21628 0
-1.20946 0
-1.20291 0
-1.1961 0
-1.18955 0
-1.18273 0
-1.17619 0
-1.16937 0
-1.16283 0
-1.15601 0
-1.14946 0
-1.14265 0
-1.1361 0
-1.12928 0
-1.12274 0
-1.24709 2.66725
-1.24055 2.667
-1.234 2.6715
-1.22746 2.676
-1.22064 2.6755
-1.08265 0
-1.07583 0
-1.06929 0
-1.06247 0
-1.05592 0
-1.04911 0
-1.04256 0
-1.03574 0
-1.0292 0
-1.02238 0
-1.01584 0
-1.00902 0
-1.00247 0
-0.995656 0
-0.989111 0
-0.982293 0
-0.968112 0
-0.961567 0
-0.955022 0
-0.948205 0
-0.94166 0
-0.934842 0
-0.928297 0
-0.92148 0
-0.914934 0
-0.908117 0
-0.901572 0
-0.894754 0
-0.888209 0
-0.881664 0
-0.874846 0
-0.868301 0
-0.861483 0
-0.970839 0.911
-0.964022 0.911
-0.957477 0.91025
-0.834758 0
-0.945478 0.96925
-0.93866 0.969
-0.931842 0.957
-0.925024 0.946
-0.917934 0.939
-0.911389 0.932
-0.904571 0.93225
-0.78158 0
-0.774762 0
-0.768217 0
-0.7614 0
-0.754855 0
-0.748037 0
-0.741492 0
-0.734947 0
-0.72813 0
-0.853848 3.08625
-0.84703 3.087
-0.840485 3.087
-0.701404 0
-0.694859 0
-0.688042 0
-0.681496 0
-0.674679 0
-0.668134 0
-0.661589 0
-0.654771 0
-0.648226 0
-0.641408 0
-0.634864 0
-0.731402 0.597
-0.724857 0.597
-0.717767 0.59175
-0.710949 0.586
-0.703586 0.58025
-0.696768 0.576
-0.68995 0.571
-0.68286 0.566
-0.676042 0.5625
-0.668952 0.559
-0.662134 0.55375
-0.655044 0.55
-0.648226 0.54575
-0.641136 0.542
-0.634318 0.5385
-0.627228 0.535
-0.62041 0.531
-0.61332 0.527
-0.606229 0.52325
-0.599411 0.52
-0.592321 0.51675
-0.585776 0.514
-0.578686 0.5105
-0.571595 0.507
-0.564778 0.5045
-0.55796 0.502
-0.55087 0.49875
-0.544052 0.496
-0.537234 0.49575
-0.522508 0.49
-0.51569 0.487
-0.5086 0.484
-0.501782 0.48125
-0.494692 0.479
-0.487874 0.47625
-0.481057 0.474
-0.474239 0.471
-0.467148 0.469
-0.460331 0.4665
-0.45324 0.465
-0.446695 0.46325
-0.439605 0.461
-0.432787 0.45875
-0.425697 0.457
-0.419152 0.4555
-0.412062 0.453
-0.405244 0.451
-0.398153 0.449
-0.391608 0.44725
-0.384518 0.446
-0.3777 0.44275
-0.37061 0.44
-0.363792 0.4385
-0.356974 0.438
-0.350157 0.436
-0.343339 0.435
-0.336521 0.43375
-0.329431 0.432
-0.322613 0.42975
-0.315796 0.429
-0.309251 0.428
-0.30216 0.426
-0.295615 0.4255
-0.288798 0.426
-0.282253 0.42575
-0.186532 0
-0.179987 0
-0.173169 0
-0.166624 0
-0.159807 0
-0.153261 0
-0.146444 0
-0.139899 0
-0.133081 0
-0.126536 0
-0.119719 0
-0.113174 0
-0.106356 0
-0.0998109 0
-0.0929936 0
-0.0864485 0
-0.0796307 0
-0.0730856 0
-0.0662678 0
-0.0597232 0
-0.0529054 0
-0.0463603 0
-0.0395425 0
-0.0329974 0
-0.0261801 0
-0.019635 0
-0.0128172 0
-0.00627214 0
0.000545415 0
-0.122173 2.12175
-0.115355 2.122
-0.10881 2.118
-0.101993 2.115
-0.0954478 2.111
-0.08863 2.108
-0.082085 2.10525
-0.0752671 2.104
-0.0687226 2.09925
-0.061632 2.095
-0.0550869 2.09
-0.0482691 2.086
-0.0417245 2.0845
-0.0349067 2.083
-0.0280889 2.083
-0.0155442 2.079
-0.00899917 2.0775
-0.00218183 2.077
0.00463603 2.07425
0.0114537 2.072
0.0179987 2.06925
0.0248164 2.068
0.0316341 2.066
0.0384518 2.064
0.0452695 2.062
0.0518145 2.06
0.0586322 2.05925
0.194441 0
0.201258 0
0.207803 0
0.214621 0
0.221439 0
0.228256 0
0.235074 0
0.241619 0
0.248437 0
0.255254 0
0.262072 0
0.26889 0
0.275435 0
0.282252 0
0.28907 0
0.295888 0
0.302433 0
0.309251 0
0.316068 0
0.195259 1.84775
0.202076 1.848
0.208621 1.8475
0.343066 0
0.222802 1.752
0.22962 1.752
0.236438 1.75125
0.370064 0
0.376882 0
0.3837 0
0.390517 0
0.397062 0
0.274071 2.24525
0.280889 2.245
0.287707 2.279
0.294252 2.314
0.300797 2.3135
0.437696 0
0.444514 0
0.451331 0
0.458149 0
0.464694 0
0.471512 0
0.478329 0
0.485147 0
0.491692 0
0.369519 2.08925
0.376337 2.09
0.383154 2.09175
0.389972 2.095
0.396244 2.099
0.403062 2.104
0.40988 2.108
0.416697 2.112
0.423515 2.11625
0.43006 2.12
0.436878 2.12275
0.443695 2.126
0.450513 2.129
0.457058 2.132
0.463876 2.1365
0.470693 2.142
0.477511 2.14525
0.484329 2.15
0.490874 2.15425
0.497419 2.158
0.504237 2.1625
0.511054 2.167
0.517872 2.167
0.530689 2.183
0.536961 2.1865
0.543506 2.191
0.550051 2.19625
0.556596 2.202
0.563141 2.20775
0.569414 2.215
0.575686 2.221
0.582231 2.227
0.588776 2.233
0.595321 2.24
0.601866 2.24575
0.608138 2.252
0.614683 2.26025
0.621228 2.27
0.627773 2.2755
0.634318 2.28
0.640318 2.2895
0.646863 2.3
0.653408 2.30675
0.659953 2.314
0.666498 2.32325
0.673043 2.333
0.679315 2.341
0.685587 2.35
0.692132 2.358
0.698677 2.366
0.705222 2.36525
0.842121 0
0.848394 0
0.854939 0
0.730857 2.43225
0.737402 2.432
0.743947 2.484
0.749946 2.537
0.756491 2.5525
0.763036 2.569
0.769581 2.57125
0.776126 2.573
0.782671 2.57275
0.919843 0
0.790307 6.4605
0.796852 6.46
0.803397 6.491
0.809942 6.521
0.816487 6.5215
