0.827122 6.585
0.839667 6.65
0.846212 6.7055
0.85303 6.76
0.859847 6.75975
1.00247 0
1.00929 0
1.01611 0
1.02265 0
1.02947 0
1.03629 0
1.04283 0
1.04965 0
1.05647 0
1.06301 0
1.06983 0
1.07665 0
1.08319 0
1.09001 0
1.09683 0
1.10338 0
1.11019 0
1.11701 0
1.12383 0
1.13037 0
1.13719 0
1.14401 0
1.15055 0
1.15737 0
1.16419 0
1.17073 0
1.17755 0
1.18437 0
1.19091 0
1.19773 0
1.20455 0
1.21109 0
1.21791 0
1.22473 0
1.23128 0
1.23809 0
1.24491 0
1.25173 0
1.25827 0
1.26509 0
1.27191 0
1.27845 0
1.28527 0
1.29209 0
1.29863 0
1.30545 0
1.31227 0
1.31881 0
1.32563 0
1.33245 0
1.33899 0
1.34581 0
1.35263 0
1.35918 0
1.36599 0
1.37281 0
1.37963 0
1.38617 0
1.39299 0
1.39981 0
1.40635 0
1.41317 0
1.41999 0
1.42653 0
1.43335 0
1.44017 0
1.44671 0
1.45353 0
1.46035 0
1.46689 0
1.47371 0
1.48053 0
1.48708 0
1.49389 0
1.50071 0
1.50753 0
1.52035 0
1.52689 0
1.53344 0
1.53998 0
1.54653 0
1.55334 0
1.55989 0
1.56643 0
1.57298 0
1.57952 0
1.58634 0
1.59289 0
1.59943 0
1.60598 0
1.61279 0
1.48844 2.57475
1.49498 2.575
1.50153 2.5705
1.50807 2.567
1.51489 2.5675
1.65234 0
1.65888 0
1.66543 0
1.67197 0
1.67879 0
1.68533 0
1.69188 0
1.69842 0
1.70524 0
1.69461 0.17725
1.70115 0.177
1.70879 0.17575
1.71642 0.174
1.72379 0.1735
1.73142 0.172
1.73824 0.1715
1.74587 0.17
1.75269 0.16975
1.76006 0.169
1.76742 0.16775
1.77396 0.168
1.78105 0.167
1.78787 0.167
1.79523 0.166
1.80178 0.166
1.8086 0.16575
1.81569 0.165
1.82251 0.16525
1.82905 0.165
1.83614 0.1645
1.84296 0.164
1.8495 0.164
1.85632 0.164
1.86259 0.16425
1.86941 0.164
1.87541 0.16475
1.88196 0.165
1.88905 0.1645
1.89505 0.165
1.90132 0.1655
1.90814 0.165
1.91441 0.16575
1.92068 0.166
1.9275 0.16575
1.93377 0.166
1.94032 0.166
1.94631 0.167
1.95231 0.168
1.95886 0.168
1.96513 0.16825
1.9714 0.169
1.97686 0.17025
1.98286 0.171
1.98913 0.1715
1.9954 0.172
2.00113 0.1735
2.00713 0.174
2.01395 0.17375
2.01967 0.175
2.02704 0.17425
2.03822 0.178
2.04394 0.17925
2.04994 0.18
2.05594 0.181
2.0614 0.183
2.06822 0.1825
2.09576 0
2.1023 0
2.10885 0
2.11567 0
2.12221 0
2.12903 0
2.13557 0
2.14212 0
2.14894 0
2.15548 0
2.16203 0
2.16884 0
2.17539 0
2.18193 0
2.18875 0
2.1953 0
2.20211 0
2.20866 0
2.2152 0
2.22202 0
2.22857 0
2.23511 0
2.24193 0
2.24847 0
2.25529 0
2.26184 0
2.26838 0
2.2752 0
2.28175 0
2.17321 0.88375
2.18003 0.884
2.18657 0.88625
2.19312 0.888
2.19966 0.891
2.20621 0.893
2.21302 0.896
2.2193 0.9
2.22529 0.92725
2.23129 0.956
2.23811 0.95375
2.24466 0.953
2.25147 0.952
2.25802 0.95
2.26456 0.95
2.27138 0.951
2.27793 0.95325
2.28447 0.956
2.29102 0.96025
2.29756 0.965
2.30411 0.97
2.31065 0.976
2.31692 0.9835
2.32347 0.991
2.33001 1.00025
2.33656 1.011
2.34256 1.03875
2.34856 1.066
2.35538 1.066
2.48109 0
2.48764 0
2.49446 0
2.37228 2.0225
2.37883 2.023
2.38565 2.00675
2.39246 1.992
2.39928 1.97575
2.40583 1.959
2.41265 1.94
2.41946 1.922
2.42601 1.9065
2.43283 1.892
2.43964 1.87825
2.44619 1.864
2.45301 1.86425
2.46746 1.835
2.474 1.82075
2.48082 1.808
2.48737 1.795
2.49418 1.782
2.50073 1.7695
2.50755 1.757
2.51436 1.74475
2.52091 1.732
2.52773 1.72125
2.53455 1.711
2.54109 1.6985
2.54791 1.686
2.55473 1.676
2.56127 1.666
2.56809 1.65525
2.57491 1.646
2.58145 1.63725
2.588 1.629
2.59509 1.62
2.60163 1.611
2.60818 1.6015
2.61472 1.593
2.62181 1.58275
2.62836 1.574
2.6349 1.56575
2.64199 1.557
2.64854 1.549
2.65508 1.541
2.6619 1.5325
2.66872 1.525
2.67526 1.51875
2.68208 1.513
2.68863 1.50575
2.69544 1.498
2.70226 1.491
2.70881 1.485
2.71535 1.478
2.72217 1.471
2.72899 1.46425
2.73553 1.459
2.74208 1.45225
2.74889 1.446
2.75571 1.4395
2.76226 1.433
2.76907 1.428
2.77562 1.422
2.78244 1.41625
2.78925 1.412
2.7958 1.40625
2.80234 1.401
2.80916 1.397
2.81598 1.392
2.82252 1.3875
2.82934 1.383
2.83589 1.37875
2.84243 1.374
2.84952 1.36825
2.85607 1.364
2.86261 1.3605
2.86916 1.357
2.87598 1.3525
2.88252 1.347
2.88934 1.34275
2.89616 1.34
2.9027 1.33625
2.90925 1.332
2.91606 1.3275
2.92261 1.324
2.92943 1.3215
2.93624 1.318
2.94279 1.31375
2.94933 1.311
2.95615 1.30775
2.9627 1.306
2.96924 1.303
2.97606 1.301
2.98288 1.2965
2.98942 1.293
2.99624 1.2925
3.01015 1.288
3.01669 1.2865
3.02324 1.285
3.02978 1.28125
3.03687 1.279
3.04342 1.27525
3.04996 1.273
3.05678 1.27
3.06333 1.268
3.06987 1.2665
3.07669 1.264
3.08323 1.26275
3.08978 1.261
3.0966 1.25975
3.10341 1.258
3.10996 1.255
3.11678 1.253
3.12332 1.253
3.12987 1.252
3.13668 1.24925
-3.13996 1.248
-3.13341 1.24775
-3.00442 0
-2.99788 0
-2.99133 0
-2.98451 0
-2.97797 0
-3.08951 1.0055
-3.08269 1.006
-3.07614 1.0045
-3.0696 1.004
-3.06251 0.99725
-3.05596 0.992
-3.04942 0.99375
-3.0426 0.996
-3.03605 0.997
-3.02951 0.997
-3.02269 0.991
-3.01587 0.984
-3.00933 0.98675
-3.00251 0.99
-2.99597 0.98925
-2.98942 0.99
-2.9826 0.986
-2.97606 0.982
-2.96951 0.9845
-2.9627 0.986
-2.95615 0.98825
-2.94961 0.99
-2.94279 0.98725
-2.93624 0.984
-2.9297 0.9875
-2.92288 0.99
-2.91634 0.99
-2.91006 0.991
-2.90297 0.98675
-2.89643 0.984
-2.88988 0.98725
-2.88334 0.992
-2.87679 0.9925
-2.87025 0.993
-2.86343 0.9935
-2.85689 0.995
-2.85034 0.99625
-2.84352 0.998
-2.83698 0.99725
-2.71262 0
-2.70581 0
-2.69926 0
-2.81489 1.252
-2.80807 1.252
-2.80153 1.254
-2.79498 1.255
-2.78816 1.25525
-2.78162 1.257
-2.77507 1.25675
-2.64608 0
-2.75844 1.0545
-2.75189 1.055
-2.74508 1.0545
-2.73062 1.034
-2.7238 1.02425
-2.71726 1.016
-2.71017 1.0085
-2.70335 1.002
-2.69653 0.996
-2.68972 0.99
-2.6829 0.98425
-2.67635 0.979
-2.66926 0.97325
-2.66272 0.968
-2.65563 0.961
-2.64881 0.953
-2.64199 0.9475
-2.63517 0.941
-2.62836 0.93925
-2.62181 0.939
-2.61527 0.93975
-2.60845 0.942
-2.6019 0.94
-2.59509 0.938
-2.58854 0.938
-2.58172 0.938
-2.57518 0.93525
-2.56836 0.933
-2.56182 0.93225
-2.555 0.933
-2.54845 0.933
-2.54164 0.933
-2.53509 0.932
-2.52827 0.932
-2.52146 0.93075
-2.51491 0.93
-2.50809 0.93075
-2.50182 0.932
-2.495 0.932
-2.48846 0.932
-2.48164 0.9325
-2.4751 0.934
-2.46828 0.93675
-2.46173 0.939
-2.45519 0.94375
-2.44864 0.948
-2.44182 0.9525
-2.43555 0.956
-2.42873 0.9555
-2.3052 0
-2.29838 0
-2.29184 0
-2.28529 0
-2.27847 0
-2.39683 1.48125
-2.39001 1.482
-2.38347 1.48875
-2.37665 1.496
-2.37038 1.5025
-2.36356 1.508
-2.35701 1.515
-2.35019 1.522
-2.34392 1.52925
-2.3371 1.537
-2.33056 1.54325
-2.32374 1.551
-2.31747 1.5605
-2.31093 1.569
-2.30411 1.5775
-2.29756 1.586
-2.29102 1.59425
-2.28447 1.602
-2.27765 1.61025
-2.27111 1.62
-2.26456 1.63
-2.25802 1.639
-2.2512 1.6495
-2.24493 1.659
-2.23811 1.66925
-2.23157 1.679
-2.22475 1.68925
-2.21848 1.699
-2.21166 1.69925
-2.19911 1.719
-2.19257 1.70925
-2.18602 1.7
-2.17921 1.72
-2.17293 1.741
-2.16612 1.7495
-2.15957 1.759
-2.15275 1.76725
-2.14648 1.777
-2.13966 1.79075
-2.13312 1.804
-2.12657 1.8185
-2.12003 1.832
-2.11321 1.846
-2.10694 1.861
-2.10012 1.87625
-2.09358 1.893
-2.0873 1.90775
-2.08049 1.922
-2.07394 1.939
-2.0674 1.956
-2.06085 1.9745
-2.05431 1.993
-2.04776 2.01325
-2.04094 2.033
-2.03467 2.05075
-2.02785 2.068
-2.02131 2.0865
-2.01476 2.104
-2.00822 2.125
-2.0014 2.147
-1.99513 2.17025
-1.98858 2.194
-1.98177 2.21575
-1.97549 2.239
-1.96868 2.264
-1.9624 2.288
-1.95559 2.3375
-1.94931 2.387
-1.9425 2.41625
-1.93622 2.445
-1.92941 2.47125
-1.92313 2.499
-1.91632 2.529
-1.90977 2.558
-1.90323 2.591
-1.89668 2.624
-1.88986 2.65725
-1.88359 2.691
-1.87705 2.72875
-1.8705 2.766
-1.86396 2.803
-1.85714 2.839
-1.85087 2.8715
-1.84405 2.904
-1.8375 2.88775
-1.83069 2.873
-1.82414 2.86425
-1.81705 2.856
-1.81051 2.8475
-1.80369 2.838
-1.79714 2.8385
-1.65861 0
-1.65206 0
-1.64552 0
-1.6387 0
-1.63216 0
-1.62534 0
-1.61879 0
-1.61198 0
-1.60543 0
-1.59861 0
-1.59207 0
-1.58525 0
-1.5787 0
-1.70224 2.40625
-1.6957 2.407
-1.68888 2.41775
-1.68261 2.429
-1.67579 2.42875
-1.53262 0
-1.65752 2.7045
-1.65097 2.705
-1.64415 2.69875
-1.63761 2.694
-1.63079 2.69125
-1.62425 2.688
-1.6177 2.6855
-1.61088 2.682
-1.60434 2.6805
-1.59752 2.679
-1.59098 2.67425
-1.58443 2.669
-1.57734 2.66675
-1.5708 2.666
-1.56398 2.6625
-1.55743 2.66
-1.55089 2.658
-1.54407 2.657
-1.53753 2.65475
-1.53071 2.652
-1.52416 2.64825
-1.51762 2.645
-1.5108 2.6405
-1.50426 2.637
-1.49744 2.6345
-1.49089 2.632
-1.48435 2.62975
-1.47753 2.627
-1.47099 2.62775
-1.46417 2.629
-1.45762 2.6245
-1.45108 2.621
-1.44426 2.6215
-1.30654 0
-1.29972 0
-1.29318 0
-1.28663 0
-1.27982 0
-1.27327 0
-1.26645 0
-1.25991 0
-1.25309 0
-1.24655 0
-1.24 0
-1.23318 0
-1.22664 0
-1.21982 0
-1.21328 0
-1.20673 0
-1.19991 0
-1.19337 0
-1.18655 0
-1.18001 0
-1.17346 0
-1.16664 0
-1.1601 0
-1.15328 0
-1.14674 0
-1.14019 0
-1.13337 0
-1.12683 0
-1.12001 0
-1.11347 0
-1.10692 0
-1.1001 0
-1.09356 0
-1.08674 0
-1.0802 0
-1.07365 0
-1.06683 0
-1.06029 0
-1.05347 0
-1.04692 0
-1.04038 0
-1.03356 0
-1.02702 0
-1.0202 0
-1.01365 0
-1.00684 0
-0.992656 0
-0.986111 0
-0.979566 0
-0.972749 0
-0.966204 0
-0.959658 0
-0.952841 0
-0.946296 0
-0.939478 0
-0.932933 0
-0.926388 0
-0.91957 0
-0.913025 0
-0.906208 0
-0.899663 0
-1.00847 0.89725
-1.00166 0.897
-0.99511 0.8965
-0.872938 0
-0.866392 0
-0.859847 0
-0.968931 0.9115
-0.962385 0.911
-0.955568 0.91075
-0.833122 0
-0.826577 0
-0.819759 0
-0.929933 0.94425
-0.923388 0.945
-0.916298 0.9335
-0.90948 0.923
-0.90239 0.919
-0.895845 0.915
-0.8893 0.91475
-0.766581 0
-0.760036 0
-0.753218 0
-0.746674 0
-0.740129 0
-0.733311 0
-0.726766 0
-0.852484 3.09725
-0.845939 3.098
-0.839394 3.098
-0.700041 0
-0.693496 0
-0.686678 0
-0.680133 0
-0.673588 0
-0.66677 0
-0.660225 0
-0.653408 0
-0.646863 0
-0.640318 0
-0.6335 0
-0.730311 0.596
-0.723766 0.596
-0.716403 0.58975
-0.709585 0.585
-0.702495 0.57925
-0.695677 0.575
-0.68886 0.5695
-0.681496 0.565
-0.674679 0.561
-0.667861 0.558
-0.660771 0.55275
-0.653953 0.549
-0.646863 0.54475
-0.640045 0.541
-0.632954 0.538
-0.626137 0.534
-0.619319 0.53
-0.612229 0.527
-0.605411 0.52275
-0.598321 0.519
-0.591503 0.51575
-0.584685 0.513
-0.577868 0.5105
-0.570777 0.507
-0.564232 0.5075
-0.549506 0.501
-0.542688 0.4985
-0.535598 0.495
-0.52878 0.49175
-0.52169 0.489
-0.514872 0.48675
-0.507782 0.484
-0.500691 0.482
-0.493873 0.479
-0.486783 0.4765
-0.480238 0.474
-0.473148 0.47125
-0.46633 0.469
-0.45924 0.46725
-0.452149 0.465
-0.445604 0.463
-0.438514 0.461
-0.431696 0.459
-0.424606 0.457
-0.417516 0.45375
-0.410698 0.452
-0.40388 0.45025
-0.397063 0.449
-0.389972 0.447
-0.383427 0.446
-0.376336 0.4445
-0.369246 0.442
-0.362428 0.43925
-0.355611 0.438
-0.348793 0.43675
-0.341976 0.435
-0.334885 0.434
-0.328067 0.432
-0.320977 0.43
-0.314432 0.429
-0.307341 0.42725
-0.300797 0.426
-0.293979 0.42575
-0.287161 0.426
-0.280616 0.426
-0.184896 0
-0.178351 0
-0.171533 0
-0.164716 0
-0.158171 0
-0.151353 0
-0.144808 0
-0.13799 0
-0.131445 0
-0.124627 0
-0.11781 0
-0.111265 0
-0.104447 0
-0.184078 0.4045
-0.17726 0.405
-0.170442 0.40425
-0.0777219 0
-0.0709041 0
-0.064359 0
-0.0575412 0
-0.0509961 0
-0.0441788 0
-0.037361 0
-0.0308159 0
-0.0239981 0
-0.0174535 0
-0.0106357 0
-0.00381786 0
0.00272708 0
-0.119719 2.12225
-0.113174 2.122
-0.106356 2.1185
-0.0998109 2.114
-0.0929936 2.112
-0.0861757 2.109
-0.0796307 2.10525
-0.0728129 2.103
-0.065995 2.09825
-0.0591777 2.093
-0.0523599 2.09325
-0.0381792 2.085
-0.0316342 2.084
-0.0250891 2.082
-0.018544 2.08125
-0.011999 2.081
-0.00518161 2.07875
0.00136354 2.076
0.00790852 2.0735
0.0144535 2.071
0.0212712 2.07
0.0278162 2.069
0.0343612 2.06475
0.0409062 2.06
0.0474511 2.05975
0.0542688 2.061
0.0608138 2.0695
0.0673588 2.078
0.0739038 2.0785
0.209712 0
0.216257 0
0.222802 0
0.229347 0
0.236165 0
0.24271 0
0.249255 0
0.2558 0
0.262345 0
0.269163 0
0.275707 0
0.282252 0
0.288797 0
0.295615 0
0.30216 0
0.181623 1.76725
0.188168 1.768
0.194441 1.80475
0.200986 1.841
0.207531 1.8245
0.214348 1.807
0.220893 1.779
0.227984 1.75
0.234529 1.74925
0.368155 0
0.250073 1.46025
0.256891 1.461
0.263436 1.461
0.394608 0
0.401153 0
0.407698 0
0.284434 2.3045
0.290979 2.304
0.297524 2.30325
0.434151 0
0.440968 0
0.447513 0
0.454058 0
0.460603 0
0.467148 0
0.473966 0
0.480511 0
0.487056 0
0.36461 2.08925
0.371428 2.09
0.377973 2.093
0.384518 2.096
0.39079 2.0995
0.397608 2.103
0.404153 2.10675
0.410698 2.11
0.417243 2.11375
0.423788 2.118
0.430605 2.121
0.43715 2.124
0.443695 2.1275
0.45024 2.13
0.457058 2.13475
0.463603 2.14
0.470148 2.14425
0.476693 2.148
0.483511 2.14825
0.495783 2.156
0.502328 2.1605
0.508873 2.166
0.515418 2.17275
0.521963 2.18
0.52878 2.18375
0.535325 2.189
0.54187 2.193
0.548415 2.198
0.55496 2.2045
0.561778 2.212
0.56805 2.21875
0.574595 2.226
0.58114 2.23125
0.587685 2.238
0.594503 2.2425
0.601048 2.248
0.607593 2.258
0.614138 2.267
0.620683 2.27275
0.6275 2.28
0.633773 2.28775
0.640318 2.296
0.646863 2.3045
0.653408 2.312
0.660225 2.3205
0.66677 2.33
0.673315 2.33875
0.67986 2.348
0.686133 2.35525
0.69295 2.364
0.699495 2.375
0.70604 2.386
0.712585 2.3865
0.849484 0
0.725675 2.42225
0.73222 2.422
0.738765 2.48075
0.745037 2.539
0.751582 2.55
0.7584 2.562
0.764945 2.571
0.77149 2.58
0.778035 2.58025
0.91548 0
0.922297 0
0.928842 0
0.799306 6.51275
0.805851 6.513
0.812669 6.51275
