0.827941 6.593
0.841849 6.673
0.848394 6.7175
0.854939 6.762
0.861756 6.76125
1.00438 0
0.890391 1.16075
0.896936 1.161
0.903753 1.1605
1.03111 0
1.03765 0
1.04447 0
1.05102 0
1.05783 0
1.06438 0
1.0712 0
1.07774 0
1.08429 0
1.0911 0
1.09765 0
1.10447 0
1.11101 0
1.11783 0
1.12437 0
1.13092 0
1.13774 0
1.14428 0
1.1511 0
1.15764 0
1.16446 0
1.17101 0
1.17755 0
1.18437 0
1.19091 0
1.19773 0
1.20428 0
1.21109 0
1.21764 0
1.22418 0
1.231 0
1.23755 0
1.24437 0
1.25091 0
1.25773 0
1.26427 0
1.27082 0
1.27764 0
1.28418 0
1.291 0
1.29754 0
1.30436 0
1.31091 0
1.31745 0
1.32427 0
1.33081 0
1.33763 0
1.34418 0
1.35099 0
1.35754 0
1.36408 0
1.3709 0
1.37745 0
1.38426 0
1.39081 0
1.39763 0
1.40417 0
1.41072 0
1.41753 0
1.42408 0
1.4309 0
1.43744 0
1.44426 0
1.4508 0
1.45735 0
1.46417 0
1.47071 0
1.47753 0
1.48408 0
1.49089 0
1.49744 0
1.50426 0
1.51844 0
1.52498 0
1.5318 0
1.53834 0
1.54516 0
1.55171 0
1.55852 0
1.56507 0
1.57189 0
1.57843 0
1.58525 0
1.59179 0
1.59861 0
1.47426 2.58075
1.4808 2.581
1.48789 2.5765
1.49444 2.572
1.50126 2.5675
1.5078 2.562
1.51462 2.56125
1.65206 0
1.53425 1.45125
1.5408 1.452
1.54762 1.452
1.67906 0
1.68561 0
1.69242 0
1.69897 0
1.70579 0
1.71233 0
1.71915 0
1.71151 0.173
1.71833 0.173
1.72542 0.17225
1.73251 0.172
1.73988 0.17125
1.74724 0.17
1.75487 0.169
1.76224 0.168
1.76905 0.168
1.77615 0.167
1.78405 0.16575
1.79033 0.166
1.79796 0.16525
1.80369 0.166
1.81051 0.166
1.81814 0.165
1.82441 0.1655
1.8315 0.165
1.83805 0.16525
1.84487 0.165
1.85141 0.16525
1.85823 0.165
1.86532 0.1645
1.87241 0.164
1.87814 0.165
1.88496 0.165
1.89177 0.16525
1.89832 0.165
1.90541 0.16475
1.91086 0.166
1.91741 0.1665
1.92423 0.166
1.93077 0.1665
1.93677 0.167
1.94304 0.16775
1.94959 0.168
1.95613 0.16825
1.9624 0.169
1.96813 0.17
1.97495 0.17
1.98149 0.17
1.98749 0.171
1.99431 0.17075
2.00031 0.172
2.00658 0.17225
2.01204 0.174
2.01749 0.1755
2.02404 0.176
2.03058 0.1765
2.04204 0.178
2.04722 0.17975
2.05322 0.181
2.05922 0.182
2.06467 0.184
2.0704 0.1855
2.07558 0.188
2.08049 0.19075
2.0854 0.194
2.09221 0.19325
2.12657 0
2.13312 0
2.13994 0
2.14648 0
2.1533 0
2.15984 0
2.16666 0
2.17321 0
2.18003 0
2.18657 0
2.19339 0
2.19993 0
2.20675 0
2.2133 0
2.22011 0
2.22666 0
2.23348 0
2.24029 0
2.24684 0
2.25366 0
2.2602 0
2.26702 0
2.27356 0
2.16584 0.8695
2.17239 0.869
2.17893 0.87
2.18548 0.87
2.1923 0.87025
2.19884 0.871
2.20566 0.87275
2.2122 0.875
2.21902 0.8725
2.22557 0.871
2.23239 0.871
2.23893 0.87
2.24575 0.87325
2.25229 0.877
2.25884 0.88125
2.26538 0.887
2.27193 0.8975
2.2782 0.907
2.28474 0.917
2.29102 0.927
2.29784 0.92725
2.30465 0.929
2.31093 0.93175
2.31774 0.934
2.32429 0.939
2.33083 0.944
2.33738 0.953
2.34392 0.963
2.35019 0.97425
2.35674 0.986
2.36301 0.99725
2.36956 1.009
2.3761 1.009
2.501 0
2.50755 0
2.51436 0
2.52091 0
2.52773 0
2.4061 1.9395
2.41292 1.939
2.41946 1.92375
2.42628 1.908
2.4331 1.89275
2.43992 1.878
2.44646 1.864
2.45355 1.85
2.46037 1.85
2.47291 1.823
2.47973 1.8085
2.48655 1.795
2.49309 1.78325
2.49991 1.771
2.50673 1.75825
2.51355 1.747
2.52009 1.735
2.52718 1.723
2.53373 1.711
2.54054 1.7
2.54736 1.68825
2.55418 1.677
2.56073 1.66525
2.56782 1.655
2.57436 1.6465
2.58118 1.637
2.58772 1.6275
2.59481 1.618
2.60136 1.60875
2.60818 1.6
2.61472 1.59025
2.62181 1.582
2.62836 1.574
2.63517 1.566
2.64172 1.558
2.64881 1.55
2.65535 1.54225
2.66217 1.535
2.66899 1.52725
2.67581 1.519
2.68235 1.511
2.68917 1.502
2.69599 1.495
2.70281 1.489
2.70935 1.48175
2.71617 1.476
2.72299 1.46925
2.7298 1.462
2.73635 1.457
2.74317 1.452
2.74971 1.446
2.7568 1.439
2.76335 1.43275
2.77016 1.426
2.77671 1.42075
2.7838 1.415
2.79035 1.4105
2.79716 1.406
2.80371 1.4005
2.81053 1.395
2.81734 1.38925
2.82416 1.384
2.83071 1.37975
2.83752 1.376
2.84407 1.372
2.85116 1.368
2.8577 1.3635
2.86452 1.358
2.87107 1.35325
2.87788 1.35
2.88443 1.34625
2.89152 1.342
2.89806 1.339
2.90488 1.335
2.91143 1.331
2.91825 1.328
2.92479 1.32375
2.93188 1.321
2.93843 1.31775
2.94524 1.314
2.95179 1.311
2.95861 1.307
2.96515 1.3045
2.97197 1.301
2.97879 1.29825
2.9856 1.296
2.99215 1.29375
2.99897 1.291
3.00578 1.29125
3.01969 1.286
3.02624 1.28575
-3.12768 0
3.05569 0.656
3.06223 0.656
3.06933 0.6535
3.07587 0.652
3.08269 0.65025
3.08951 0.648
3.09632 0.64675
3.10287 0.645
3.10969 0.6435
3.1165 0.642
3.12332 0.6395
3.13014 0.637
3.13696 0.63525
-3.13968 0.634
-3.13259 0.63225
-3.12605 0.63
-3.11923 0.631
-3.11269 0.631
-3.10587 0.632
-3.09932 0.632
-3.09223 0.62725
-3.08569 0.624
-3.07887 0.62325
-3.07232 0.623
-3.06551 0.6235
-3.05896 0.623
-3.05214 0.623
-3.0456 0.624
-3.03878 0.62475
-3.03224 0.626
-3.02515 0.62275
-3.0186 0.619
-3.01151 0.6175
-3.00497 0.615
-2.99815 0.618
-2.99188 0.62
-2.98506 0.62025
-2.97851 0.62
-2.9717 0.61875
-2.96488 0.617
-2.95806 0.617
-2.95152 0.616
-2.9447 0.615
-2.93815 0.615
-2.93133 0.61625
-2.92506 0.619
-2.91825 0.61875
-2.91143 0.618
-2.90488 0.6185
-2.89806 0.618
-2.89125 0.618
-2.8847 0.618
-2.87816 0.61825
-2.87161 0.619
-2.86479 0.62025
-2.85852 0.623
-2.8517 0.624
-2.84516 0.625
-2.83834 0.6255
-2.8318 0.627
-2.82498 0.62675
-2.81871 0.628
-2.81189 0.62875
-2.80534 0.63
-2.79853 0.631
-2.79198 0.632
-2.78516 0.632
-2.67335 0
-2.66654 0
-2.65999 0
-2.76716 0.84725
-2.76062 0.847
-2.7538 0.84225
-2.74698 0.838
-2.73989 0.832
-2.73335 0.827
-2.72653 0.8265
-2.71235 0.818
-2.70553 0.81475
-2.69899 0.811
-2.6919 0.8075
-2.68535 0.804
-2.67853 0.8
-2.67172 0.797
-2.6649 0.79325
-2.65808 0.791
-2.65126 0.78675
-2.64472 0.784
-2.63763 0.7815
-2.63108 0.778
-2.62399 0.7755
-2.61745 0.772
-2.61036 0.76575
-2.60354 0.76
-2.59672 0.75825
-2.59018 0.758
-2.58336 0.7595
-2.57681 0.76
-2.57027 0.763
-2.56372 0.765
-2.55691 0.76475
-2.55036 0.766
-2.54354 0.76625
-2.537 0.768
-2.53045 0.77
-2.52391 0.772
-2.51709 0.774
-2.51055 0.775
-2.504 0.77675
-2.49746 0.778
-2.49064 0.77675
-2.48409 0.777
-2.47728 0.7765
-2.47046 0.775
-2.46364 0.7755
-2.45737 0.777
-2.45055 0.77875
-2.44401 0.78
-2.43719 0.78075
-2.43064 0.783
-2.4241 0.784
-2.41755 0.785
-2.41074 0.7875
-2.40419 0.79
-2.39765 0.79225
-2.3911 0.796
-2.38428 0.79875
-2.37801 0.802
-2.37119 0.8045
-2.36492 0.808
-2.3581 0.8145
-2.35183 0.821
-2.34529 0.82825
-2.33901 0.837
-2.3322 0.83675
-2.21193 0
-2.20511 0
-2.19857 0
-2.31747 1.5715
-2.31093 1.571
-2.30411 1.5795
-2.29756 1.588
-2.29102 1.59525
-2.28447 1.603
-2.27765 1.61225
-2.27111 1.622
-2.26456 1.632
-2.25802 1.641
-2.2512 1.651
-2.24493 1.66
-2.23811 1.66925
-2.23157 1.68
-2.22475 1.69025
-2.21848 1.7
-2.21166 1.71
-2.20511 1.72
-2.1983 1.72
-2.18439 1.714
-2.17784 1.728
-2.17157 1.742
-2.16475 1.74775
-2.15821 1.753
-2.15139 1.76525
-2.14512 1.778
-2.1383 1.7915
-2.13176 1.805
-2.12521 1.8195
-2.11867 1.834
-2.11185 1.84775
-2.10558 1.863
-2.09876 1.87975
-2.09249 1.897
-2.08567 1.9115
-2.07912 1.926
-2.07258 1.944
-2.06603 1.961
-2.05922 1.97725
-2.05294 1.995
-2.04613 2.01425
-2.03958 2.035
-2.03304 2.053
-2.02649 2.071
-2.01967 2.09
-2.0134 2.108
-2.00686 2.12825
-2.00004 2.15
-1.99377 2.17275
-1.98695 2.197
-1.98068 2.2215
-1.97386 2.245
-1.96731 2.269
-1.96077 2.292
-1.95422 2.34225
-1.94768 2.393
-1.94141 2.42175
-1.93459 2.45
-1.92804 2.4795
-1.9215 2.509
-1.91495 2.5375
-1.90814 2.565
-1.90186 2.59925
-1.89505 2.633
-1.8885 2.66775
-1.88196 2.702
-1.87541 2.737
-1.86887 2.773
-1.86232 2.8045
-1.8555 2.835
-1.84923 2.86675
-1.84241 2.898
-1.83587 2.88375
-1.82932 2.869
-1.82223 2.86
-1.81569 2.851
-1.80887 2.8435
-1.80233 2.835
-1.79551 2.83475
-1.65724 0
-1.78105 2.47625
-1.77451 2.477
-1.76769 2.4765
-1.63052 0
-1.6237 0
-1.61716 0
-1.61034 0
-1.60379 0
-1.59698 0
-1.59043 0
-1.58361 0
-1.57707 0
-1.70061 2.4085
-1.69406 2.408
-1.68724 2.40775
-1.55034 0
-1.67497 2.70975
-1.66843 2.71
-1.66161 2.70975
-1.64743 2.7
-1.64088 2.69525
-1.63434 2.692
-1.62752 2.69
-1.62097 2.689
-1.61416 2.686
-1.60761 2.684
-1.60079 2.68025
-1.59425 2.678
-1.58743 2.67475
-1.58089 2.671
-1.5738 2.6675
-1.56725 2.665
-1.56043 2.663
-1.55389 2.662
-1.54707 2.65575
-1.54053 2.649
-1.53371 2.64825
-1.52716 2.649
-1.52035 2.6465
-1.5138 2.644
-1.50698 2.6395
-1.50044 2.636
-1.49362 2.63475
-1.48708 2.633
-1.48026 2.63175
-1.47371 2.631
-1.46689 2.6285
-1.46035 2.626
-1.45353 2.6265
-1.31581 0
-1.309 0
-1.30245 0
-1.29563 0
-1.28909 0
-1.28227 0
-1.27573 0
-1.26891 0
-1.26236 0
-1.25555 0
-1.249 0
-1.24218 0
-1.23564 0
-1.22882 0
-1.22228 0
-1.21546 0
-1.20891 0
-1.2021 0
-1.19555 0
-1.18873 0
-1.18219 0
-1.17537 0
-1.16883 0
-1.16201 0
-1.15546 0
-1.14864 0
-1.1421 0
-1.13528 0
-1.12874 0
-1.12192 0
-1.11537 0
-1.10856 0
-1.10201 0
-1.22664 2.68225
-1.22009 2.683
-1.21328 2.68325
-1.07529 0
-1.06847 0
-1.06192 0
-1.05511 0
-1.04856 0
-1.04174 0
-1.0352 0
-1.02838 0
-1.02184 0
-1.01502 0
-1.00847 0
-1.00166 0
-0.99511 0
-0.988293 0
-0.975748 0
-0.969203 0
-0.962385 0
-0.95584 0
-0.949023 0
-1.06547 1.33475
-1.05892 1.335
-1.05211 1.3355
-0.922297 0
-0.91548 0
-0.908662 0
-0.902117 0
-0.895299 0
-0.888481 0
-0.881937 0
-0.875119 0
-0.868574 0
-0.861756 0
-0.854939 0
-0.964567 0.9245
-0.957749 0.924
-0.951477 0.95275
-0.94575 0.983
-0.93866 0.96825
-0.931569 0.954
-0.924752 0.947
-0.917661 0.939
-0.910844 0.928
-0.903753 0.917
-0.897209 0.91625
-0.77449 0
-0.767672 0
-0.761127 0
-0.754309 0
-0.747492 0
-0.740947 0
-0.734129 0
-0.86012 3.09475
-0.853302 3.095
-0.846484 3.0945
-0.707404 0
-0.700586 0
-0.693768 0
-0.687223 0
-0.680406 0
-0.673861 0
-0.667043 0
-0.660225 0
-0.65368 0
-0.646863 0
-0.640045 0
-0.6335 0
-0.626682 0
-0.722948 0.5895
-0.716131 0.59
-0.70904 0.58475
-0.702222 0.581
-0.695132 0.57625
-0.688314 0.572
-0.681224 0.5665
-0.674134 0.562
-0.667316 0.558
-0.659952 0.553
-0.652862 0.54925
-0.646045 0.545
-0.638954 0.54125
-0.632137 0.537
-0.625046 0.534
-0.617956 0.53
-0.611138 0.526
-0.604048 0.523
-0.596957 0.51875
-0.59014 0.516
-0.583049 0.51275
-0.576231 0.51
-0.569141 0.5065
-0.562051 0.503
-0.555233 0.5005
-0.548142 0.497
-0.541325 0.4975
-0.528508 0.492
-0.521417 0.48825
-0.5146 0.486
-0.507509 0.483
-0.500691 0.481
-0.493601 0.4785
-0.486511 0.476
-0.47942 0.47325
-0.472875 0.471
-0.465785 0.46875
-0.458694 0.467
-0.451604 0.4645
-0.444786 0.462
-0.437696 0.46
-0.430878 0.458
-0.423788 0.45575
-0.41697 0.454
-0.40988 0.45175
-0.403062 0.45
-0.395972 0.4485
-0.389154 0.446
-0.382064 0.444
-0.375246 0.443
-0.368155 0.44075
-0.361337 0.439
-0.35452 0.43775
-0.34743 0.436
-0.340339 0.4345
-0.333794 0.433
-0.326704 0.431
-0.319613 0.43
-0.312523 0.42775
-0.305978 0.427
-0.29916 0.42625
-0.29207 0.425
-0.285525 0.427
-0.279253 0.429
-0.272435 0.4285
-0.176442 0
-0.169624 0
-0.163079 0
-0.156262 0
-0.149444 0
-0.142626 0
-0.136081 0
-0.129263 0
-0.122446 0
-0.115628 0
-0.109083 0
-0.102265 0
-0.0954478 0
-0.174805 0.40525
-0.168533 0.406
-0.161716 0.40625
-0.0684498 0
-0.061632 0
-0.0550869 0
-0.0482691 0
-0.0414518 0
-0.0346339 0
-0.0280889 0
-0.0212711 0
-0.0144537 0
-0.0076359 0
-0.00109083 0
-0.123536 2.1245
-0.116719 2.124
-0.109901 2.122
-0.103356 2.119
-0.0965384 2.11425
-0.089721 2.111
-0.0829032 2.10575
-0.0763581 2.102
-0.0695403 2.0995
-0.0624502 2.096
-0.0556324 2.092
-0.0490873 2.088
-0.0422695 2.08675
-0.0354522 2.086
-0.0286344 2.08575
-0.0144537 2.079
-0.00790865 2.077
-0.00136358 2.074
0.00518145 2.07125
0.0117264 2.07
0.0185441 2.06725
0.0250891 2.066
0.0316341 2.064
0.0381791 2.062
0.0449968 2.062
0.0515418 2.061
0.0580867 2.06025
0.0646317 2.061
0.0711767 2.06025
0.206985 0
0.21353 0
0.220075 0
0.22662 0
0.233438 0
0.239983 0
0.246528 0
0.253073 0
0.25989 0
0.266435 0
0.27298 0
0.279525 0
0.28607 0
0.292888 0
0.299433 0
0.305978 0
0.312523 0
0.319341 0
0.325886 0
0.204803 1.836
0.211348 1.836
0.217893 1.8365
0.352338 0
0.358883 0
0.365428 0
0.371973 0
0.378791 0
0.385336 0
0.391881 0
0.398426 0
0.405244 0
0.281707 2.29525
0.288252 2.295
0.294524 2.36475
0.300797 2.435
0.307614 2.4355
0.444786 0
0.451331 0
0.457876 0
0.464694 0
0.471239 0
0.477784 0
0.484329 0
0.361883 2.0875
0.368701 2.088
0.375246 2.09225
0.381791 2.096
0.388336 2.09775
0.394881 2.101
0.401426 2.1045
0.407971 2.109
0.414516 2.113
0.421333 2.116
0.427878 2.12025
0.434423 2.124
0.440968 2.12725
0.447513 2.131
0.454331 2.135
0.460876 2.138
0.467421 2.1425
0.473966 2.148
0.480784 2.15125
0.487056 2.156
0.493601 2.16125
0.500146 2.167
0.506964 2.16675
0.520872 2.178
0.527417 2.18275
0.534234 2.188
0.540779 2.192
0.547597 2.197
0.554142 2.2025
0.56096 2.207
0.567505 2.21575
0.57405 2.224
0.580595 2.22975
0.587412 2.236
0.593957 2.242
0.600775 2.249
0.60732 2.257
0.614138 2.265
0.620683 2.27125
0.6275 2.278
0.633773 2.28675
0.64059 2.295
0.647135 2.3015
0.653953 2.308
0.660498 2.318
0.667316 2.327
0.673861 2.33675
0.680678 2.346
0.686951 2.35325
0.693768 2.362
0.700313 2.3735
0.707131 2.385
0.713676 2.3935
0.720494 2.403
0.727039 2.41225
0.733856 2.421
0.740129 2.47925
0.746674 2.538
0.753219 2.5465
0.760036 2.556
0.766581 2.559
0.773399 2.562
0.779944 2.56225
0.917661 0
0.788125 6.44325
0.794943 6.444
0.801488 6.47
0.808306 6.496
0.815123 6.496
