0.972748 0
0.985293 0
0.870756 1.178
0.877573 1.178
0.884391 1.17625
0.891209 1.175
0.897754 1.17425
1.02565 0
1.03247 0
1.03929 0
1.04583 0
1.05265 0
1.05947 0
1.06629 0
1.07283 0
1.07965 0
1.08647 0
1.09329 0
1.09983 0
1.10665 0
1.11347 0
1.12028 0
1.12683 0
1.13365 0
1.14046 0
1.14728 0
1.15383 0
1.16064 0
1.16746 0
1.17428 0
1.1811 0
1.18764 0
1.19446 0
1.20128 0
1.2081 0
1.21464 0
1.22146 0
1.22828 0
1.23509 0
1.24164 0
1.24846 0
1.25527 0
1.26209 0
1.26864 0
1.27545 0
1.28227 0
1.28909 0
1.29563 0
1.30245 0
1.30927 0
1.31609 0
1.32263 0
1.32945 0
1.33627 0
1.34309 0
1.3499 0
1.35645 0
1.36327 0
1.37008 0
1.3769 0
1.38345 0
1.39026 0
1.39708 0
1.4039 0
1.41044 0
1.41726 0
1.42408 0
1.4309 0
1.43744 0
1.44426 0
1.45108 0
1.4579 0
1.46444 0
1.47126 0
1.47808 0
1.48489 0
1.49144 0
1.49826 0
1.50507 0
1.51189 0
1.51871 0
1.53289 0
1.53834 0
1.54407 0
1.5498 0
1.55552 0
1.56125 0
1.56698 0
1.57271 0
1.57843 0
1.58416 0
1.58989 0
1.59561 0
1.60134 0
1.60707 0
1.49007 2.572
1.49662 2.5715
1.63406 0
1.64088 0
1.64743 0
1.65424 0
1.66079 0
1.54271 1.45125
1.54953 1.451
1.55607 1.45025
1.68752 0
1.69406 0
1.70061 0
1.69079 0.1765
1.69679 0.177
1.70415 0.1765
1.71179 0.175
1.71942 0.17325
1.72733 0.172
1.73388 0.17175
1.74124 0.171
1.74833 0.1705
1.75596 0.169
1.76306 0.1685
1.77015 0.168
1.77751 0.16725
1.78405 0.167
1.79087 0.16675
1.79823 0.166
1.80478 0.166
1.81242 0.165
1.81896 0.165
1.82551 0.165
1.83232 0.16525
1.83887 0.165
1.84623 0.16425
1.85305 0.164
1.85932 0.1645
1.86641 0.164
1.87296 0.164
1.87977 0.164
1.88577 0.16475
1.89232 0.165
1.89941 0.16425
1.90541 0.165
1.91195 0.1655
1.91795 0.166
1.92477 0.166
1.93132 0.166
1.93732 0.16675
1.94386 0.167
1.95068 0.16675
1.95668 0.168
1.96322 0.168
1.96895 0.169
1.97522 0.1695
1.98149 0.17
1.98804 0.17025
1.99349 0.172
2.00004 0.17175
2.00604 0.173
2.01231 0.1735
2.01804 0.175
2.02349 0.1765
2.02949 0.177
2.03576 0.17775
2.04094 0.18
2.04722 0.18075
2.0524 0.183
2.05785 0.1845
2.06385 0.186
2.06876 0.1885
2.07476 0.19
2.07885 0.19375
2.08376 0.197
2.09085 0.19625
2.12657 0
2.13339 0
2.13994 0
2.14675 0
2.16094 0
2.16748 0
2.17403 0
2.18084 0
2.18739 0
2.19421 0
2.20075 0
2.20757 0
2.21411 0
2.22066 0
2.22748 0
2.23402 0
2.24084 0
2.24738 0
2.2542 0
2.26075 0
2.26756 0
2.27411 0
2.28065 0
2.17212 0.89175
2.17866 0.892
2.18548 0.8945
2.19202 0.896
2.19884 0.8975
2.20511 0.9
2.21193 0.90275
2.21848 0.906
2.2242 0.93225
2.23048 0.96
2.23702 0.959
2.24384 0.958
2.25038 0.957
2.2572 0.957
2.26375 0.95775
2.27056 0.958
2.27711 0.96025
2.28365 0.963
2.2902 0.9665
2.29674 0.971
2.30356 0.9765
2.30983 0.983
2.31638 0.99125
2.32292 1.001
2.32947 1.00925
2.33574 1.019
2.34229 1.019
2.46746 0
2.474 0
2.48082 0
2.35838 2.0695
2.36519 2.069
2.37174 2.04875
2.37883 2.03
2.38537 2.01325
2.39192 1.997
2.39901 1.9815
2.40555 1.965
2.41237 1.947
2.41919 1.928
2.42601 1.91275
2.43255 1.897
2.43964 1.88275
2.44619 1.868
2.45273 1.853
2.45982 1.839
2.46637 1.826
2.47319 1.813
2.48 1.79925
2.48682 1.787
2.49337 1.77475
2.50046 1.762
2.507 1.7495
2.51355 1.736
2.52064 1.725
2.52718 1.714
2.534 1.70125
2.54082 1.69
2.54764 1.67925
2.55418 1.669
2.561 1.66875
2.57382 1.65
2.58036 1.64025
2.58691 1.631
2.594 1.621
2.60054 1.612
2.60709 1.604
2.6139 1.595
2.62072 1.58525
2.62754 1.576
2.63408 1.56825
2.64063 1.561
2.64772 1.552
2.65426 1.544
2.66108 1.5365
2.66763 1.53
2.67444 1.52175
2.68126 1.515
2.68781 1.50725
2.69462 1.5
2.70144 1.4945
2.70799 1.488
2.71481 1.4805
2.72135 1.473
2.72844 1.46625
2.73499 1.459
2.74153 1.45375
2.74835 1.448
2.75517 1.4415
2.76171 1.435
2.76853 1.4285
2.77507 1.423
2.78216 1.41725
2.78871 1.413
2.79525 1.40825
2.80207 1.404
2.80862 1.3995
2.81543 1.394
2.82225 1.3885
2.8288 1.384
2.83561 1.37875
2.84216 1.375
2.84898 1.37075
2.85579 1.366
2.86234 1.3615
2.86916 1.356
2.8757 1.3525
2.88252 1.348
2.88934 1.34425
2.89588 1.34
2.9027 1.33675
2.90925 1.333
2.91606 1.33
2.92261 1.327
2.92915 1.323
2.93624 1.32
2.94279 1.31625
2.94933 1.312
2.95615 1.30875
2.9627 1.306
2.96951 1.303
2.97633 1.3
2.98288 1.2965
2.98969 1.294
2.99624 1.29125
3.00306 1.288
3.0096 1.28625
3.01615 1.285
3.02296 1.283
3.02951 1.28
3.0366 1.278
3.04315 1.275
3.04969 1.27225
3.05651 1.27
3.06305 1.26675
3.06987 1.265
3.07642 1.2635
3.08296 1.262
3.08978 1.2595
3.0966 1.257
3.10341 1.257
3.11596 1.253
3.1225 1.25175
3.12905 1.25
3.13587 1.2495
-3.14077 1.248
-3.13396 1.2485
-3.00524 0
-2.99842 0
-2.99188 0
-3.10178 0.94325
-3.09523 0.943
-3.08841 0.94275
-3.0816 0.942
-3.07478 0.936
-3.06796 0.929
-3.06114 0.9285
-3.0546 0.929
-3.04833 0.93225
-3.04151 0.935
-3.03469 0.92875
-3.02787 0.924
-3.02133 0.9235
-3.01451 0.924
-3.00797 0.9235
-3.00115 0.924
-2.9946 0.92075
-2.98751 0.918
-2.98097 0.91625
-2.97415 0.914
-2.96761 0.916
-2.96079 0.918
-2.95424 0.915
-2.9477 0.911
-2.94088 0.91125
-2.93433 0.911
-2.92724 0.90875
-2.9207 0.907
-2.91388 0.9065
-2.90734 0.906
-2.90052 0.9085
-2.89425 0.911
-2.88716 0.90825
-2.88061 0.906
-2.87379 0.90325
-2.86725 0.901
-2.86043 0.904
-2.85389 0.906
-2.84707 0.9055
-2.84052 0.905
-2.83398 0.90425
-2.82716 0.904
-2.82062 0.90375
-2.8138 0.903
-2.80725 0.905
-2.80044 0.907
-2.79389 0.9075
-2.67144 0
-2.78707 1.25725
-2.78025 1.258
-2.77398 1.25925
-2.76716 1.261
-2.76062 1.2615
-2.63136 0
-2.62481 0
-2.61827 0
-2.73035 1.043
-2.7238 1.043
-2.71671 1.03275
-2.7099 1.023
-2.70308 1.01675
-2.69626 1.01
-2.68944 1.003
-2.68263 0.997
-2.67581 0.9905
-2.66899 0.984
-2.66217 0.97925
-2.65535 0.974
-2.64854 0.96875
-2.64172 0.963
-2.6349 0.96325
-2.62181 0.946
-2.61527 0.9455
-2.60845 0.945
-2.6019 0.94375
-2.59509 0.944
-2.58854 0.94325
-2.58145 0.942
-2.57491 0.9415
-2.56809 0.94
-2.56154 0.938
-2.55473 0.936
-2.54818 0.93475
-2.54136 0.935
-2.53482 0.93475
-2.528 0.936
-2.52146 0.9355
-2.51464 0.935
-2.50809 0.933
-2.501 0.931
-2.49473 0.93175
-2.48791 0.933
-2.48137 0.93425
-2.47455 0.935
-2.468 0.9365
-2.46119 0.937
-2.45464 0.939
-2.44782 0.941
-2.44155 0.94475
-2.43473 0.949
-2.42819 0.95375
-2.42164 0.96
-2.41537 0.9665
-2.40855 0.974
-2.40255 0.9915
-2.39601 1.009
-2.38946 1.00875
-2.26456 0
-2.38292 1.49425
-2.3761 1.495
-2.36983 1.501
-2.36301 1.508
-2.35647 1.515
-2.34965 1.522
-2.34338 1.52825
-2.33656 1.536
-2.33001 1.54325
-2.3232 1.551
-2.31692 1.56
-2.31011 1.57
-2.30356 1.5775
-2.29674 1.586
-2.29047 1.59375
-2.28365 1.602
-2.27711 1.61075
-2.27029 1.62
-2.26402 1.63
-2.2572 1.64
-2.25066 1.6495
-2.24411 1.659
-2.23757 1.66925
-2.23075 1.68
-2.2242 1.68925
-2.21766 1.699
-2.21111 1.7095
-2.2043 1.719
-2.19775 1.7095
-2.19093 1.7
-2.18439 1.72025
-2.17784 1.741
-2.1713 1.74675
-2.16448 1.752
-2.15794 1.765
-2.15139 1.777
-2.14485 1.791
-2.13803 1.804
-2.13176 1.81825
-2.12494 1.832
-2.11839 1.84675
-2.11185 1.861
-2.10503 1.86125
-2.09085 1.893
-2.08458 1.909
-2.07803 1.924
-2.07121 1.93975
-2.06494 1.955
-2.0584 1.97425
-2.05185 1.993
-2.04531 2.0125
-2.03876 2.033
-2.03222 2.0495
-2.02567 2.067
-2.01913 2.08625
-2.01258 2.107
-2.00604 2.12775
-1.99949 2.148
-1.99295 2.171
-1.9864 2.195
-1.97959 2.2155
-1.97331 2.236
-1.96677 2.26125
-1.96022 2.286
-1.95368 2.28625
-1.81705 0
-1.81023 0
-1.80369 0
-1.92804 2.501
-1.92123 2.501
-1.91468 2.53
-1.90814 2.559
-1.90159 2.59125
-1.89505 2.624
-1.8885 2.65825
-1.88196 2.692
-1.87541 2.7275
-1.86887 2.764
-1.86232 2.8035
-1.85578 2.844
-1.84923 2.87575
-1.84269 2.908
-1.83614 2.89075
-1.82932 2.873
-1.82278 2.864
-1.81596 2.855
-1.80914 2.847
-1.8026 2.838
-1.79605 2.83825
-1.65752 0
-1.65097 0
-1.64415 0
-1.63761 0
-1.63106 0
-1.62425 0
-1.6177 0
-1.61116 0
-1.60434 0
-1.59779 0
-1.59125 0
-1.58443 0
-1.57789 0
-1.7017 2.40725
-1.69488 2.407
-1.68833 2.4075
-1.55143 0
-1.54462 0
-1.53807 0
-1.6627 2.7035
-1.65615 2.704
-1.64961 2.69875
-1.64279 2.693
-1.63625 2.68875
-1.6297 2.685
-1.62288 2.6845
-1.61634 2.683
-1.60979 2.6805
-1.60298 2.678
-1.59643 2.67125
-1.58961 2.666
-1.5828 2.66425
-1.57625 2.663
-1.56943 2.66275
-1.55552 2.66
-1.54898 2.65575
-1.54243 2.652
-1.53562 2.6475
-1.52907 2.644
-1.52225 2.6435
-1.51571 2.644
-1.50916 2.63975
-1.50235 2.637
-1.4958 2.63625
-1.48898 2.637
-1.48244 2.6315
-1.47562 2.626
-1.46908 2.6275
-1.46253 2.628
-1.45571 2.62425
-1.44917 2.62
-1.44235 2.61975
-1.30463 0
-1.29809 0
-1.29127 0
-1.28473 0
-1.27791 0
-1.27136 0
-1.26455 0
-1.258 0
-1.25146 0
-1.24464 0
-1.23809 0
-1.23128 0
-1.22473 0
-1.21819 0
-1.21137 0
-1.20482 0
-1.19801 0
-1.19146 0
-1.18464 0
-1.1781 0
-1.17155 0
-1.16473 0
-1.15819 0
-1.15137 0
-1.14483 0
-1.13828 0
-1.13146 0
-1.12492 0
-1.1181 0
-1.11156 0
-1.10474 0
-1.22964 2.6785
-1.22309 2.678
-1.21628 2.6785
-1.07829 0
-1.07147 0
-1.06492 0
-1.05838 0
-1.05156 0
-1.04502 0
-1.0382 0
-1.03165 0
-1.02484 0
-1.01829 0
-1.01175 0
-1.00493 0
-0.998383 0
-0.991565 0
-0.98502 0
-0.978475 0
-0.971658 0
-0.965113 0
-0.958295 0
-0.95175 0
-0.944932 0
-1.06138 1.30625
-1.05483 1.307
-1.04802 1.30725
-0.91848 0
-0.911662 0
-0.905117 0
-0.898299 0
-0.999474 0.898
-0.992929 0.89725
-0.871028 0
-0.864211 0
-0.857666 0
-0.966476 0.9075
-0.959931 0.908
-0.953113 0.9075
-0.830941 0
-0.941387 0.96225
-0.934569 0.963
-0.927751 0.95375
-0.920934 0.945
-0.914116 0.934
-0.907026 0.922
-0.900208 0.918
-0.89339 0.915
-0.886845 0.91475
-0.7644 0
-0.757582 0
-0.751037 0
-0.744219 0
-0.737675 0
-0.730857 0
-0.724312 0
-0.717494 0
-0.710949 0
-0.704404 0
-0.697586 0
-0.691041 0
-0.684223 0
-0.677678 0
-0.670861 0
-0.664316 0
-0.657498 0
-0.650953 0
-0.644408 0
-0.637591 0
-0.631046 0
-0.727311 0.59475
-0.721039 0.595
-0.713676 0.5895
-0.706858 0.585
-0.699768 0.5805
-0.69295 0.575
-0.686133 0.56975
-0.678769 0.565
-0.671952 0.56075
-0.664862 0.557
-0.658044 0.5525
-0.650953 0.549
-0.644136 0.545
-0.637045 0.541
-0.630227 0.53725
-0.62341 0.533
-0.616319 0.52875
-0.609502 0.526
-0.602411 0.5225
-0.595594 0.519
-0.588503 0.5165
-0.581685 0.513
-0.574595 0.50925
-0.567777 0.506
-0.56096 0.50225
-0.55387 0.5
-0.547324 0.498
-0.540234 0.495
-0.533416 0.4915
-0.526326 0.489
-0.519235 0.48525
-0.512418 0.483
-0.5056 0.47975
-0.498782 0.478
-0.491692 0.4755
-0.485147 0.474
-0.478057 0.472
-0.471239 0.469
-0.464148 0.46675
-0.457331 0.465
-0.450513 0.46475
-0.43715 0.46
-0.430605 0.45775
-0.423515 0.456
-0.416425 0.454
-0.409607 0.452
-0.402517 0.4495
-0.395699 0.448
-0.388881 0.44675
-0.382064 0.446
-0.374973 0.44275
-0.368155 0.44
-0.361065 0.439
-0.354247 0.438
-0.347157 0.4365
-0.340612 0.435
-0.333522 0.43325
-0.326431 0.432
-0.319886 0.43025
-0.312796 0.429
-0.305705 0.4275
-0.298888 0.425
-0.29207 0.4245
-0.196622 0
-0.189804 0
-0.18326 0
-0.176442 0
-0.169624 0
-0.163079 0
-0.156262 0
-0.149444 0
-0.142899 0
-0.136081 0
-0.129263 0
-0.122719 0
-0.115901 0
-0.109083 0
-0.102265 0
-0.181896 0.40425
-0.175078 0.405
-0.168261 0.40425
-0.0755399 0
-0.0687226 0
-0.0619047 0
-0.0553597 0
-0.0485418 0
-0.0417245 0
-0.0349067 0
-0.0283616 0
-0.0215438 0
-0.014726 0
-0.0081814 0
-0.00136358 0
0.00545415 0
-0.117264 2.1225
-0.110447 2.123
-0.103629 2.119
-0.0970839 2.115
-0.0902661 2.11175
-0.0834487 2.11
-0.0766309 2.10625
-0.0700858 2.104
-0.063268 2.0995
-0.0561779 2.095
-0.0496329 2.091
-0.042815 2.086
-0.0359972 2.08475
-0.0294526 2.083
-0.0226348 2.08175
-0.015817 2.082
-0.00899917 2.079
-0.00245458 2.076
0.00436332 2.073
0.011181 2.07
0.017726 2.06625
0.0245437 2.064
0.0313614 2.06125
0.0379064 2.058
0.0447241 2.059
0.0515418 2.06
0.0583594 2.06
0.200167 0
0.206712 0
0.213257 0
0.219802 0
0.226347 0
0.232892 0
0.239437 0
0.246255 0
0.2528 0
0.259345 0
0.26589 0
0.272435 0
0.27898 0
0.285798 0
0.292343 0
0.298888 0
0.305433 0
0.184623 1.77575
0.191168 1.776
0.197713 1.8115
0.204258 1.848
0.210803 1.8245
0.217621 1.8
0.224166 1.77525
0.230983 1.752
0.237801 1.75125
0.371428 0
0.377973 0
0.384518 0
0.391063 0
0.397608 0
0.274617 2.24
0.281162 2.24
0.287707 2.275
0.293979 2.311
0.300524 2.31075
0.43715 0
0.443968 0
0.450513 0
0.457058 0
0.463603 0
0.470148 0
0.476693 0
0.483511 0
0.490056 0
0.36761 2.08825
0.374155 2.088
0.3807 2.092
0.387245 2.096
0.39379 2.099
0.400335 2.102
0.40688 2.10675
0.413425 2.112
0.41997 2.11525
0.426515 2.119
0.433333 2.121
0.439878 2.124
0.446422 2.128
0.452967 2.131
0.459512 2.13525
0.466057 2.141
0.472875 2.14425
0.47942 2.149
0.485965 2.1535
0.492237 2.158
0.498782 2.1615
0.505327 2.166
0.512145 2.17325
0.51869 2.182
0.525235 2.18575
0.53178 2.191
0.538325 2.1955
0.54487 2.2
0.551688 2.2055
0.558233 2.212
0.564505 2.21975
0.57105 2.228
0.577595 2.23275
0.58414 2.239
0.590958 2.23825
0.604866 2.25
0.611138 2.25725
0.617683 2.264
0.624228 2.2715
0.630773 2.279
0.637045 2.2875
0.64359 2.297
0.650135 2.30425
0.65668 2.312
0.663225 2.31975
0.66977 2.329
0.676315 2.339
0.682587 2.349
0.68886 2.3565
0.695405 2.364
0.70195 2.37425
0.708495 2.386
0.71504 2.38625
0.851939 0
0.727857 2.4265
0.734402 2.427
0.740947 2.4605
0.747492 2.495
0.753491 2.52925
0.760036 2.563
0.766581 2.56325
0.773126 2.563
0.779671 2.5635
0.917116 0
0.78758 6.4455
0.794125 6.445
0.80067 6.47775
0.807215 6.511
0.81376 6.51075
