0.968385 0
0.981202 0
0.987747 0
0.994565 0
1.00138 0
1.00793 0
1.01475 0
1.02156 0
1.02811 0
1.03493 0
1.04174 0
1.04829 0
1.05511 0
1.06192 0
1.06874 0
1.07529 0
1.0821 0
1.08892 0
1.09547 0
1.10228 0
1.1091 0
1.11565 0
1.12246 0
1.12928 0
1.1361 0
1.14265 0
1.14946 0
1.15628 0
1.16283 0
1.16964 0
1.17646 0
1.18301 0
1.18982 0
1.19664 0
1.20319 0
1.21 0
1.21682 0
1.22364 0
1.23018 0
1.237 0
1.24382 0
1.25036 0
1.25718 0
1.264 0
1.27055 0
1.27736 0
1.28418 0
1.291 0
1.29754 0
1.30436 0
1.31118 0
1.31772 0
1.32454 0
1.33136 0
1.3379 0
1.34472 0
1.35154 0
1.35808 0
1.3649 0
1.37172 0
1.37854 0
1.38508 0
1.3919 0
1.39872 0
1.40526 0
1.41208 0
1.4189 0
1.42544 0
1.43226 0
1.43908 0
1.4459 0
1.45244 0
1.45926 0
1.46608 0
1.47262 0
1.47944 0
1.48626 0
1.4928 0
1.49962 0
1.50644 0
1.51326 0
1.52607 0
1.5198 0.17125
1.52635 0.171
1.53453 0.169
1.54189 0.168
1.55007 0.166
1.55743 0.165
1.56534 0.16325
1.57216 0.163
1.58061 0.16075
1.58798 0.16
1.59561 0.159
1.60298 0.158
1.61034 0.157
1.61716 0.157
1.62425 0.15625
1.63106 0.156
1.63843 0.15475
1.6447 0.155
1.65152 0.155
1.65915 0.154
1.66652 0.153
1.67306 0.153
1.67988 0.15275
1.68642 0.153
1.69324 0.15275
1.69951 0.153
1.70579 0.1535
1.71288 0.153
1.71997 0.1525
1.72597 0.153
1.73278 0.15275
1.74015 0.152
1.74615 0.15275
1.75242 0.153
1.75869 0.1535
1.76551 0.153
1.77178 0.1535
1.77887 0.153
1.78487 0.15375
1.79114 0.154
1.79742 0.15425
1.80342 0.155
1.81051 0.1545
1.81651 0.155
1.82305 0.155
1.82905 0.156
1.83614 0.15575
1.8416 0.157
1.84787 0.15725
1.85387 0.158
1.85959 0.159
1.86532 0.16
1.87105 0.161
1.87759 0.161
1.88359 0.16175
1.88932 0.163
1.89532 0.16375
1.90077 0.165
1.90623 0.1665
1.91223 0.167
1.91877 0.1675
1.92423 0.169
1.92968 0.17025
1.93513 0.172
1.94004 0.17425
1.9455 0.176
1.95231 0.1755
1.97495 0
1.98149 0
1.98831 0
1.99486 0
2.0014 0
2.00795 0
2.01449 0
2.02131 0
2.02785 0
2.0344 0
2.04094 0
2.04776 0
2.06167 0
2.06822 0
2.07476 0
2.08158 0
2.08812 0
2.09467 0
2.10149 0
2.10803 0
2.11458 0
2.12139 0
2.12794 0
2.13476 0
2.1413 0
2.14785 0
2.15466 0
2.16121 0
2.16775 0
2.09739 0.34725
2.10367 0.348
2.11048 0.347
2.11758 0.345
2.12412 0.345
2.13094 0.345
2.13748 0.34525
2.14403 0.345
2.15085 0.34475
2.15739 0.345
2.16394 0.3445
2.17103 0.344
2.17757 0.343
2.18439 0.343
2.19121 0.34225
2.19748 0.343
2.20457 0.34275
2.21084 0.343
2.21739 0.344
2.2242 0.344
2.23048 0.3445
2.23729 0.344
2.24384 0.34475
2.25011 0.346
2.25693 0.34625
2.26347 0.346
2.26975 0.3475
2.27629 0.349
2.28284 0.3495
2.28911 0.351
2.29593 0.35175
2.3022 0.353
2.30847 0.35425
2.31529 0.355
2.32156 0.356
2.32811 0.357
2.33465 0.3575
2.34092 0.359
2.34747 0.36125
2.35374 0.363
2.36001 0.36375
2.36656 0.365
2.3731 0.3655
2.37992 0.366
2.38619 0.367
2.39246 0.369
2.39928 0.36975
2.40555 0.371
2.4121 0.37075
2.41864 0.372
2.42492 0.3735
2.43146 0.375
2.43801 0.3765
2.44428 0.377
2.4511 0.37825
2.45737 0.379
2.46391 0.38025
2.47046 0.382
2.47673 0.3825
2.48328 0.384
2.48982 0.3855
2.49609 0.387
2.50291 0.387
2.51655 0.389
2.52282 0.39025
2.52909 0.393
2.53536 0.395
2.54191 0.397
2.54818 0.399
2.55445 0.401
2.56073 0.40425
2.567 0.407
2.57327 0.40925
2.57981 0.412
2.58581 0.415
2.59209 0.418
2.59836 0.4215
2.60463 0.425
2.6109 0.42775
2.61718 0.432
2.62318 0.43575
2.62917 0.44
2.63572 0.444
2.64172 0.448
2.64799 0.451
2.65399 0.455
2.66054 0.45775
2.66681 0.462
2.67308 0.46525
2.67963 0.468
2.68563 0.473
2.69162 0.478
2.6979 0.4825
2.70417 0.488
2.70935 0.50225
2.71508 0.517
2.72053 0.53075
2.72599 0.544
2.73199 0.555
2.73771 0.567
2.74371 0.577
2.74971 0.587
2.75571 0.59725
2.76144 0.609
2.76907 0.59375
2.77671 0.579
2.78325 0.579
2.89207 0
2.80153 0.5105
2.80834 0.51
2.81489 0.50825
2.82171 0.508
2.82852 0.50675
2.83507 0.506
2.84216 0.5015
2.84925 0.496
2.85579 0.496
2.95861 0
2.88252 0.38025
2.88907 0.38
2.89616 0.37775
2.9027 0.377
2.90952 0.3755
2.91634 0.374
2.92315 0.3735
2.92997 0.372
2.93679 0.37025
2.94361 0.37
2.95042 0.36975
2.95697 0.369
2.96406 0.367
2.97088 0.366
2.97742 0.3655
2.98451 0.364
2.99133 0.36225
2.99788 0.362
3.00524 0.35875
3.01206 0.357
3.0186 0.357
3.02542 0.358
3.03196 0.357
3.03851 0.357
3.0456 0.3565
3.05978 0.356
3.06633 0.35625
3.0726 0.357
3.07996 0.355
3.08678 0.353
3.0936 0.3525
3.10041 0.351
3.10778 0.34875
3.11432 0.348
3.12114 0.34625
3.12796 0.346
3.1345 0.3465
3.14105 0.348
-3.13559 0.3485
-3.12878 0.348
-3.12196 0.34675
-3.11514 0.346
-3.10859 0.34625
-3.10205 0.346
-3.09496 0.345
-3.08841 0.345
-3.0816 0.345
-3.07478 0.344
-3.06796 0.34325
-3.06142 0.343
-3.05433 0.34275
-3.04805 0.343
-3.04124 0.342
-3.03442 0.342
-3.02787 0.3415
-3.02106 0.342
-3.01451 0.34225
-3.00769 0.342
-3.00088 0.34075
-2.99406 0.341
-2.98779 0.3415
-2.98097 0.341
-2.97415 0.34
-2.96761 0.34
-2.96051 0.33875
-2.95397 0.339
-2.94715 0.33875
-2.94061 0.339
-2.93379 0.3385
-2.92724 0.339
-2.9207 0.339
-2.91415 0.34
-2.90734 0.33975
-2.90079 0.34
-2.89397 0.33975
-2.88743 0.34
-2.88088 0.34
-2.87407 0.341
-2.86752 0.34
-2.8607 0.339
-2.85389 0.33875
-2.84761 0.34
-2.8408 0.34025
-2.83425 0.341
-2.82743 0.341
-2.82089 0.341
-2.81434 0.342
-2.8078 0.342
-2.80125 0.34225
-2.79471 0.343
-2.78789 0.34225
-2.78135 0.343
-2.77453 0.3425
-2.76798 0.343
-2.76144 0.343
-2.75462 0.344
-2.74808 0.34325
-2.74126 0.342
-2.73444 0.34275
-2.72817 0.344
-2.72162 0.345
-2.71508 0.345
-2.70826 0.3455
-2.70199 0.346
-2.69517 0.346
-2.68235 0.347
-2.67581 0.34725
-2.66954 0.349
-2.66299 0.3495
-2.65617 0.35
-2.6499 0.3505
-2.64308 0.351
-2.63654 0.35225
-2.62999 0.353
-2.62318 0.35325
-2.6169 0.354
-2.61009 0.355
-2.60354 0.356
-2.597 0.356
-2.59045 0.357
-2.58418 0.35875
-2.57763 0.36
-2.57109 0.36175
-2.56454 0.363
-2.558 0.3635
-2.47128 0
-2.46446 0
-2.45764 0
-2.55064 0.5385
-2.54354 0.538
-2.53754 0.54425
-2.53127 0.552
-2.525 0.55925
-2.519 0.567
-2.51273 0.5745
-2.50673 0.583
-2.49991 0.583
-2.39056 0
-2.38401 0
-2.37719 0
-2.37065 0
-2.36383 0
-2.48109 1.39375
-2.47455 1.394
-2.46773 1.40025
-2.46119 1.406
-2.45437 1.4115
-2.44782 1.417
-2.44128 1.4225
-2.43446 1.427
-2.42792 1.43375
-2.4211 1.441
-2.41483 1.44625
-2.40801 1.453
-2.40119 1.4595
-2.39465 1.465
-2.3881 1.472
-2.38156 1.479
-2.37474 1.48575
-2.36792 1.494
-2.36165 1.50075
-2.35483 1.507
-2.34829 1.516
-2.34147 1.524
-2.33492 1.531
-2.32838 1.538
-2.32156 1.54675
-2.31502 1.555
-2.30847 1.56375
-2.30165 1.573
-2.29511 1.581
-2.28856 1.59
-2.28202 1.5995
-2.2752 1.609
-2.26838 1.61875
-2.26211 1.628
-2.25529 1.63725
-2.24875 1.648
-2.2422 1.6595
-2.23538 1.67
-2.22884 1.681
-2.22202 1.691
-2.21575 1.70075
-2.20893 1.712
-2.20211 1.71125
-2.1893 1.713
-2.18275 1.7235
-2.17648 1.735
-2.16966 1.73875
-2.16312 1.744
-2.1563 1.75925
-2.15003 1.774
-2.14348 1.7875
-2.13666 1.801
-2.13039 1.815
-2.12357 1.829
-2.11703 1.84475
-2.11076 1.86
-2.10394 1.87575
-2.09739 1.892
-2.09085 1.9075
-2.08431 1.922
-2.07776 1.939
-2.07121 1.957
-2.06467 1.97475
-2.05812 1.994
-2.05158 2.01175
-2.04504 2.03
-2.03849 2.0505
-2.03194 2.07
-2.02513 2.089
-2.01885 2.109
-2.01231 2.13175
-2.00549 2.155
-1.99922 2.17725
-1.9924 2.2
-1.98613 2.2245
-1.97959 2.25
-1.97277 2.275
-1.9665 2.299
-1.95995 2.34975
-1.95341 2.401
-1.94713 2.43025
-1.94032 2.459
-1.93377 2.4885
-1.92723 2.517
-1.92068 2.5495
-1.91414 2.582
-1.90759 2.61275
-1.90105 2.644
-1.8945 2.67925
-1.88796 2.715
-1.88114 2.7545
-1.87487 2.794
-1.86832 2.834
-1.86178 2.873
-1.85523 2.87725
-1.84841 2.881
-1.84187 2.87275
-1.83532 2.866
-1.82823 2.861
-1.82169 2.855
-1.81487 2.847
-1.80832 2.84
-1.80178 2.84025
-1.66324 0
-1.78733 2.46075
-1.78051 2.461
-1.77396 2.461
-1.63679 0
-1.62997 0
-1.62343 0
-1.61661 0
-1.61007 0
-1.60352 0
-1.5967 0
-1.72051 2.4105
-1.7137 2.411
-1.70715 2.40925
-1.70061 2.407
-1.69379 2.40625
-1.55689 0
-1.68152 2.7095
-1.67497 2.71
-1.66815 2.7095
-1.65424 2.703
-1.6477 2.69925
-1.64116 2.697
-1.63434 2.6965
-1.62779 2.695
-1.62125 2.69
-1.61443 2.686
-1.60788 2.68375
-1.60134 2.681
-1.59452 2.67875
-1.58798 2.676
-1.58143 2.6725
-1.57461 2.67
-1.5678 2.6655
-1.56125 2.662
-1.55443 2.65975
-1.54789 2.659
-1.54134 2.65275
-1.53453 2.647
-1.52798 2.6475
-1.52144 2.648
-1.51462 2.646
-1.50807 2.643
-1.50153 2.64025
-1.49471 2.639
-1.48817 2.63875
-1.48162 2.638
-1.4748 2.638
-1.46826 2.637
-1.46171 2.6375
-1.4549 2.637
-1.44835 2.63675
-1.31063 0
-1.30382 0
-1.29727 0
-1.29073 0
-1.28391 0
-1.27736 0
-1.27082 0
-1.264 0
-1.25746 0
-1.25064 0
-1.24409 0
-1.23755 0
-1.23073 0
-1.22418 0
-1.21764 0
-1.21082 0
-1.20428 0
-1.19773 0
-1.19091 0
-1.18437 0
-1.17782 0
-1.17101 0
-1.16446 0
-1.15792 0
-1.1511 0
-1.14455 0
-1.13801 0
-1.13119 0
-1.12465 0
-1.24955 2.68825
-1.24273 2.689
-1.23618 2.6845
-1.22964 2.681
-1.22282 2.6815
-1.08483 0
-1.07829 0
-1.07147 0
-1.06492 0
-1.05838 0
-1.05156 0
-1.04502 0
-1.03847 0
-1.03165 0
-1.02511 0
-1.01856 0
-1.01175 0
-1.0052 0
-0.998383 0
-0.984202 0
-0.977657 0
-0.970839 0
-0.964294 0
-0.957477 0
-0.950932 0
-0.944114 0
-0.937569 0
-0.930751 0
-0.924207 0
-0.917389 0
-1.03193 1.182
-1.02511 1.182
-1.01856 1.18175
-0.890663 0
-0.884118 0
-0.877301 0
-0.870483 0
-0.863938 0
-0.973566 0.93325
-0.967021 0.934
-0.960204 0.934
-0.837212 0
-0.830395 0
-0.82385 0
-0.817032 0
-0.810487 0
-0.80367 0
-0.797125 0
-0.790307 0
-0.783762 0
-0.852212 0.3365
-0.845667 0.337
-0.838849 0.33675
-0.756764 0
-0.750219 0
-0.743401 0
-0.736856 0
-0.730038 0
-0.723493 0
-0.716676 0
-0.784853 0.33375
-0.778035 0.334
-0.771763 0.3345
-0.68995 0
-0.683406 0
-0.676588 0
-0.670043 0
-0.663225 0
-0.656408 0
-0.649863 0
-0.643045 0
-0.6365 0
-0.737129 0.676
-0.730584 0.676
-0.724039 0.67625
-0.609774 0
-0.706586 0.60075
-0.700041 0.601
-0.69295 0.5955
-0.686133 0.591
-0.679042 0.587
-0.672224 0.583
-0.665134 0.57775
-0.658044 0.574
-0.651226 0.57025
-0.644136 0.566
-0.637318 0.563
-0.630227 0.559
-0.62341 0.5555
-0.616319 0.551
-0.609502 0.54825
-0.602411 0.545
-0.595594 0.54125
-0.588503 0.538
-0.581685 0.534
-0.574868 0.531
-0.56805 0.5285
-0.56096 0.525
-0.554142 0.5255
-0.539416 0.519
-0.532598 0.5165
-0.526053 0.514
-0.519235 0.51075
-0.512145 0.508
-0.505328 0.50525
-0.49851 0.503
-0.491419 0.5
-0.484874 0.498
-0.478057 0.496
-0.470966 0.493
-0.464148 0.49125
-0.457603 0.489
-0.450513 0.48575
-0.443695 0.484
-0.436878 0.4815
-0.43006 0.48
-0.423242 0.4785
-0.416425 0.476
-0.409334 0.47325
-0.402789 0.472
-0.395972 0.47025
-0.389154 0.47
-0.382336 0.468
-0.375519 0.465
-0.368701 0.4635
-0.361883 0.461
-0.355066 0.45875
-0.348248 0.458
-0.34143 0.45575
-0.334885 0.455
-0.327795 0.453
-0.320977 0.452
-0.314432 0.4515
-0.307614 0.451
-0.301069 0.45125
-0.294524 0.452
-0.287707 0.45175
-0.189532 0
-0.182987 0
-0.176169 0
-0.169624 0
-0.163079 0
-0.156262 0
-0.149717 0
-0.143172 0
-0.136354 0
-0.129809 0
-0.123264 0
-0.205622 0.4295
-0.199076 0.429
-0.192531 0.4285
-0.0965384 0
-0.0899933 0
-0.0834487 0
-0.0766309 0
-0.0700858 0
-0.0635408 0
-0.0567234 0
-0.0501784 0
-0.0436333 0
-0.15408 0.97625
-0.147535 0.976
-0.14099 0.97175
-0.134172 0.969
-0.127627 0.968
-0.121082 0.967
-0.113992 0.962
-0.107447 0.958
-0.100902 0.95425
-0.0938113 0.95
-0.0872663 0.95325
-0.080994 0.956
-0.0739039 0.9465
-0.067086 0.937
-0.060541 0.937
0.0627228 0
0.0692678 0
0.0758127 0
0.0826304 0
0.0965385 0
0.103084 0
0.109628 0
0.116446 0
0.122991 0
0.129809 0
0.136354 0
0.142899 0
0.149717 0
0.0796307 0.34325
0.0864483 0.343
0.0929933 0.343
0.099811 0.343
0.106356 0.343
0.112901 0.344
0.119719 0.34375
0.125991 0.345
0.132536 0.34625
0.139081 0.347
0.145353 0.3485
0.151898 0.349
0.15817 0.351
0.164715 0.352
0.170988 0.35475
0.17726 0.357
0.183532 0.35975
0.189532 0.362
0.19635 0.362
0.282798 0
0.289616 0
0.296161 0
0.172624 2.3085
0.179442 2.308
0.185714 2.36875
0.192259 2.431
0.198804 2.43075
0.336249 0
0.342794 0
0.349339 0
0.356156 0
0.362701 0
0.369519 0
0.376064 0
0.253618 2.083
0.260436 2.083
0.266981 2.085
0.273799 2.086
0.280344 2.08775
0.287161 2.089
0.293706 2.09025
0.300251 2.093
0.307069 2.0965
0.313341 2.1
0.320159 2.1015
0.326704 2.102
0.333249 2.10575
0.340066 2.11
0.346611 2.11025
0.353429 2.112
0.359974 2.1155
0.366792 2.12
0.373337 2.1235
0.379882 2.126
0.386699 2.12975
0.393245 2.133
0.400062 2.13875
0.406607 2.144
0.413152 2.1465
0.41997 2.15
0.426515 2.1525
0.433333 2.155
0.439605 2.15875
0.446422 2.164
0.452967 2.16875
0.459512 2.175
0.46633 2.18
0.472875 2.186
0.479693 2.1915
0.486238 2.197
0.493056 2.197
0.5056 2.207
0.512145 2.2135
0.518417 2.219
0.524962 2.22275
0.53178 2.228
0.538325 2.23375
0.54487 2.24
0.551688 2.247
0.558233 2.253
0.564778 2.26
0.571323 2.266
0.57814 2.27175
0.584685 2.278
0.590958 2.28825
0.597775 2.298
0.60432 2.3025
0.610865 2.307
0.61741 2.3165
0.624228 2.325
0.630773 2.32525
0.767399 0
0.643863 2.35575
0.650408 2.356
0.656953 2.3565
0.793852 0
0.670316 2.399
0.676861 2.399
0.683405 2.39875
0.820577 0
0.827122 0
0.833667 0
0.715858 1.42925
0.722675 1.43
0.729493 1.414
0.736038 1.399
0.742856 1.3975
0.749401 1.396
0.755946 1.39725
0.762491 1.4
0.769581 1.39075
0.776126 1.381
0.782671 1.376
0.789489 1.372
0.796034 1.37
0.802851 1.368
0.809396 1.36775
0.939751 0
0.946296 0
0.952841 0
0.959658 0
