0.835304 6.615
0.849212 6.702
0.855757 6.7015
0.998383 0
0.884391 1.14925
0.890936 1.149
0.897754 1.14825
1.02511 0
1.03165 0
1.0382 0
1.04502 0
1.05156 0
1.05811 0
1.06492 0
1.07147 0
1.07801 0
1.08483 0
1.09138 0
1.09819 0
1.10474 0
1.11128 0
1.1181 0
1.12465 0
1.13119 0
1.13801 0
1.14455 0
1.1511 0
1.15792 0
1.16446 0
1.17101 0
1.17782 0
1.18437 0
1.19091 0
1.19773 0
1.20428 0
1.21109 0
1.21764 0
1.22418 0
1.231 0
1.23755 0
1.24409 0
1.25091 0
1.25746 0
1.264 0
1.27082 0
1.27736 0
1.28391 0
1.29073 0
1.29727 0
1.30409 0
1.31063 0
1.31718 0
1.324 0
1.33054 0
1.33709 0
1.3439 0
1.35045 0
1.35699 0
1.36381 0
1.37036 0
1.3769 0
1.38372 0
1.39026 0
1.39681 0
1.40363 0
1.41017 0
1.41699 0
1.42353 0
1.43008 0
1.4369 0
1.44344 0
1.44999 0
1.4568 0
1.46335 0
1.46989 0
1.47671 0
1.48326 0
1.4898 0
1.49662 0
1.50316 0
1.50998 0
1.52416 0
1.53071 0
1.53725 0
1.54407 0
1.55062 0
1.55743 0
1.56398 0
1.5708 0
1.57734 0
1.58389 0
1.5907 0
1.59725 0
1.60407 0
1.61061 0
1.61743 0
1.49307 2.57025
1.49989 2.571
1.50644 2.5705
1.64388 0
1.6507 0
1.65724 0
1.66406 0
1.67061 0
1.67743 0
1.68397 0
1.69079 0
1.69733 0
1.68615 0.178
1.69297 0.178
1.70061 0.17625
1.70851 0.175
1.71588 0.17375
1.72324 0.173
1.73006 0.1725
1.73797 0.171
1.74506 0.1705
1.75269 0.169
1.76033 0.16775
1.76687 0.168
1.77451 0.16675
1.78078 0.167
1.78814 0.1665
1.79496 0.166
1.80233 0.1655
1.80914 0.165
1.81596 0.16475
1.82251 0.165
1.83014 0.16375
1.83669 0.164
1.84323 0.164
1.85005 0.164
1.85714 0.1635
1.86341 0.164
1.86968 0.16425
1.87568 0.165
1.88277 0.16475
1.88905 0.165
1.89586 0.165
1.90241 0.165
1.90923 0.165
1.91495 0.166
1.92177 0.16625
1.92832 0.166
1.93432 0.16675
1.94086 0.167
1.94686 0.168
1.95368 0.168
1.96022 0.168
1.96622 0.169
1.97277 0.16875
1.97877 0.17
1.98504 0.17025
1.99104 0.171
1.99677 0.1725
2.00304 0.173
2.00904 0.174
2.01504 0.175
2.02131 0.17575
2.02676 0.177
2.03385 0.17675
2.0464 0.179
2.05213 0.18025
2.05758 0.182
2.06303 0.184
2.06903 0.185
2.07421 0.187
2.0794 0.19
2.08458 0.19225
2.08894 0.196
2.09549 0.19625
2.13121 0
2.13803 0
2.14457 0
2.15112 0
2.15794 0
2.16448 0
2.17103 0
2.17784 0
2.18439 0
2.19093 0
2.19775 0
2.2043 0
2.21111 0
2.21766 0
2.2242 0
2.23102 0
2.23757 0
2.24411 0
2.25093 0
2.25747 0
2.26429 0
2.27084 0
2.27738 0
2.2842 0
2.29074 0
2.18275 0.8625
2.18957 0.862
2.19639 0.853
2.20321 0.844
2.20948 0.86275
2.21548 0.881
2.2223 0.88525
2.22884 0.889
2.23511 0.896
2.24166 0.902
2.2482 0.902
2.25475 0.902
2.26156 0.90125
2.26811 0.902
2.27465 0.90425
2.28147 0.907
2.28774 0.912
2.29456 0.917
2.30083 0.922
2.30738 0.927
2.31392 0.93475
2.32047 0.942
2.32674 0.95075
2.33329 0.961
2.33983 0.961
2.46364 0
2.47019 0
2.47673 0
2.35456 2.076
2.3611 2.076
2.36765 2.05525
2.37474 2.036
2.38128 2.01825
2.38783 2.002
2.39492 1.9865
2.40146 1.97
2.40828 1.953
2.4151 1.937
2.42164 1.91975
2.42846 1.904
2.43528 1.88925
2.44182 1.875
2.44864 1.8595
2.45546 1.845
2.46228 1.8445
2.47482 1.82
2.48164 1.8065
2.48846 1.793
2.495 1.77925
2.50209 1.766
2.50891 1.75375
2.51546 1.741
2.52227 1.7295
2.52936 1.718
2.53591 1.7065
2.54273 1.695
2.54982 1.68475
2.55636 1.674
2.56318 1.66275
2.57027 1.653
2.57682 1.6445
2.58363 1.635
2.59045 1.6255
2.59727 1.617
2.60409 1.60675
2.6109 1.598
2.61772 1.58875
2.62454 1.58
2.63136 1.572
2.6379 1.564
2.64499 1.556
2.65181 1.549
2.65835 1.54125
2.66517 1.533
2.67226 1.52475
2.67881 1.518
2.68563 1.5095
2.69244 1.502
2.69926 1.494
2.70608 1.487
2.7129 1.48025
2.71944 1.475
2.72653 1.46875
2.73335 1.463
2.73989 1.4565
2.74671 1.451
2.75326 1.444
2.76035 1.438
2.76716 1.43175
2.77371 1.426
2.78053 1.41975
2.78762 1.415
2.79416 1.411
2.80098 1.406
2.8078 1.4005
2.81434 1.395
2.82143 1.39025
2.82825 1.385
2.8348 1.37975
2.84161 1.375
2.84843 1.372
2.85525 1.368
2.86207 1.363
2.86889 1.358
2.87543 1.35425
2.88225 1.35
2.88907 1.34625
2.89588 1.342
2.9027 1.338
2.90952 1.335
2.91606 1.3315
2.92288 1.328
2.9297 1.32325
2.93652 1.319
2.94333 1.31675
2.95015 1.314
2.9567 1.3115
2.96351 1.308
2.97033 1.305
2.97688 1.301
2.98397 1.29725
2.99079 1.295
2.99733 1.29225
3.00415 1.291
3.01097 1.29025
3.02378 1.285
3.03033 1.28125
3.03715 1.279
3.04369 1.277
3.05024 1.275
3.05705 1.2735
3.0636 1.271
3.07014 1.26825
3.07669 1.267
3.08323 1.26425
3.09005 1.262
3.0966 1.2595
3.10341 1.257
3.10996 1.255
3.11678 1.252
3.12332 1.25125
3.12987 1.252
3.13641 1.24975
-3.14023 1.249
-3.13341 1.249
-3.12687 1.248
-3.12032 1.248
-2.9916 0
-3.10232 0.96725
-3.0955 0.967
-3.08896 0.96625
-3.08242 0.966
-3.0756 0.9595
-3.06851 0.952
-3.06196 0.951
-3.05542 0.95
-3.04887 0.94775
-3.04233 0.945
-3.03524 0.94175
-3.02869 0.94
-3.02215 0.9385
-3.0156 0.936
-3.00906 0.935
-3.00224 0.933
-2.99542 0.92625
-2.98888 0.921
-2.98233 0.92175
-2.97551 0.922
-2.96897 0.9215
-2.96242 0.921
-2.95561 0.9165
-2.94906 0.912
-2.94224 0.91075
-2.9357 0.911
-2.92888 0.90975
-2.92234 0.91
-2.91579 0.9075
-2.90897 0.905
-2.90243 0.903
-2.89588 0.901
-2.88934 0.90025
-2.88252 0.901
-2.8757 0.89625
-2.86916 0.893
-2.86261 0.892
-2.85607 0.892
-2.84925 0.8915
-2.84271 0.892
-2.83616 0.89125
-2.82961 0.89
-2.82307 0.89025
-2.81625 0.891
-2.80971 0.891
-2.68781 0
-2.68126 0
-2.67444 0
-2.6679 0
-2.66135 0
-2.77726 1.26
-2.77071 1.26
-2.76389 1.25925
-2.6349 0
-2.62836 0
-2.62181 0
-2.61499 0
-2.71971 1.033
-2.7129 1.0235
-2.70608 1.013
-2.69926 1.00625
-2.69244 0.999
-2.6859 0.99275
-2.67881 0.986
-2.67226 0.98
-2.66517 0.974
-2.65863 0.9675
-2.65181 0.962
-2.64499 0.95425
-2.63817 0.948
-2.63136 0.94075
-2.62454 0.933
-2.61799 0.932
-2.61118 0.932
-2.60436 0.9315
-2.59809 0.932
-2.591 0.92925
-2.58445 0.927
-2.57791 0.92625
-2.57109 0.926
-2.56454 0.924
-2.55773 0.922
-2.55091 0.9205
-2.54436 0.92
-2.53782 0.92075
-2.53127 0.922
-2.52446 0.92125
-2.51764 0.92
-2.51109 0.92
-2.50427 0.92
-2.498 0.921
-2.49146 0.921
-2.48464 0.92075
-2.47809 0.922
-2.47128 0.92325
-2.46473 0.924
-2.45819 0.9265
-2.45137 0.928
-2.4451 0.932
-2.43855 0.935
-2.43173 0.93925
-2.42546 0.944
-2.41864 0.95325
-2.41237 0.962
-2.4061 0.9775
-2.39983 0.993
-2.39328 0.9925
-2.26893 0
-2.26211 0
-2.25557 0
-2.37392 1.50525
-2.36738 1.505
-2.36083 1.51125
-2.35401 1.518
-2.34747 1.526
-2.34092 1.534
-2.33438 1.5415
-2.32783 1.548
-2.32102 1.55675
-2.31474 1.565
-2.3082 1.57225
-2.30138 1.58
-2.29484 1.5875
-2.28829 1.596
-2.28175 1.6055
-2.2752 1.615
-2.26866 1.62475
-2.26211 1.636
-2.25557 1.64475
-2.24875 1.655
-2.24248 1.6645
-2.23566 1.673
-2.22911 1.682
-2.22257 1.692
-2.21602 1.70325
-2.20948 1.714
-2.20266 1.71425
-2.18821 1.691
-2.18193 1.718
-2.17566 1.744
-2.16884 1.74525
-2.1623 1.748
-2.15548 1.75975
-2.14921 1.771
-2.14239 1.784
-2.13585 1.797
-2.12957 1.811
-2.12276 1.826
-2.11621 1.83975
-2.10967 1.854
-2.10312 1.86775
-2.0963 1.883
-2.09003 1.8985
-2.08349 1.915
-2.07667 1.93
-2.0704 1.946
-2.06358 1.96325
-2.05703 1.982
-2.05049 1.99975
-2.04394 2.019
-2.0374 2.037
-2.03085 2.055
-2.02431 2.0755
-2.01749 2.097
-2.01122 2.11575
-2.0044 2.136
-1.99813 2.15825
-1.99158 2.18
-1.98477 2.2035
-1.97849 2.227
-1.97168 2.2495
-1.96513 2.273
-1.95859 2.31825
-1.95231 2.364
-1.94577 2.39575
-1.93922 2.429
-1.93268 2.4565
-1.92586 2.485
-1.91959 2.514
-1.91277 2.544
-1.90623 2.57475
-1.89995 2.605
-1.89314 2.63625
-1.88659 2.668
-1.88005 2.705
-1.8735 2.741
-1.86696 2.7795
-1.86041 2.818
-1.85387 2.83225
-1.84705 2.847
-1.8405 2.86125
-1.83396 2.877
-1.82741 2.8705
-1.8206 2.863
-1.81378 2.855
-1.80723 2.848
-1.80042 2.83975
-1.79387 2.832
-1.78705 2.83175
-1.64879 0
-1.64197 0
-1.63543 0
-1.62888 0
-1.62207 0
-1.61552 0
-1.6087 0
-1.60216 0
-1.59534 0
-1.5888 0
-1.58225 0
-1.70579 2.4085
-1.69924 2.408
-1.69242 2.402
-1.68588 2.396
-1.67906 2.39525
-1.54216 0
-1.53534 0
-1.65261 2.703
-1.64606 2.7
-1.63952 2.696
-1.63297 2.69225
-1.62616 2.69
-1.61961 2.68625
-1.61307 2.683
-1.60625 2.68
-1.5997 2.677
-1.59316 2.673
-1.58634 2.669
-1.57952 2.66725
-1.57298 2.665
-1.56616 2.66225
-1.55962 2.661
-1.55307 2.658
-1.54625 2.655
-1.53971 2.6525
-1.53316 2.651
-1.52635 2.64925
-1.5198 2.647
-1.51326 2.64375
-1.50644 2.64
-1.49989 2.637
-1.49335 2.635
-1.48653 2.6315
-1.47998 2.629
-1.47344 2.63025
-1.46662 2.631
-1.46008 2.62625
-1.45353 2.623
-1.44671 2.6235
-1.309 0
-1.30245 0
-1.29563 0
-1.28909 0
-1.28254 0
-1.27573 0
-1.26918 0
-1.26264 0
-1.25582 0
-1.24927 0
-1.24273 0
-1.23591 0
-1.22937 0
-1.22282 0
-1.216 0
-1.20946 0
-1.20291 0
-1.1961 0
-1.18955 0
-1.18301 0
-1.17619 0
-1.16964 0
-1.1631 0
-1.15628 0
-1.14974 0
-1.14319 0
-1.13637 0
-1.12983 0
-1.12328 0
-1.11647 0
-1.10992 0
-1.23482 2.677
-1.228 2.677
-1.22146 2.67675
-1.08347 0
-1.07665 0
-1.0701 0
-1.06356 0
-1.05674 0
-1.0502 0
-1.04365 0
-1.03683 0
-1.03029 0
-1.02374 0
-1.01693 0
-1.01038 0
-1.00384 0
-0.997019 0
-0.982838 0
-0.976293 0
-0.969749 0
-0.962931 0
-0.956386 0
-0.949568 0
-0.943023 0
-0.936206 0
-0.929661 0
-0.922843 0
-0.916298 0
-0.90948 0
-0.902935 0
-0.896118 0
-0.889572 0
-0.882755 0
-0.87621 0
-0.869665 0
-0.862847 0
-0.972203 0.91325
-0.965385 0.913
-0.95884 0.9125
-0.836122 0
-0.946841 0.9715
-0.940023 0.971
-0.933206 0.95825
-0.926115 0.946
-0.919298 0.93625
-0.912207 0.928
-0.90539 0.9205
-0.898572 0.914
-0.892027 0.9145
-0.769581 0
-0.762763 0
-0.756218 0
-0.749401 0
-0.742856 0
-0.736038 0
-0.729493 0
-0.854939 3.08775
-0.848666 3.088
-0.841849 3.08825
-0.702768 0
-0.69595 0
-0.689405 0
-0.682587 0
-0.676042 0
-0.669225 0
-0.662679 0
-0.656135 0
-0.649317 0
-0.642772 0
-0.635954 0
-0.629409 0
-0.622592 0
-0.718858 0.5875
-0.71204 0.587
-0.705222 0.583
-0.698132 0.578
-0.691041 0.57275
-0.683951 0.567
-0.677133 0.56325
-0.670043 0.559
-0.663225 0.555
-0.656408 0.551
-0.649317 0.5465
-0.642499 0.543
-0.635409 0.53975
-0.628591 0.536
-0.621501 0.53125
-0.614683 0.528
-0.607593 0.525
-0.600775 0.521
-0.593684 0.518
-0.586867 0.514
-0.579777 0.51125
-0.572959 0.508
-0.565869 0.50525
-0.559051 0.502
-0.552233 0.50225
-0.539143 0.496
-0.532326 0.49275
-0.525508 0.491
-0.518417 0.488
-0.5116 0.485
-0.504509 0.482
-0.497964 0.48
-0.490874 0.47775
-0.484056 0.475
-0.476966 0.47275
-0.470148 0.47
-0.463331 0.4685
-0.456513 0.466
-0.449422 0.4645
-0.442604 0.462
-0.435514 0.45975
-0.428696 0.457
-0.422151 0.45475
-0.415061 0.453
-0.408243 0.451
-0.401426 0.45
-0.394608 0.4485
-0.387518 0.446
-0.3807 0.44325
-0.373609 0.441
-0.367065 0.44025
-0.359974 0.439
-0.353429 0.438
-0.346339 0.436
-0.339521 0.434
-0.332703 0.433
-0.325886 0.43175
-0.319068 0.43
-0.311978 0.42775
-0.305433 0.427
-0.298615 0.4255
-0.291797 0.425
-0.285252 0.4275
-0.27898 0.429
-0.272162 0.42925
-0.176442 0
-0.169624 0
-0.163079 0
-0.156262 0
-0.149717 0
-0.142899 0
-0.136354 0
-0.129536 0
-0.122991 0
-0.116446 0
-0.109629 0
-0.103083 0
-0.0962656 0
-0.176169 0.40675
-0.169351 0.407
-0.162806 0.4065
-0.0695403 0
-0.0629953 0
-0.0561779 0
-0.0496329 0
-0.042815 0
-0.03627 0
-0.0294526 0
-0.0229076 0
-0.0163625 0
-0.00954467 0
-0.00299961 0
-0.125446 2.1225
-0.118901 2.123
-0.112083 2.11975
-0.105538 2.118
-0.0987204 2.11375
-0.0921753 2.11
-0.0853575 2.106
-0.0788124 2.102
-0.0719946 2.0995
-0.0651773 2.097
-0.0583594 2.09225
-0.0518144 2.087
-0.0449966 2.08725
-0.0324524 2.086
-0.0259073 2.08275
-0.0193623 2.079
-0.0125445 2.076
-0.00599939 2.073
0.000818123 2.0705
0.00736311 2.069
0.0139081 2.06675
0.0207258 2.066
0.0272708 2.06425
0.0340885 2.062
0.0406334 2.062
0.0474511 2.061
0.0539961 2.0615
0.0605411 2.061
0.0673588 2.06125
0.202895 0
0.209712 0
0.216257 0
0.222802 0
0.22962 0
0.236165 0
0.242983 0
0.119719 2.24625
0.126536 2.246
0.133081 2.246
0.269435 0
0.276253 0
0.282798 0
0.289616 0
0.296161 0
0.302706 0
0.309523 0
0.316068 0
0.322886 0
0.201804 1.8455
0.208621 1.845
0.215166 1.84425
0.349339 0
0.356156 0
0.362701 0
0.369519 0
0.376064 0
0.382609 0
0.389427 0
0.395972 0
0.402789 0
0.279253 2.28875
0.28607 2.289
0.292343 2.3525
0.298888 2.416
0.305705 2.4165
0.442605 0
0.449422 0
0.455967 0
0.462512 0
0.46933 0
0.475875 0
0.482693 0
0.360247 2.08925
0.367065 2.089
0.37361 2.09175
0.380155 2.096
0.386699 2.099
0.393245 2.102
0.400062 2.106
0.406607 2.109
0.413152 2.11175
0.41997 2.115
0.426515 2.11775
0.433333 2.122
0.439878 2.1245
0.446695 2.128
0.45324 2.132
0.459785 2.135
0.466603 2.14075
0.473148 2.146
0.479966 2.15075
0.486511 2.155
0.493328 2.15525
0.506964 2.164
0.513509 2.16825
0.520054 2.174
0.526599 2.1805
0.533144 2.186
0.539689 2.192
0.546234 2.197
0.552778 2.20125
0.559323 2.206
0.565868 2.21375
0.572413 2.222
0.578958 2.228
0.585503 2.234
0.592048 2.24
0.598593 2.246
0.605138 2.25375
0.611683 2.262
0.618228 2.26975
0.624773 2.278
0.631046 2.284
0.637863 2.291
0.644408 2.3
0.650953 2.308
0.657498 2.31525
0.664043 2.324
0.670588 2.33325
0.677133 2.343
0.683405 2.3505
0.68995 2.357
0.696495 2.368
0.703313 2.378
0.709858 2.37825
0.846757 0
0.853302 0
0.859847 0
0.735493 2.52825
0.742038 2.528
0.748583 2.5435
0.755128 2.559
0.761673 2.5685
0.76849 2.578
0.775035 2.57725
0.91248 0
0.919025 0
0.92557 0
0.796034 6.47225
0.802579 6.473
0.809124 6.504
0.815669 6.534
0.822486 6.5345
