0.832031 6.594
0.844576 6.687
0.851121 6.68675
0.993747 0
1.00056 0
1.00711 0
0.893118 1.1565
0.899663 1.157
0.90648 1.157
1.03383 0
1.04065 0
1.0472 0
1.05402 0
1.06056 0
1.06738 0
1.07392 0
1.08074 0
1.08729 0
1.0941 0
1.10065 0
1.10747 0
1.11401 0
1.12083 0
1.12737 0
1.13419 0
1.14074 0
1.14755 0
1.1541 0
1.16092 0
1.16746 0
1.17428 0
1.18082 0
1.18764 0
1.19419 0
1.201 0
1.20755 0
1.21437 0
1.22091 0
1.22773 0
1.23427 0
1.24109 0
1.24764 0
1.25446 0
1.261 0
1.26782 0
1.27436 0
1.28118 0
1.28773 0
1.29454 0
1.30109 0
1.30791 0
1.31445 0
1.32127 0
1.32781 0
1.33463 0
1.34118 0
1.34799 0
1.35454 0
1.36136 0
1.3679 0
1.37472 0
1.38126 0
1.38808 0
1.39463 0
1.40144 0
1.40799 0
1.41481 0
1.42135 0
1.42817 0
1.43472 0
1.44153 0
1.44808 0
1.4549 0
1.46144 0
1.46826 0
1.4748 0
1.48162 0
1.48817 0
1.49498 0
1.50153 0
1.50835 0
1.52253 0
1.52907 0
1.53562 0
1.54243 0
1.54898 0
1.5558 0
1.56234 0
1.56916 0
1.57571 0
1.58252 0
1.58907 0
1.59589 0
1.60243 0
1.60898 0
1.61579 0
1.49144 2.5695
1.49826 2.569
1.5048 2.56525
1.51162 2.562
1.51816 2.56225
1.65588 0
1.57461 0.4175
1.58143 0.418
1.58798 0.4175
1.68233 0
1.68915 0
1.6957 0
1.68452 0.17825
1.69052 0.179
1.6987 0.17725
1.70606 0.176
1.71397 0.1745
1.7216 0.173
1.72924 0.172
1.73633 0.171
1.74342 0.17025
1.75051 0.17
1.75842 0.16825
1.76551 0.168
1.77205 0.168
1.77942 0.167
1.78596 0.167
1.7936 0.166
1.80096 0.16525
1.80696 0.166
1.81378 0.16575
1.82087 0.165
1.82823 0.1645
1.83423 0.165
1.84187 0.164
1.84841 0.164
1.85578 0.16325
1.86178 0.164
1.86887 0.16375
1.87432 0.165
1.88114 0.165
1.88768 0.165
1.89423 0.165
1.90105 0.165
1.90704 0.16575
1.91359 0.166
1.92095 0.16525
1.92695 0.166
1.93268 0.167
1.9395 0.167
1.94604 0.167
1.95231 0.168
1.95859 0.16825
1.96459 0.169
1.9714 0.16875
1.97713 0.17
1.98395 0.17
1.98968 0.171
1.9954 0.1725
2.00167 0.173
2.00876 0.17275
2.01422 0.174
2.02022 0.17525
2.02622 0.176
2.03276 0.17625
2.04504 0.179
2.05103 0.17975
2.05676 0.181
2.06276 0.1825
2.06767 0.185
2.07258 0.1875
2.07858 0.189
2.08376 0.19125
2.08867 0.194
2.09576 0.19325
2.12985 0
2.13639 0
2.14321 0
2.14975 0
2.1563 0
2.16312 0
2.16966 0
2.17621 0
2.18303 0
2.18957 0
2.19612 0
2.20293 0
2.20948 0
2.21602 0
2.22284 0
2.22939 0
2.23593 0
2.24275 0
2.24929 0
2.25584 0
2.26266 0
2.2692 0
2.27575 0
2.28256 0
2.28911 0
2.18139 0.852
2.18821 0.852
2.19475 0.8545
2.2013 0.856
2.20811 0.85675
2.21466 0.858
2.22093 0.87125
2.2272 0.886
2.23375 0.8855
2.24057 0.884
2.24711 0.8835
2.25366 0.884
2.26047 0.88525
2.26702 0.887
2.27356 0.88825
2.28011 0.891
2.28665 0.8965
2.29293 0.903
2.29974 0.909
2.30602 0.914
2.31229 0.92075
2.31911 0.929
2.32538 0.93825
2.33165 0.948
2.33847 0.948
2.46173 0
2.46828 0
2.4751 0
2.35265 2.0785
2.35919 2.079
2.36601 2.05975
2.37283 2.041
2.37937 2.02375
2.38619 2.006
2.39301 1.991
2.39955 1.975
2.40637 1.9585
2.41319 1.941
2.41974 1.92475
2.42655 1.908
2.43337 1.89375
2.43992 1.879
2.44673 1.864
2.45355 1.85
2.46037 1.8495
2.47428 1.822
2.48109 1.808
2.48791 1.795
2.49446 1.78175
2.50155 1.768
2.50809 1.75475
2.51491 1.743
2.52146 1.732
2.52855 1.721
2.53509 1.709
2.54191 1.698
2.54873 1.68675
2.55554 1.676
2.56209 1.66425
2.56918 1.654
2.57572 1.6455
2.58254 1.636
2.58909 1.627
2.59618 1.618
2.60272 1.60825
2.60954 1.599
2.61608 1.58975
2.62318 1.582
2.62972 1.574
2.63654 1.566
2.64336 1.5575
2.65017 1.549
2.65672 1.54175
2.66354 1.535
2.67035 1.52725
2.67717 1.519
2.68372 1.512
2.69053 1.504
2.69735 1.496
2.70417 1.489
2.71071 1.48175
2.71753 1.476
2.72435 1.46975
2.73117 1.463
2.73771 1.4575
2.74453 1.452
2.75108 1.4455
2.75817 1.438
2.76471 1.43275
2.77153 1.427
2.77807 1.42125
2.78516 1.415
2.79171 1.4105
2.79853 1.406
2.80507 1.4015
2.81189 1.397
2.81871 1.39125
2.82552 1.386
2.83207 1.38075
2.83889 1.376
2.84543 1.372
2.85252 1.368
2.85907 1.364
2.86589 1.359
2.87243 1.35375
2.87925 1.35
2.88579 1.34625
2.89288 1.342
2.89943 1.339
2.90625 1.335
2.91279 1.3315
2.91961 1.329
2.92615 1.32375
2.93324 1.32
2.93979 1.31725
2.94661 1.314
2.95315 1.3115
2.95997 1.308
2.96651 1.3055
2.97333 1.302
2.98015 1.29825
2.98697 1.295
2.99351 1.29325
3.00033 1.291
3.00715 1.29125
3.01969 1.285
3.02624 1.28275
3.03278 1.281
3.03987 1.278
3.04642 1.275
3.05324 1.2725
3.05978 1.27
3.06633 1.26875
3.07314 1.267
3.07969 1.26375
3.08651 1.262
3.09305 1.2595
3.10014 1.257
3.10669 1.2555
3.11323 1.253
3.12005 1.25275
3.12659 1.252
3.13341 1.25125
-3.02106 0
-3.01451 0
-3.00769 0
-3.00115 0
-2.99433 0
-3.10232 0.8675
-3.0955 0.868
-3.08896 0.8695
-3.08269 0.87
-3.07587 0.87275
-3.06932 0.875
-3.06251 0.87525
-3.05596 0.875
-3.04942 0.8785
-3.04287 0.881
-3.03633 0.8835
-3.02951 0.887
-3.02324 0.88975
-3.01642 0.893
-3.00987 0.89225
-3.00333 0.891
-2.99651 0.896
-2.99024 0.901
-2.98342 0.905
-2.97688 0.909
-2.97033 0.90675
-2.96351 0.906
-2.95724 0.91025
-2.95042 0.916
-2.94388 0.9195
-2.93733 0.924
-2.93079 0.924
-2.92424 0.923
-2.91743 0.92675
-2.91088 0.931
-2.90434 0.93575
-2.89779 0.94
-2.89152 0.944
-2.8847 0.948
-2.87816 0.947
-2.87134 0.947
-2.86479 0.95325
-2.85825 0.961
-2.8517 0.96475
-2.84543 0.969
-2.83861 0.973
-2.83207 0.977
-2.82525 0.9765
-2.70144 0
-2.81707 1.25125
-2.81025 1.252
-2.80371 1.25275
-2.79689 1.255
-2.79035 1.255
-2.66135 0
-2.65481 0
-2.64826 0
-2.64145 0
-2.6349 0
-2.74671 1.0405
-2.74017 1.041
-2.73335 1.0405
-2.72053 1.021
-2.71371 1.014
-2.7069 1.007
-2.69981 1.00075
-2.69326 0.995
-2.68617 0.98875
-2.67935 0.983
-2.67254 0.977
-2.66572 0.97
-2.65863 0.963
-2.65208 0.955
-2.64499 0.95025
-2.63817 0.947
-2.63163 0.94275
-2.62454 0.94
-2.61772 0.9405
-2.61118 0.94
-2.60436 0.9375
-2.59754 0.935
-2.591 0.93375
-2.58418 0.933
-2.57709 0.93075
-2.57027 0.93
-2.56372 0.9285
-2.55691 0.928
-2.55009 0.928
-2.54354 0.929
-2.53673 0.92825
-2.52991 0.927
-2.52336 0.92625
-2.51655 0.927
-2.50973 0.928
-2.50318 0.928
-2.49637 0.9285
-2.48955 0.93
-2.483 0.93075
-2.47646 0.932
-2.46964 0.93375
-2.4631 0.937
-2.45628 0.94
-2.44973 0.944
-2.44292 0.9485
-2.43637 0.953
-2.42983 0.96225
-2.42328 0.971
-2.41701 0.98825
-2.41074 1.005
-2.40392 1.0045
-2.27929 0
-2.39737 1.481
-2.39056 1.481
-2.38401 1.48675
-2.37719 1.493
-2.37065 1.49875
-2.3641 1.506
-2.35729 1.5135
-2.35047 1.52
-2.34392 1.5275
-2.33738 1.534
-2.33056 1.54175
-2.32374 1.55
-2.3172 1.55775
-2.31065 1.566
-2.30383 1.575
-2.29729 1.583
-2.29074 1.591
-2.28393 1.599
-2.27738 1.60775
-2.27056 1.618
-2.26402 1.62725
-2.25747 1.638
-2.25066 1.647
-2.24411 1.657
-2.23757 1.6665
-2.23075 1.676
-2.22393 1.68575
-2.21766 1.695
-2.21084 1.70575
-2.20402 1.717
-2.19721 1.71675
-2.18412 1.679
-2.17812 1.7115
-2.17184 1.743
-2.1653 1.74625
-2.15875 1.749
-2.15221 1.76175
-2.14621 1.774
-2.13966 1.788
-2.13312 1.801
-2.12685 1.815
-2.1203 1.83
-2.11376 1.84425
-2.10776 1.86
-2.10121 1.87425
-2.09467 1.889
-2.0884 1.9035
-2.08185 1.919
-2.07558 1.935
-2.06931 1.952
-2.06276 1.97025
-2.05622 1.988
-2.04994 2.00825
-2.0434 2.028
-2.0374 2.045
-2.03085 2.062
-2.02431 2.0825
-2.01804 2.102
-2.01149 2.12275
-2.00522 2.143
-1.99895 2.16625
-1.9924 2.19
-1.98586 2.212
-1.97959 2.235
-1.97304 2.2345
-1.95886 2.281
-1.95259 2.3305
-1.94631 2.38
-1.9395 2.40825
-1.93323 2.436
-1.92641 2.46475
-1.91986 2.494
-1.91359 2.5235
-1.90677 2.552
-1.9005 2.5845
-1.89368 2.616
-1.88714 2.65025
-1.88086 2.684
-1.87405 2.72025
-1.8675 2.758
-1.86096 2.7945
-1.85441 2.832
-1.84787 2.8415
-1.84105 2.851
-1.8345 2.85975
-1.82796 2.87
-1.82141 2.86425
-1.8146 2.859
-1.80778 2.8495
-1.80123 2.84
-1.79442 2.84
-1.65615 0
-1.64961 0
-1.64279 0
-1.63625 0
-1.62943 0
-1.62288 0
-1.61634 0
-1.60952 0
-1.60298 0
-1.59616 0
-1.58961 0
-1.58307 0
-1.57625 0
-1.70006 2.40525
-1.69324 2.406
-1.6867 2.41325
-1.67988 2.421
-1.67333 2.421
-1.53644 0
-1.66106 2.704
-1.65452 2.704
-1.6477 2.69975
-1.64116 2.695
-1.63461 2.69225
-1.62779 2.691
-1.62125 2.6865
-1.61443 2.681
-1.60788 2.68
-1.60134 2.68
-1.59452 2.67525
-1.58798 2.672
-1.58116 2.66975
-1.57434 2.667
-1.5678 2.664
-1.56098 2.662
-1.55443 2.658
-1.54762 2.655
-1.54107 2.65225
-1.53453 2.65
-1.52771 2.64825
-1.52116 2.647
-1.51435 2.6415
-1.5078 2.637
-1.50126 2.635
-1.49444 2.632
-1.48789 2.63325
-1.48108 2.636
-1.47453 2.63075
-1.46799 2.627
-1.46117 2.6235
-1.45462 2.619
-1.44781 2.6185
-1.31009 0
-1.30327 0
-1.28936 0
-1.28282 0
-1.276 0
-1.26945 0
-1.26264 0
-1.25609 0
-1.24927 0
-1.24273 0
-1.23591 0
-1.22937 0
-1.22255 0
-1.216 0
-1.20919 0
-1.20264 0
-1.19582 0
-1.18928 0
-1.18246 0
-1.17592 0
-1.1691 0
-1.16255 0
-1.15574 0
-1.14919 0
-1.14237 0
-1.13583 0
-1.12901 0
-1.12247 0
-1.11565 0
-1.1091 0
-1.10228 0
-1.22718 2.6775
-1.22037 2.678
-1.21382 2.67775
-1.07556 0
-1.06901 0
-1.0622 0
-1.05565 0
-1.04883 0
-1.04229 0
-1.03547 0
-1.02893 0
-1.02211 0
-1.01556 0
-1.00875 0
-1.0022 0
-0.995383 0
-0.988838 0
-0.98202 0
-0.975476 0
-0.968658 0
-0.962113 0
-0.955295 0
-0.94875 0
-0.941932 0
-1.05838 1.30625
-1.05156 1.307
-1.04502 1.307
-0.915207 0
-0.908662 0
-0.901844 0
-0.895299 0
-0.888481 0
-0.881937 0
-0.875119 0
-0.868574 0
-0.861756 0
-0.970839 0.909
-0.964022 0.909
-0.957477 0.90825
-0.835031 0
-0.945478 0.96125
-0.93866 0.962
-0.931842 0.953
-0.925024 0.945
-0.918207 0.9335
-0.911116 0.921
-0.904299 0.91825
-0.897481 0.915
-0.890936 0.91475
-0.768217 0
-0.7614 0
-0.748583 0
-0.742038 0
-0.735493 0
-0.728675 0
-0.72213 0
-0.715312 0
-0.708767 0
-0.701949 0
-0.695405 0
-0.688587 0
-0.682042 0
-0.675224 0
-0.668679 0
-0.661862 0
-0.655317 0
-0.648499 0
-0.641954 0
-0.635136 0
-0.628591 0
-0.621774 0
-0.615228 0
-0.710949 0.5835
-0.704404 0.584
-0.697314 0.57925
-0.690496 0.575
-0.683406 0.57025
-0.676315 0.565
-0.669497 0.5605
-0.662407 0.557
-0.655589 0.5525
-0.648499 0.548
-0.641681 0.54375
-0.634591 0.54
-0.627773 0.53675
-0.620683 0.533
-0.613865 0.529
-0.606775 0.525
-0.599957 0.5225
-0.592867 0.519
-0.586049 0.51575
-0.578958 0.512
-0.572141 0.50925
-0.56505 0.506
-0.558233 0.5035
-0.551142 0.5
-0.544325 0.4975
-0.537234 0.494
-0.530416 0.49075
-0.523326 0.488
-0.516508 0.48525
-0.509691 0.483
-0.502873 0.48
-0.495783 0.478
-0.488965 0.4755
-0.482147 0.473
-0.47533 0.47125
-0.468512 0.469
-0.461421 0.46575
-0.454603 0.464
-0.447513 0.4615
-0.440696 0.46
-0.433878 0.4575
-0.42706 0.456
-0.41997 0.45425
-0.413152 0.452
-0.406062 0.44925
-0.399517 0.448
-0.392426 0.4465
-0.385881 0.446
-0.378791 0.4435
-0.371973 0.44
-0.364883 0.43825
-0.358338 0.438
-0.351248 0.43525
-0.34443 0.434
-0.337612 0.4325
-0.330795 0.432
-0.323977 0.4305
-0.317159 0.428
-0.310341 0.4285
-0.296979 0.425
-0.290706 0.426
-0.283889 0.427
-0.277344 0.42725
-0.181623 0
-0.175078 0
-0.168261 0
-0.161716 0
-0.154898 0
-0.148353 0
-0.141535 0
-0.134991 0
-0.128173 0
-0.121628 0
-0.11481 0
-0.108265 0
-0.101447 0
-0.0946296 0
-0.0880845 0
-0.0812667 0
-0.0747221 0
-0.0679043 0
-0.0613592 0
-0.0545414 0
-0.0479963 0
-0.041179 0
-0.0346339 0
-0.0278161 0
-0.0212711 0
-0.0144537 0
-0.00790865 0
-0.00109083 0
0.00572686 0
-0.116992 2.12225
-0.110174 2.123
-0.103629 2.118
-0.0968111 2.113
-0.0902661 2.1105
-0.0834487 2.107
-0.0769036 2.10375
-0.0700858 2.101
-0.063268 2.09575
-0.0564507 2.092
-0.0499056 2.089
-0.0430878 2.087
-0.0365427 2.086
-0.0297254 2.084
-0.0231803 2.08175
-0.0163625 2.079
-0.00954467 2.07575
-0.00299961 2.073
0.00381791 2.0725
0.0103629 2.071
0.0171806 2.068
0.0237256 2.066
0.0305433 2.06225
0.0370882 2.059
0.0439059 2.05825
0.179442 0
0.186259 0
0.192804 0
0.199622 0
0.206167 0
0.212985 0
0.219802 0
0.0957204 2.473
0.102538 2.473
0.109083 2.4725
0.246528 0
0.253073 0
0.25989 0
0.266435 0
0.273253 0
0.279798 0
0.286616 0
0.293161 0
0.299978 0
0.306523 0
0.313341 0
0.320159 0
0.332703 0
0.212167 1.7605
0.218712 1.76
0.225529 1.75975
0.359156 0
0.365974 0
0.372519 0
0.379064 0
0.385881 0
0.392426 0
0.399244 0
0.27598 2.25525
0.282525 2.256
0.28907 2.2885
0.295615 2.321
0.302433 2.3215
0.439059 0
0.445604 0
0.452422 0
0.458967 0
0.465785 0
0.47233 0
0.478875 0
0.485692 0
0.492237 0
0.370064 2.08925
0.376609 2.09
0.383154 2.09275
0.389972 2.096
0.396244 2.0985
0.403062 2.102
0.409607 2.107
0.416152 2.111
0.42297 2.11575
0.429515 2.12
0.436332 2.12325
0.442877 2.126
0.449422 2.13
0.45624 2.134
0.462785 2.1385
0.469603 2.142
0.476148 2.14575
0.482965 2.151
0.48951 2.15425
0.495783 2.159
0.5026 2.164
0.509145 2.168
0.515963 2.1755
0.522508 2.183
0.529053 2.18775
0.535871 2.192
0.542416 2.19625
0.549233 2.202
0.555778 2.2095
0.562051 2.218
0.568868 2.224
0.575413 2.23
0.582231 2.23525
0.588776 2.241
0.595321 2.24725
0.602139 2.253
0.608684 2.2615
0.615501 2.271
0.622046 2.276
0.628319 2.282
0.635136 2.29125
0.641681 2.3
0.648499 2.30675
0.655044 2.314
0.661589 2.324
0.668407 2.334
0.674952 2.343
0.681497 2.353
0.688042 2.36125
0.694587 2.371
0.701404 2.38175
0.707949 2.394
0.714767 2.403
0.721312 2.413
0.72813 2.4125
0.742038 2.432
0.748037 2.48675
0.754037 2.542
0.760036 2.553
0.766309 2.564
0.772308 2.564
0.90948 0
0.91548 0
0.921752 0
0.79167 6.46875
0.797943 6.469
0.803942 6.49275
0.810215 6.516
0.816487 6.51625
