0.975475 0
0.98802 0
0.994565 0
1.00111 0
1.00793 0
1.01447 0
1.02129 0
1.02784 0
1.03465 0
1.0412 0
1.04774 0
1.05456 0
1.06111 0
1.06792 0
1.07447 0
1.08129 0
1.08783 0
1.09438 0
1.10119 0
1.10774 0
1.11456 0
1.1211 0
1.12792 0
1.13446 0
1.14101 0
1.14783 0
1.15437 0
1.16119 0
1.16773 0
1.17455 0
1.1811 0
1.18764 0
1.19446 0
1.201 0
1.20782 0
1.21437 0
1.22119 0
1.22773 0
1.23427 0
1.24109 0
1.24764 0
1.25446 0
1.261 0
1.26782 0
1.27436 0
1.28091 0
1.28773 0
1.29427 0
1.30109 0
1.30763 0
1.31445 0
1.321 0
1.32754 0
1.33436 0
1.3409 0
1.34772 0
1.35427 0
1.36108 0
1.36763 0
1.37417 0
1.38099 0
1.38754 0
1.39435 0
1.4009 0
1.40772 0
1.41426 0
1.42081 0
1.42762 0
1.43417 0
1.44099 0
1.44753 0
1.45435 0
1.4609 0
1.46744 0
1.47426 0
1.4808 0
1.48762 0
1.49417 0
1.50098 0
1.50753 0
1.51435 0
1.52689 0
1.52035 0.1715
1.52716 0.171
1.53616 0.16825
1.54353 0.167
1.55225 0.16475
1.55934 0.164
1.56698 0.163
1.57516 0.161
1.58307 0.1595
1.59043 0.159
1.59698 0.15875
1.60461 0.158
1.61252 0.15625
1.61961 0.156
1.6267 0.155
1.63325 0.155
1.64061 0.1545
1.6477 0.154
1.65506 0.15325
1.66106 0.154
1.66843 0.15325
1.67524 0.153
1.68233 0.1525
1.68861 0.153
1.6957 0.1525
1.70306 0.152
1.71015 0.15125
1.71642 0.152
1.72269 0.15225
1.72842 0.153
1.73633 0.152
1.74287 0.152
1.74969 0.152
1.75515 0.153
1.76278 0.15225
1.76851 0.153
1.77478 0.15325
1.78105 0.154
1.78705 0.1545
1.79442 0.154
1.80096 0.154
1.80669 0.155
1.81296 0.15575
1.81923 0.156
1.82632 0.15575
1.83178 0.157
1.83778 0.158
1.84432 0.158
1.85059 0.1585
1.85687 0.159
1.86259 0.15975
1.86914 0.16
1.87568 0.16025
1.88086 0.162
1.88741 0.162
1.89341 0.163
1.89914 0.164
1.90486 0.165
1.91032 0.16675
1.91604 0.168
1.92259 0.16825
1.92777 0.17
1.93377 0.171
1.93895 0.173
1.94332 0.176
1.94877 0.178
1.95531 0.17775
1.97986 0
1.9864 0
1.99322 0
1.99977 0
2.00631 0
2.01313 0
2.01967 0
2.02649 0
2.03304 0
2.03985 0
2.0464 0
2.05322 0
2.0674 0
2.07394 0
2.08049 0
2.0873 0
2.09385 0
2.10039 0
2.10721 0
2.11376 0
2.1203 0
2.12712 0
2.13367 0
2.14021 0
2.14703 0
2.15357 0
2.16012 0
2.16694 0
2.17348 0
2.1803 0
2.18684 0
2.11921 0.3305
2.12603 0.331
2.13285 0.32875
2.13994 0.326
2.1473 0.32425
2.15385 0.324
2.16066 0.323
2.16748 0.323
2.17403 0.3225
2.18057 0.323
2.18739 0.32325
2.19393 0.323
2.20048 0.32225
2.2073 0.323
2.21384 0.3225
2.22066 0.323
2.22693 0.3235
2.23375 0.323
2.24057 0.32325
2.24711 0.323
2.25338 0.32375
2.2602 0.324
2.26647 0.325
2.27302 0.325
2.27984 0.325
2.28611 0.326
2.29265 0.32625
2.2992 0.328
2.30547 0.32925
2.31202 0.33
2.31856 0.3305
2.32483 0.332
2.33138 0.333
2.33792 0.334
2.3442 0.33525
2.35074 0.336
2.35729 0.33625
2.36356 0.337
2.37038 0.3375
2.37665 0.339
2.38292 0.3405
2.38974 0.341
2.39601 0.34225
2.40228 0.344
2.40883 0.34475
2.4151 0.346
2.42192 0.347
2.42819 0.348
2.43473 0.3485
2.44128 0.35
2.44755 0.35075
2.45382 0.352
2.46037 0.35375
2.46691 0.355
2.47319 0.356
2.47973 0.358
2.486 0.359
2.49228 0.361
2.49909 0.36075
2.50537 0.362
2.51246 0.36125
2.52582 0.365
2.53209 0.36675
2.53864 0.368
2.54491 0.3695
2.55145 0.371
2.558 0.3715
2.56427 0.373
2.57054 0.37525
2.57682 0.377
2.58336 0.37875
2.58963 0.381
2.5959 0.384
2.60218 0.386
2.60872 0.388
2.61472 0.391
2.62099 0.39325
2.62727 0.397
2.63327 0.40025
2.63927 0.405
2.64554 0.408
2.65181 0.412
2.65781 0.4155
2.66381 0.42
2.67008 0.42325
2.67608 0.428
2.68208 0.43275
2.68863 0.437
2.69462 0.4405
2.7009 0.444
2.70717 0.448
2.71344 0.452
2.71944 0.45475
2.72599 0.458
2.73199 0.46275
2.73826 0.467
2.74371 0.481
2.74889 0.496
2.75408 0.5115
2.7598 0.527
2.76498 0.54425
2.77044 0.561
2.77671 0.56125
2.8847 0
2.89125 0
2.89779 0
2.90461 0
2.91115 0
2.9177 0
2.92452 0
2.93106 0
2.93761 0
2.84843 0.4945
2.85525 0.494
2.86152 0.4945
2.96433 0
2.88825 0.37925
2.89479 0.38
2.90188 0.37825
2.90843 0.377
2.91525 0.376
2.92206 0.375
2.92888 0.3745
2.93543 0.374
2.94224 0.37275
2.94906 0.372
2.95561 0.37175
2.96242 0.371
2.96924 0.37
2.97606 0.369
2.98288 0.3675
2.98997 0.366
2.99651 0.36625
3.00306 0.366
3.01015 0.36475
3.01669 0.364
3.02351 0.363
3.03033 0.362
3.03687 0.3625
3.04342 0.362
3.05024 0.3625
3.06442 0.361
3.07096 0.3615
3.07751 0.361
3.0846 0.35975
3.09114 0.359
3.09823 0.35825
3.10478 0.358
3.11159 0.3575
3.11814 0.357
3.12523 0.3565
3.13178 0.356
3.13859 0.35525
-3.13777 0.354
-3.13123 0.35425
-3.12441 0.355
-3.11787 0.354
-3.11105 0.354
-3.1045 0.3545
-3.09769 0.355
-3.09141 0.35525
-3.0846 0.356
-3.07778 0.35475
-3.07069 0.353
-3.06442 0.3535
-3.0576 0.353
-3.05078 0.353
-3.04424 0.352
-3.03742 0.35225
-3.03087 0.352
-3.02378 0.35175
-3.01751 0.352
-3.01069 0.3525
-3.00415 0.352
-2.99733 0.352
-2.99079 0.352
-2.98424 0.35225
-2.97742 0.353
-2.97088 0.35275
-2.96406 0.352
-2.95752 0.352
-2.95042 0.351
-2.94388 0.351
-2.93733 0.352
-2.93052 0.35125
-2.92397 0.352
-2.91715 0.35175
-2.91088 0.353
-2.90434 0.354
-2.89779 0.354
-2.89125 0.3555
-2.8847 0.356
-2.87788 0.35575
-2.87134 0.356
-2.86425 0.35475
-2.8577 0.355
-2.85116 0.3555
-2.84489 0.357
-2.83834 0.357
-2.83152 0.357
-2.82498 0.35725
-2.81816 0.358
-2.81189 0.35925
-2.80534 0.36
-2.79853 0.3595
-2.79198 0.36
-2.78544 0.361
-2.77862 0.361
-2.77207 0.36075
-2.7658 0.362
-2.75898 0.36225
-2.75244 0.363
-2.74589 0.364
-2.73962 0.365
-2.7328 0.365
-2.72626 0.366
-2.71971 0.36725
-2.71317 0.368
-2.70662 0.36825
-2.70008 0.369
-2.69326 0.36875
-2.68099 0.371
-2.67472 0.37225
-2.66844 0.374
-2.66163 0.374
-2.65508 0.375
-2.64854 0.3765
-2.64226 0.377
-2.63545 0.37775
-2.62917 0.38
-2.62263 0.38025
-2.61608 0.382
-2.60981 0.383
-2.60299 0.384
-2.597 0.3865
-2.59072 0.39
-2.58391 0.38975
-2.49309 0
-2.48655 0
-2.48 0
-2.47319 0
-2.46664 0
-2.45982 0
-2.45328 0
-2.44646 0
-2.43992 0
-2.4331 0
-2.42655 0
-2.42001 0
-2.41319 0
-2.53018 1.35725
-2.52336 1.357
-2.51682 1.363
-2.51027 1.369
-2.50373 1.373
-2.49691 1.377
-2.49037 1.38125
-2.48382 1.386
-2.477 1.39125
-2.47073 1.397
-2.46391 1.401
-2.45737 1.406
-2.45055 1.4135
-2.44428 1.42
-2.43746 1.42525
-2.43092 1.432
-2.42437 1.43725
-2.41783 1.444
-2.41128 1.4505
-2.40446 1.457
-2.39792 1.463
-2.3911 1.47
-2.38483 1.47625
-2.37801 1.484
-2.37147 1.49125
-2.36519 1.5
-2.35838 1.507
-2.35183 1.514
-2.34501 1.521
-2.33874 1.529
-2.33192 1.53575
-2.32538 1.543
-2.31856 1.55125
-2.31229 1.561
-2.30574 1.57
-2.29893 1.58
-2.29238 1.589
-2.28584 1.597
-2.27929 1.60675
-2.27247 1.616
-2.2662 1.62475
-2.25938 1.635
-2.25284 1.6445
-2.24629 1.655
-2.23975 1.665
-2.2332 1.675
-2.22639 1.68625
-2.22011 1.698
-2.2133 1.70775
-2.20675 1.719
-2.19993 1.71825
-2.18766 1.788
-2.18084 1.76225
-2.1743 1.736
-2.16748 1.745
-2.16094 1.753
-2.15412 1.7675
-2.14785 1.783
-2.14103 1.79625
-2.13476 1.81
-2.12821 1.82425
-2.12139 1.838
-2.11512 1.852
-2.1083 1.867
-2.10176 1.8845
-2.09521 1.902
-2.08867 1.91825
-2.08185 1.934
-2.07558 1.95025
-2.06903 1.967
-2.06222 1.9865
-2.05594 2.005
-2.04913 2.025
-2.04285 2.044
-2.03604 2.06375
-2.02949 2.083
-2.02295 2.10275
-2.0164 2.124
-2.00986 2.147
-2.00331 2.169
-1.99677 2.1925
-1.98995 2.215
-1.98368 2.23875
-1.97686 2.262
-1.97059 2.30125
-1.96377 2.34
-1.9575 2.38
-1.95095 2.421
-1.94441 2.4485
-1.93786 2.477
-1.93132 2.50675
-1.92477 2.536
-1.91795 2.56725
-1.91168 2.598
-1.90486 2.633
-1.89832 2.668
-1.89205 2.705
-1.88523 2.742
-1.87896 2.78025
-1.87214 2.819
-1.86559 2.85775
-1.85905 2.896
-1.8525 2.8855
-1.84569 2.874
-1.83914 2.869
-1.8326 2.863
-1.82551 2.85275
-1.81896 2.844
-1.81214 2.83575
-1.8056 2.829
-1.79878 2.8295
-1.66052 0
-1.6537 0
-1.64715 0
-1.64061 0
-1.63379 0
-1.62725 0
-1.62043 0
-1.61388 0
-1.60707 0
-1.60052 0
-1.5937 0
-1.71751 2.416
-1.71097 2.416
-1.70415 2.41075
-1.69761 2.405
-1.69079 2.40425
-1.55389 0
-1.67852 2.7085
-1.67197 2.708
-1.66515 2.7085
-1.65097 2.7
-1.64443 2.69725
-1.63788 2.694
-1.63106 2.6905
-1.62452 2.688
-1.61797 2.685
-1.61116 2.682
-1.60461 2.67975
-1.59779 2.677
-1.59125 2.67425
-1.5847 2.672
-1.57789 2.67
-1.57107 2.667
-1.56425 2.6645
-1.55771 2.663
-1.55116 2.65925
-1.54434 2.655
-1.5378 2.65275
-1.53098 2.651
-1.52444 2.649
-1.51789 2.646
-1.51107 2.642
-1.50453 2.638
-1.49771 2.63825
-1.49117 2.64
-1.48462 2.63675
-1.4778 2.634
-1.47126 2.6395
-1.46471 2.644
-1.4579 2.6495
-1.45135 2.655
-1.44453 2.65425
-1.30682 0
-1.30027 0
-1.29345 0
-1.28691 0
-1.28009 0
-1.27355 0
-1.267 0
-1.26018 0
-1.25364 0
-1.24682 0
-1.24027 0
-1.23373 0
-1.22691 0
-1.22037 0
-1.21355 0
-1.207 0
-1.20046 0
-1.19364 0
-1.1871 0
-1.18028 0
-1.17373 0
-1.16719 0
-1.16037 0
-1.15383 0
-1.14728 0
-1.14046 0
-1.13392 0
-1.25855 2.67975
-1.252 2.68
-1.24546 2.685
-1.23864 2.691
-1.23209 2.6905
-1.09383 0
-1.08729 0
-1.08074 0
-1.07392 0
-1.06738 0
-1.06056 0
-1.05402 0
-1.04747 0
-1.04065 0
-1.03411 0
-1.02729 0
-1.02075 0
-1.0142 0
-1.00738 0
-1.00084 0
-0.994019 0
-0.980111 0
-0.973566 0
-0.967021 0
-0.960204 0
-0.953659 0
-1.06983 1.31875
-1.06329 1.319
-1.05647 1.319
-0.926934 0
-0.920116 0
-0.913571 0
-0.906753 0
-0.900208 0
-0.89339 0
-0.886845 0
-0.997565 0.9825
-0.99102 0.982
-0.984475 0.98125
-0.86012 0
-0.853575 0
-0.846757 0
-0.840213 0
-0.833395 0
-0.82685 0
-0.820032 0
-0.813487 0
-0.80667 0
-0.800124 0
-0.793307 0
-0.786762 0
-0.779944 0
-0.848394 0.33525
-0.842121 0.336
-0.835031 0.3355
-0.753491 0
-0.822486 0.3385
-0.815669 0.338
-0.808851 0.33775
-0.726766 0
-0.719948 0
-0.713404 0
-0.784035 0.34825
-0.777489 0.348
-0.770672 0.3475
-0.686678 0
-0.67986 0
-0.673315 0
-0.666498 0
-0.659952 0
-0.653408 0
-0.64659 0
-0.640045 0
-0.633227 0
-0.626682 0
-0.619865 0
-0.717221 0.6085
-0.710404 0.608
-0.703586 0.60275
-0.696495 0.598
-0.689678 0.59275
-0.682587 0.588
-0.67577 0.584
-0.668679 0.581
-0.661862 0.576
-0.655044 0.572
-0.647953 0.56825
-0.641136 0.564
-0.634045 0.55975
-0.627228 0.557
-0.62041 0.5535
-0.61332 0.549
-0.606229 0.5455
-0.599684 0.543
-0.592594 0.53875
-0.585776 0.536
-0.578686 0.53225
-0.571868 0.529
-0.564778 0.526
-0.558233 0.524
-0.551142 0.5235
-0.536961 0.518
-0.530144 0.515
-0.523326 0.512
-0.516236 0.50875
-0.509418 0.506
-0.502328 0.50325
-0.495783 0.501
-0.488965 0.4985
-0.481874 0.496
-0.475057 0.4935
-0.468239 0.492
-0.461421 0.48925
-0.454603 0.487
-0.447513 0.48525
-0.440968 0.483
-0.433878 0.4815
-0.42706 0.479
-0.420515 0.477
-0.413425 0.475
-0.406607 0.47275
-0.39979 0.471
-0.392972 0.46875
-0.386154 0.466
-0.379336 0.4655
-0.372519 0.464
-0.365428 0.462
-0.35861 0.46
-0.352066 0.45775
-0.344975 0.457
-0.33843 0.45525
-0.33134 0.454
-0.324795 0.453
-0.317977 0.451
-0.311159 0.4515
-0.304614 0.451
-0.297797 0.45125
-0.199622 0
-0.193077 0
-0.18626 0
-0.179715 0
-0.172897 0
-0.166352 0
-0.159534 0
-0.152989 0
-0.146444 0
-0.139626 0
-0.133081 0
-0.126263 0
-0.119719 0
-0.202349 0.42825
-0.195531 0.429
-0.188987 0.4285
-0.0929936 0
-0.0864485 0
-0.0799034 0
-0.0730856 0
-0.0665405 0
-0.0597232 0
-0.0531781 0
-0.161716 0.889
-0.154898 0.889
-0.148353 0.88275
-0.141262 0.876
-0.135263 0.89375
-0.129263 0.913
-0.1219 0.8945
-0.11481 0.877
-0.108265 0.88
-0.10172 0.883
-0.0951751 0.88625
-0.08863 0.89
-0.082085 0.89225
-0.0752671 0.895
-0.0689948 0.9
-0.0624502 0.906
-0.0556324 0.9065
0.0665407 0
0.0733584 0
0.0799034 0
0.086721 0
0.100902 0
0.107447 0
0.113992 0
0.0436332 0.34675
0.0501782 0.347
0.0567232 0.346
0.0638136 0.345
0.0703586 0.3455
0.0769036 0.345
0.0837213 0.34475
0.090539 0.344
0.0970839 0.34375
0.103902 0.344
0.110174 0.345
0.116719 0.345
0.123264 0.346
0.129809 0.347
0.136354 0.34725
0.142626 0.349
0.148898 0.35075
0.155171 0.352
0.161716 0.354
0.168261 0.355
0.17426 0.358
0.180533 0.36
0.186532 0.36325
0.192532 0.368
0.199077 0.36825
0.286616 0
0.293161 0
0.299978 0
0.306523 0
0.313068 0
0.319886 0
0.326431 0
0.332976 0
0.339794 0
0.237256 0.7065
0.243801 0.707
0.250891 0.704
0.257436 0.702
0.264254 0.70525
0.270526 0.708
0.277071 0.71225
0.283616 0.718
0.289888 0.7215
0.296433 0.725
0.302978 0.731
0.309251 0.736
0.315523 0.74075
0.322068 0.747
0.328613 0.75125
0.334885 0.757
0.34143 0.762
0.347975 0.768
0.354247 0.7745
0.360792 0.781
0.367065 0.78725
0.373337 0.795
0.379882 0.80175
0.386154 0.81
0.392426 0.82
0.398971 0.831
0.405244 0.8405
0.411516 0.85
0.417788 0.86075
0.42406 0.871
0.430605 0.87075
0.552233 0
0.558778 0
0.565323 0
0.572141 0
0.578686 0
0.455695 2.1805
0.462512 2.18
0.469057 2.186
0.475602 2.191
0.48242 2.19575
0.488965 2.201
0.495783 2.20075
0.508327 2.209
0.514599 2.21675
0.521144 2.226
0.527689 2.231
0.534234 2.236
0.541052 2.2415
0.547597 2.246
0.554142 2.25225
0.560687 2.259
0.567505 2.26475
0.57405 2.272
0.580595 2.2775
0.586867 2.283
0.593412 2.2915
0.60023 2.299
0.606775 2.30425
0.61332 2.311
0.619865 2.31825
0.626682 2.325
0.633227 2.3375
0.6395 2.351
0.646045 2.3575
0.652589 2.364
0.659407 2.37275
0.665952 2.382
0.672497 2.39125
0.679042 2.401
0.68586 2.4115
0.692405 2.421
0.698677 2.4315
0.705222 2.442
0.711767 2.49725
0.718312 2.552
0.724857 2.56575
0.731402 2.579
0.737674 2.594
0.744492 2.608
0.751037 2.6075
0.888754 0
0.773399 1.23725
0.779944 1.238
0.787034 1.21775
0.793852 1.197
0.800124 1.2065
0.806669 1.215
0.813487 1.2145
0.94166 0
0.948205 0
0.95475 0
0.961567 0
