0.971385 0
0.983929 0
0.868574 1.2275
0.875119 1.227
0.881937 1.22475
0.888482 1.222
0.895299 1.22225
1.02374 0
1.03056 0
1.03711 0
1.04393 0
1.05047 0
1.05729 0
1.06383 0
1.07065 0
1.0772 0
1.08401 0
1.09056 0
1.09738 0
1.10392 0
1.11074 0
1.11728 0
1.1241 0
1.13065 0
1.13746 0
1.14401 0
1.15083 0
1.15737 0
1.16392 0
1.17073 0
1.17728 0
1.1841 0
1.19064 0
1.19746 0
1.204 0
1.21082 0
1.21737 0
1.22418 0
1.23073 0
1.23755 0
1.24409 0
1.25091 0
1.25746 0
1.26427 0
1.27082 0
1.27764 0
1.28418 0
1.291 0
1.29754 0
1.30436 0
1.31091 0
1.31772 0
1.32427 0
1.33109 0
1.33763 0
1.34418 0
1.35099 0
1.35754 0
1.36436 0
1.3709 0
1.37772 0
1.38426 0
1.39108 0
1.39763 0
1.40444 0
1.41099 0
1.41781 0
1.42435 0
1.43117 0
1.43771 0
1.44453 0
1.45108 0
1.4579 0
1.46444 0
1.47126 0
1.4778 0
1.48462 0
1.49117 0
1.49798 0
1.50453 0
1.51135 0
1.52389 0
1.53044 0
1.53698 0
1.5438 0
1.55034 0
1.55689 0
1.56371 0
1.57025 0
1.57707 0
1.58361 0
1.59016 0
1.59698 0
1.60352 0
1.47917 2.5805
1.48571 2.581
1.49253 2.57475
1.49935 2.569
1.50589 2.56875
1.64334 0
1.65015 0
1.6567 0
1.53862 1.451
1.54543 1.451
1.55198 1.451
1.68342 0
1.68997 0
1.69651 0
1.68561 0.17775
1.69215 0.178
1.69979 0.17675
1.7077 0.175
1.71479 0.174
1.72242 0.173
1.73006 0.1715
1.73688 0.171
1.74506 0.16925
1.75187 0.169
1.75924 0.16825
1.76605 0.168
1.77287 0.1675
1.77996 0.167
1.78651 0.167
1.79387 0.166
1.80069 0.16625
1.80723 0.166
1.81514 0.16475
1.82141 0.165
1.82769 0.1655
1.83478 0.165
1.84132 0.165
1.84869 0.164
1.85605 0.16325
1.86205 0.164
1.86914 0.16375
1.87541 0.164
1.88168 0.1645
1.88796 0.165
1.89505 0.1645
1.90132 0.165
1.90814 0.16475
1.91359 0.166
1.92041 0.16625
1.92695 0.166
1.9335 0.166
1.9395 0.167
1.94604 0.167
1.95231 0.168
1.95859 0.16825
1.96459 0.169
1.97113 0.16925
1.97713 0.17
1.9834 0.1705
1.98968 0.171
1.99567 0.172
2.00167 0.173
2.00795 0.17325
2.0134 0.175
2.01967 0.17575
2.02513 0.177
2.03222 0.17675
2.04449 0.179
2.05049 0.17975
2.05594 0.182
2.06112 0.184
2.0674 0.185
2.07258 0.187
2.07831 0.189
2.08294 0.19225
2.08812 0.195
2.09467 0.19475
2.12985 0
2.13639 0
2.14321 0
2.15003 0
2.15657 0
2.16339 0
2.16994 0
2.17675 0
2.1833 0
2.19012 0
2.19666 0
2.20348 0
2.21002 0
2.21684 0
2.22366 0
2.2302 0
2.23702 0
2.24357 0
2.25038 0
2.25693 0
2.26375 0
2.27029 0
2.27711 0
2.16884 0.8735
2.17566 0.873
2.18248 0.8735
2.18902 0.874
2.19584 0.87625
2.20239 0.879
2.20893 0.88075
2.21548 0.884
2.22257 0.877
2.22939 0.869
2.23593 0.876
2.2422 0.882
2.24902 0.88275
2.25584 0.884
2.26184 0.90375
2.26811 0.924
2.27465 0.927
2.28147 0.931
2.28802 0.9315
2.29456 0.933
2.30111 0.93375
2.30793 0.936
2.31447 0.93875
2.32102 0.943
2.32783 0.953
2.33411 0.962
2.34065 0.971
2.34692 0.981
2.35347 0.99175
2.35974 1.003
2.36656 1.00275
2.49118 0
2.498 0
2.50455 0
2.38265 2.005
2.38946 2.005
2.39628 1.9875
2.4031 1.971
2.40965 1.95375
2.41674 1.938
2.42328 1.92225
2.4301 1.906
2.43692 1.8915
2.44373 1.876
2.45028 1.8625
2.45737 1.848
2.46419 1.8485
2.47837 1.821
2.48519 1.80775
2.49173 1.794
2.49828 1.7815
2.50482 1.769
2.51164 1.756
2.51846 1.744
2.525 1.73175
2.53182 1.721
2.53836 1.70925
2.54491 1.697
2.552 1.6865
2.55854 1.676
2.56509 1.6655
2.57191 1.656
2.57845 1.64575
2.58527 1.636
2.59181 1.62575
2.59863 1.616
2.60518 1.607
2.61172 1.597
2.61854 1.589
2.62536 1.582
2.6319 1.57375
2.63845 1.566
2.64526 1.55675
2.65181 1.549
2.65863 1.542
2.66517 1.534
2.67199 1.5265
2.67853 1.518
2.68508 1.50975
2.6919 1.502
2.69872 1.49525
2.70526 1.488
2.71181 1.4815
2.71835 1.475
2.72544 1.469
2.73199 1.463
2.73853 1.45725
2.74508 1.451
2.75162 1.44375
2.75844 1.437
2.76526 1.4315
2.7718 1.426
2.77835 1.4205
2.78516 1.415
2.79171 1.41025
2.79853 1.406
2.80507 1.40125
2.81162 1.396
2.81843 1.3915
2.82498 1.386
2.8318 1.382
2.83834 1.377
2.84489 1.37275
2.85143 1.369
2.85825 1.36375
2.86507 1.359
2.87161 1.3545
2.87816 1.349
2.8847 1.345
2.89152 1.342
2.89806 1.33775
2.90488 1.335
2.91143 1.33175
2.91797 1.328
2.92452 1.3245
2.93133 1.32
2.93815 1.3175
2.9447 1.314
2.95124 1.31125
2.95779 1.308
2.96433 1.30575
2.97115 1.303
2.97797 1.299
2.98451 1.296
2.99106 1.2935
2.9976 1.29
3.00442 1.2905
3.0186 1.285
3.02515 1.282
3.03169 1.28
3.03878 1.27825
3.04533 1.276
3.05214 1.27275
3.05869 1.27
3.06551 1.2685
3.07205 1.267
3.0786 1.265
3.08541 1.262
3.09196 1.26125
-3.06196 0
-3.05542 0
-3.0486 0
3.13314 0.68475
3.13968 0.685
-3.13641 0.6805
-3.12987 0.677
-3.12278 0.673
-3.11596 0.67
-3.10914 0.66825
-3.1026 0.666
-3.09578 0.66175
-3.08869 0.657
-3.08187 0.651
-3.07478 0.645
-3.06823 0.6455
-3.06142 0.646
-3.05487 0.64525
-3.04833 0.644
-3.04124 0.63875
-3.03442 0.634
-3.02733 0.63
-3.02051 0.626
-3.01369 0.626
-3.00715 0.625
-3.00033 0.62225
-2.99351 0.62
-2.98669 0.61725
-2.97988 0.615
-2.97306 0.61
-2.96597 0.606
-2.95942 0.607
-2.95288 0.608
-2.94606 0.60575
-2.93952 0.605
-2.93243 0.60125
-2.92561 0.597
-2.91879 0.596
-2.91225 0.595
-2.90543 0.5935
-2.89861 0.592
-2.89179 0.59025
-2.88497 0.59
-2.87843 0.58875
-2.87161 0.589
-2.86507 0.587
-2.85825 0.584
-2.85143 0.582
-2.84461 0.579
-2.8378 0.57825
-2.83125 0.578
-2.82416 0.57725
-2.81762 0.576
-2.81107 0.5755
-2.80425 0.574
-2.79744 0.573
-2.79062 0.571
-2.78407 0.57025
-2.77698 0.569
-2.77044 0.56725
-2.76389 0.567
-2.75707 0.566
-2.75053 0.566
-2.74371 0.568
-2.73744 0.571
-2.73062 0.57075
-2.62236 0
-2.61554 0
-2.60136 0
-2.70771 0.8155
-2.70144 0.816
-2.69435 0.81275
-2.68781 0.809
-2.68072 0.80525
-2.67417 0.803
-2.66735 0.8
-2.66054 0.796
-2.65372 0.793
-2.6469 0.79
-2.64008 0.78525
-2.63327 0.782
-2.62672 0.77925
-2.6199 0.776
-2.61309 0.773
-2.60627 0.769
-2.59945 0.7655
-2.59263 0.763
-2.58581 0.75975
-2.579 0.757
-2.57245 0.75775
-2.56563 0.76
-2.55936 0.762
-2.55282 0.764
-2.546 0.765
-2.53945 0.765
-2.53264 0.76625
-2.52609 0.768
-2.51955 0.76875
-2.513 0.771
-2.50618 0.773
-2.49964 0.775
-2.49282 0.7755
-2.48655 0.777
-2.48 0.77675
-2.47319 0.776
-2.46637 0.77475
-2.45955 0.775
-2.45301 0.774
-2.44619 0.774
-2.43992 0.7765
-2.4331 0.779
-2.42655 0.78025
-2.41974 0.782
-2.41319 0.78275
-2.40692 0.785
-2.4001 0.788
-2.39356 0.79
-2.38701 0.793
-2.38047 0.796
-2.37392 0.79975
-2.36738 0.803
-2.36056 0.80575
-2.35429 0.808
-2.34747 0.814
-2.3412 0.821
-2.33465 0.821
-2.21466 0
-2.20811 0
-2.2013 0
-2.19475 0
-2.18793 0
-2.30711 1.58025
-2.30029 1.581
-2.29374 1.58925
-2.2872 1.598
-2.28065 1.6065
-2.27411 1.616
-2.26756 1.6275
-2.26102 1.638
-2.2542 1.64525
-2.24766 1.654
-2.24111 1.66275
-2.23457 1.673
-2.22775 1.6825
-2.2212 1.692
-2.21466 1.7
-2.20811 1.708
-2.2013 1.708
-2.18848 1.723
-2.18221 1.733
-2.17566 1.742
-2.16884 1.74525
-2.1623 1.749
-2.15575 1.75875
-2.14921 1.769
-2.14266 1.782
-2.13585 1.796
-2.12957 1.8115
-2.12303 1.826
-2.11621 1.84075
-2.10994 1.855
-2.10339 1.86925
-2.09658 1.884
-2.0903 1.899
-2.08349 1.915
-2.07694 1.931
-2.07067 1.948
-2.06385 1.96475
-2.05731 1.982
-2.05103 1.99975
-2.04422 2.018
-2.03767 2.0385
-2.03113 2.058
-2.02458 2.0775
-2.01804 2.097
-2.01149 2.11675
-2.00495 2.136
-1.9984 2.15875
-1.99186 2.181
-1.98531 2.2035
-1.97877 2.225
-1.97222 2.248
-1.96568 2.27
-1.95913 2.31575
-1.95286 2.361
-1.94604 2.39175
-1.93977 2.422
-1.93323 2.453
-1.92641 2.483
-1.92013 2.5135
-1.91359 2.544
-1.90677 2.57475
-1.9005 2.606
-1.89368 2.63675
-1.88741 2.669
-1.88086 2.7055
-1.87405 2.741
-1.86777 2.7795
-1.86123 2.819
-1.85441 2.85975
-1.84814 2.9
-1.84132 2.88825
-1.83478 2.877
-1.82823 2.8685
-1.82114 2.86
-1.8146 2.8525
-1.80778 2.845
-1.80123 2.83725
-1.79469 2.831
-1.78787 2.83125
-1.64961 0
-1.64306 0
-1.63625 0
-1.6297 0
-1.62288 0
-1.61634 0
-1.60979 0
-1.60298 0
-1.59643 0
-1.58989 0
-1.58307 0
-1.70688 2.409
-1.70006 2.409
-1.69351 2.402
-1.68697 2.396
-1.68015 2.39525
-1.54325 0
-1.53644 0
-1.52389 0
-1.64879 2.69725
-1.64225 2.697
-1.63543 2.6915
-1.62888 2.687
-1.62207 2.6865
-1.61552 2.685
-1.6087 2.68225
-1.60216 2.679
-1.59534 2.67425
-1.5888 2.67
-1.5817 2.667
-1.57516 2.663
-1.56834 2.6605
-1.5618 2.658
-1.55498 2.65625
-1.54843 2.654
-1.54189 2.65175
-1.53507 2.649
-1.52853 2.6465
-1.52171 2.645
-1.51516 2.643
-1.50835 2.641
-1.5018 2.63675
-1.49498 2.632
-1.48844 2.62875
-1.48162 2.626
-1.47508 2.6265
-1.46826 2.626
-1.46171 2.6235
-1.4549 2.621
-1.44835 2.63575
-1.44181 2.651
-1.43499 2.65025
-1.29727 0
-1.29045 0
-1.28391 0
-1.27709 0
-1.27055 0
-1.26373 0
-1.25718 0
-1.25036 0
-1.24382 0
-1.237 0
-1.23046 0
-1.22364 0
-1.21709 0
-1.21028 0
-1.20373 0
-1.19719 0
-1.19037 0
-1.18382 0
-1.17701 0
-1.17046 0
-1.16364 0
-1.1571 0
-1.15028 0
-1.14374 0
-1.13692 0
-1.13037 0
-1.12356 0
-1.11701 0
-1.11019 0
-1.23509 2.675
-1.22855 2.675
-1.22173 2.6755
-1.08374 0
-1.07692 0
-1.07038 0
-1.06356 0
-1.05702 0
-1.0502 0
-1.04365 0
-1.03683 0
-1.03029 0
-1.02347 0
-1.01693 0
-1.01011 0
-1.00356 0
-0.996747 0
-0.982838 0
-0.976293 0
-0.969749 0
-0.962931 0
-0.956386 0
-0.949568 0
-0.943023 0
-0.936206 0
-0.929661 0
-0.922843 0
-0.916298 0
-0.90948 0
-0.902935 0
-0.896118 0
-0.889572 0
-0.882755 0
-0.87621 0
-0.869665 0
-0.862847 0
-0.856302 0
-0.849484 0
-0.84294 0
-0.836122 0
-0.946841 0.97125
-0.940023 0.971
-0.933206 0.958
-0.926115 0.946
-0.919298 0.9385
-0.912207 0.93
-0.905662 0.92175
-0.898572 0.914
-0.892027 0.91325
-0.769581 0
-0.762763 0
-0.756218 0
-0.749401 0
-0.742856 0
-0.736038 0
-0.729493 0
-0.722676 0
-0.716131 0
-0.709313 0
-0.702768 0
-0.69595 0
-0.689405 0
-0.682587 0
-0.676042 0
-0.669225 0
-0.662679 0
-0.656135 0
-0.649317 0
-0.642772 0
-0.635954 0
-0.732765 0.5975
-0.725948 0.598
-0.71913 0.5935
-0.71204 0.588
-0.705222 0.58225
-0.697859 0.577
-0.691041 0.57175
-0.683951 0.566
-0.677133 0.563
-0.670043 0.559
-0.663225 0.5555
-0.656408 0.551
-0.649317 0.54725
-0.642499 0.543
-0.635409 0.53975
-0.628591 0.536
-0.621501 0.532
-0.614683 0.528
-0.607593 0.524
-0.600775 0.521
-0.593684 0.51825
-0.586867 0.515
-0.579777 0.51075
-0.572959 0.508
-0.565869 0.5055
-0.559051 0.502
-0.552233 0.5025
-0.53778 0.496
-0.530962 0.49325
-0.524144 0.49
-0.517054 0.4875
-0.510236 0.485
-0.503691 0.483
-0.496601 0.48
-0.489783 0.47675
-0.482965 0.475
-0.475875 0.47275
-0.469057 0.47
-0.461967 0.4675
-0.455149 0.465
-0.448604 0.464
-0.441514 0.462
-0.434696 0.45975
-0.427878 0.457
-0.420788 0.45425
-0.414243 0.453
-0.407425 0.4515
-0.400335 0.449
-0.393517 0.447
-0.386699 0.446
-0.379882 0.44275
-0.373064 0.441
-0.366247 0.44025
-0.359429 0.439
-0.352884 0.438
-0.345794 0.436
-0.338976 0.434
-0.332158 0.433
-0.32534 0.43175
-0.318523 0.43
-0.311705 0.42875
-0.304887 0.427
-0.298342 0.426
-0.291525 0.426
-0.28498 0.426
-0.189532 0
-0.182714 0
-0.176169 0
-0.169351 0
-0.162806 0
-0.156262 0
-0.149444 0
-0.142899 0
-0.136354 0
-0.129536 0
-0.122991 0
-0.116446 0
-0.109629 0
-0.103083 0
-0.0962656 0
-0.176169 0.40675
-0.169624 0.407
-0.162806 0.40725
-0.0698131 0
-0.063268 0
-0.0564507 0
-0.0499056 0
-0.0430878 0
-0.0365427 0
-0.0299977 0
-0.0231803 0
-0.0166352 0
-0.0100902 0
-0.00327236 0
-0.125991 2.123
-0.119446 2.123
-0.112628 2.1195
-0.106083 2.117
-0.0992654 2.11425
-0.0927208 2.113
-0.0861757 2.10825
-0.0793579 2.103
-0.0728129 2.0985
-0.065995 2.095
-0.0591777 2.092
-0.0526326 2.089
-0.0458148 2.089
-0.0319069 2.083
-0.0253618 2.08075
-0.0188168 2.079
-0.011999 2.0765
-0.00545437 2.074
0.00136354 2.072
0.00790852 2.069
0.0147262 2.06725
0.0212712 2.067
0.0278162 2.06375
0.0346339 2.062
0.0411789 2.0605
0.0479966 2.06
0.0545415 2.062
0.0613592 2.063
0.0679042 2.06325
0.203713 0
0.210258 0
0.216803 0
0.22362 0
0.230165 0
0.236983 0
0.243528 0
0.120537 2.24275
0.127082 2.243
0.133899 2.2425
0.270253 0
0.276798 0
0.283616 0
0.290161 0
0.296979 0
0.303524 0
0.310341 0
0.189259 1.8155
0.196077 1.816
0.202622 1.82925
0.209167 1.844
0.215984 1.84375
0.350157 0
0.356974 0
0.363519 0
0.370337 0
0.376882 0
0.3837 0
0.390245 0
0.39679 0
0.403607 0
0.280071 2.2875
0.286889 2.287
0.293161 2.3505
0.299978 2.413
0.306523 2.41325
0.443695 0
0.45024 0
0.456785 0
0.463603 0
0.470148 0
0.476966 0
0.483511 0
0.490328 0
0.496873 0
0.3747 2.09525
0.381245 2.095
0.387518 2.0985
0.394335 2.103
0.40088 2.106
0.407698 2.109
0.414243 2.11075
0.421061 2.114
0.427606 2.11825
0.434423 2.123
0.440968 2.1255
0.447513 2.128
0.454331 2.1325
0.460876 2.136
0.467694 2.14125
0.474239 2.146
0.481056 2.15075
0.487601 2.155
0.494419 2.15525
0.506964 2.164
0.513509 2.16825
0.520054 2.174
0.526599 2.1805
0.533144 2.186
0.539689 2.192
0.546234 2.197
0.552778 2.20025
0.559323 2.204
0.565868 2.21175
0.572413 2.22
0.578958 2.228
0.585503 2.236
0.592048 2.241
0.598593 2.246
0.605138 2.25375
0.611683 2.262
0.618228 2.26925
0.624773 2.277
0.631046 2.284
0.637863 2.292
0.644408 2.3
0.650953 2.307
0.657498 2.31575
0.664043 2.326
0.670588 2.33325
0.677133 2.341
0.683405 2.3495
0.68995 2.357
0.696495 2.368
0.703313 2.378
0.709858 2.38875
0.716403 2.399
0.722948 2.39925
0.859847 0
0.735493 2.529
0.742038 2.529
0.748583 2.5395
0.755128 2.55
0.761673 2.55975
0.76849 2.571
0.775035 2.57025
0.91248 0
0.919025 0
0.92557 0
0.796034 6.4735
0.802579 6.473
0.809124 6.513
0.815669 6.552
0.822486 6.5525
