0.835304 6.635
0.983929 0
0.990474 0
0.997292 0
1.00411 0
1.01065 0
1.01747 0
1.02429 0
1.03084 0
1.03765 0
1.04447 0
1.05129 0
1.05783 0
1.06465 0
1.07147 0
1.07801 0
1.08483 0
1.09165 0
1.09847 0
1.10501 0
1.11183 0
1.11865 0
1.12519 0
1.13201 0
1.13883 0
1.14565 0
1.15219 0
1.15901 0
1.16583 0
1.17237 0
1.17919 0
1.18601 0
1.19255 0
1.19937 0
1.20619 0
1.213 0
1.21955 0
1.22637 0
1.23318 0
1.23973 0
1.24655 0
1.25336 0
1.26018 0
1.26673 0
1.27354 0
1.28036 0
1.28691 0
1.29373 0
1.30054 0
1.30736 0
1.31391 0
1.32072 0
1.32754 0
1.33409 0
1.3409 0
1.34772 0
1.35427 0
1.36108 0
1.3679 0
1.37472 0
1.38126 0
1.38808 0
1.3949 0
1.40144 0
1.40826 0
1.41508 0
1.4219 0
1.42844 0
1.43526 0
1.44208 0
1.44862 0
1.45544 0
1.46226 0
1.46908 0
1.47562 0
1.48244 0
1.48926 0
1.4958 0
1.50262 0
1.50944 0
1.51625 0
1.52907 0
1.53562 0
1.54216 0
1.54871 0
1.55525 0
1.56207 0
1.56861 0
1.57516 0
1.5817 0
1.58825 0
1.59507 0
1.60161 0
1.60816 0
1.4838 2.5785
1.49035 2.579
1.49717 2.57425
1.50371 2.571
1.51026 2.57075
1.6477 0
1.65424 0
1.66106 0
1.66761 0
1.67415 0
1.6807 0
1.68724 0
1.69406 0
1.70061 0
1.6897 0.1775
1.69597 0.178
1.7036 0.1765
1.71151 0.175
1.71888 0.17375
1.72597 0.173
1.73333 0.17175
1.74042 0.171
1.74806 0.17
1.75542 0.169
1.76224 0.1685
1.76933 0.168
1.77669 0.16675
1.78324 0.167
1.7906 0.16625
1.79714 0.166
1.80423 0.1655
1.81023 0.166
1.81787 0.165
1.82441 0.165
1.8315 0.16425
1.83832 0.164
1.84541 0.16325
1.85169 0.164
1.85823 0.164
1.86478 0.164
1.87132 0.164
1.87705 0.165
1.88441 0.16425
1.89041 0.165
1.89723 0.16475
1.9035 0.165
1.90923 0.166
1.91604 0.166
1.92313 0.1655
1.92913 0.166
1.93513 0.16675
1.94141 0.167
1.9485 0.16675
1.95422 0.168
1.96022 0.1685
1.9665 0.169
1.97222 0.17
1.97904 0.17
1.98477 0.17125
1.99077 0.172
1.99677 0.17275
2.00304 0.173
2.00904 0.174
2.01504 0.175
2.02104 0.1755
2.02649 0.177
2.03385 0.1765
2.04585 0.179
2.05158 0.1805
2.05731 0.182
2.06276 0.18375
2.06876 0.185
2.07367 0.18775
2.07912 0.19
2.08349 0.1935
2.08894 0.196
2.09549 0.1965
2.13121 0
2.13803 0
2.14457 0
2.15139 0
2.15794 0
2.16475 0
2.1713 0
2.17812 0
2.18493 0
2.19148 0
2.1983 0
2.20484 0
2.21166 0
2.2182 0
2.22502 0
2.23157 0
2.23838 0
2.2452 0
2.25175 0
2.25857 0
2.26511 0
2.27193 0
2.27847 0
2.17103 0.85775
2.17757 0.858
2.18412 0.86075
2.19093 0.864
2.19748 0.8655
2.2043 0.867
2.21084 0.868
2.21766 0.869
2.22393 0.87025
2.23075 0.871
2.23729 0.87125
2.24411 0.873
2.2512 0.868
2.25775 0.862
2.26456 0.867
2.27084 0.872
2.27765 0.87625
2.28393 0.88
2.29047 0.89725
2.29647 0.916
2.30302 0.921
2.30983 0.925
2.31638 0.925
2.3232 0.926
2.32974 0.92875
2.33656 0.931
2.34283 0.93425
2.34965 0.939
2.35592 0.9495
2.36247 0.959
2.36901 0.968
2.37528 0.978
2.38183 0.99125
2.3881 1.004
2.39492 1.00325
2.51955 0
2.52636 0
2.53291 0
2.41155 1.9325
2.41837 1.932
2.42492 1.9165
2.43173 1.901
2.43855 1.88725
2.44537 1.873
2.45191 1.85725
2.45901 1.841
2.46582 1.84125
2.47973 1.817
2.48655 1.8035
2.49309 1.791
2.49964 1.77775
2.50646 1.765
2.51327 1.75225
2.51982 1.741
2.52664 1.729
2.53318 1.717
2.53973 1.705
2.54654 1.694
2.55336 1.68275
2.55991 1.673
2.56645 1.66275
2.57327 1.653
2.58009 1.644
2.58663 1.634
2.59318 1.625
2.6 1.616
2.60654 1.60625
2.61336 1.597
2.62018 1.58825
2.62672 1.58
2.63327 1.5715
2.63981 1.562
2.6469 1.555
2.65345 1.547
2.65999 1.53975
2.66654 1.532
2.67335 1.52475
2.68017 1.517
2.68672 1.5095
2.69326 1.501
2.70008 1.4945
2.70662 1.487
2.71344 1.48025
2.71999 1.474
2.7268 1.46725
2.73335 1.461
2.73989 1.456
2.74671 1.451
2.75353 1.4435
2.76007 1.437
2.76662 1.43025
2.77316 1.424
2.77998 1.41825
2.7868 1.413
2.79334 1.409
2.79989 1.405
2.80643 1.3995
2.81325 1.394
2.82007 1.38975
2.82662 1.385
2.83316 1.37925
2.83971 1.375
2.84652 1.3715
2.85334 1.367
2.85989 1.363
2.86643 1.358
2.87298 1.35325
2.87979 1.349
2.88661 1.34475
2.89316 1.341
2.8997 1.3365
2.90625 1.333
2.91306 1.331
2.91961 1.328
2.92615 1.32325
2.93297 1.319
2.93952 1.31625
2.94633 1.313
2.95288 1.31
2.95942 1.307
2.96597 1.305
2.97251 1.302
2.9796 1.29875
2.98615 1.295
2.99269 1.29275
2.99924 1.29
3.00606 1.29025
3.01996 1.285
3.02651 1.28425
-3.12741 0
-3.12059 0
-3.11405 0
3.06851 0.673
3.07505 0.673
3.08187 0.6725
3.08841 0.671
3.0955 0.66925
3.10205 0.668
3.10887 0.66675
3.11541 0.665
3.1225 0.6635
3.12905 0.663
3.13587 0.662
-3.14077 0.661
-3.13396 0.65925
-3.12714 0.657
-3.12059 0.65475
-3.1135 0.653
-3.10723 0.654
-3.10041 0.655
-3.09387 0.6555
-3.08705 0.656
-3.08023 0.65275
-3.07342 0.651
-3.06687 0.65075
-3.06005 0.65
-3.05351 0.6495
-3.04669 0.65
-3.04015 0.65
-3.0336 0.649
-3.02678 0.64925
-3.02024 0.649
-3.01315 0.64725
-3.0066 0.646
-2.99978 0.645
-2.99324 0.644
-2.98642 0.645
-2.97988 0.647
-2.97306 0.64575
-2.96651 0.646
-2.9597 0.64525
-2.95315 0.645
-2.94633 0.6445
-2.93979 0.645
-2.93297 0.6445
-2.92643 0.645
-2.91988 0.64575
-2.91306 0.647
-2.90652 0.64775
-2.89997 0.649
-2.89343 0.6485
-2.88634 0.647
-2.87979 0.6465
-2.87298 0.646
-2.86643 0.64725
-2.85961 0.648
-2.85334 0.64925
-2.84652 0.65
-2.83998 0.65
-2.83316 0.65
-2.82662 0.651
-2.82007 0.651
-2.81325 0.65125
-2.80671 0.653
-2.80016 0.65425
-2.79362 0.655
-2.7868 0.657
-2.78025 0.658
-2.77344 0.658
-2.66026 0
-2.76716 0.83925
-2.76062 0.84
-2.7538 0.83475
-2.74698 0.83
-2.74017 0.825
-2.73335 0.821
-2.72653 0.8205
-2.71371 0.813
-2.70717 0.80975
-2.70035 0.806
-2.69353 0.8025
-2.68672 0.799
-2.6799 0.795
-2.67335 0.792
-2.66626 0.78875
-2.65972 0.786
-2.65263 0.78225
-2.64608 0.779
-2.63927 0.776
-2.63245 0.773
-2.62536 0.7675
-2.61881 0.761
-2.61172 0.75925
-2.60518 0.757
-2.59863 0.75625
-2.59181 0.756
-2.58527 0.7585
-2.57872 0.761
-2.57218 0.7625
-2.56536 0.763
-2.55882 0.76425
-2.552 0.765
-2.54545 0.76575
-2.53864 0.768
-2.53236 0.769
-2.52555 0.771
-2.519 0.7725
-2.51218 0.775
-2.50564 0.77475
-2.49909 0.775
-2.49228 0.77375
-2.48573 0.772
-2.47891 0.7715
-2.47237 0.772
-2.46555 0.7725
-2.45901 0.774
-2.45219 0.77475
-2.44592 0.777
-2.4391 0.77775
-2.43255 0.78
-2.42573 0.7815
-2.41919 0.783
-2.41264 0.786
-2.4061 0.788
-2.39928 0.79125
-2.39301 0.794
-2.38647 0.79525
-2.37965 0.798
-2.37337 0.802
-2.36656 0.807
-2.36029 0.814
-2.35374 0.822
-2.3472 0.82125
-2.2272 0
-2.22066 0
-2.21384 0
-2.33274 1.55025
-2.32592 1.551
-2.31965 1.56
-2.31283 1.568
-2.30629 1.576
-2.29974 1.584
-2.2932 1.59125
-2.28665 1.6
-2.27984 1.60975
-2.27329 1.62
-2.26675 1.629
-2.2602 1.638
-2.25338 1.648
-2.24711 1.657
-2.24029 1.66675
-2.23375 1.677
-2.22693 1.68525
-2.22066 1.694
-2.21384 1.7055
-2.2073 1.716
-2.20048 1.7165
-2.18766 1.681
-2.18139 1.69775
-2.17484 1.715
-2.1683 1.732
-2.16175 1.748
-2.15494 1.7615
-2.14866 1.774
-2.14185 1.78725
-2.1353 1.8
-2.12876 1.81425
-2.12221 1.83
-2.11539 1.8435
-2.10912 1.857
-2.1023 1.872
-2.09576 1.888
-2.08921 1.90325
-2.08267 1.919
-2.07612 1.93575
-2.06958 1.952
-2.06303 1.9695
-2.05622 1.986
-2.04994 2.005
-2.04313 2.023
-2.03658 2.04175
-2.03004 2.06
-2.02349 2.08075
-2.01695 2.101
-2.0104 2.1215
-2.00358 2.141
-1.99731 2.1635
-1.99049 2.187
-1.98395 2.20725
-1.97768 2.229
-1.97086 2.25325
-1.96431 2.279
-1.95777 2.329
-1.9515 2.38
-1.94468 2.4055
-1.93841 2.432
-1.93159 2.46075
-1.92504 2.491
-1.9185 2.52175
-1.91195 2.553
-1.90541 2.5835
-1.89886 2.615
-1.89205 2.6495
-1.88577 2.684
-1.87896 2.71775
-1.87241 2.753
-1.86614 2.78975
-1.85932 2.828
-1.85305 2.8645
-1.84623 2.902
-1.83969 2.889
-1.83287 2.875
-1.82632 2.86575
-1.81923 2.857
-1.81269 2.84825
-1.80587 2.841
-1.79933 2.7845
-1.79224 2.727
-1.78569 2.727
-1.64743 0
-1.64088 0
-1.63434 0
-1.62752 0
-1.62097 0
-1.61416 0
-1.60761 0
-1.60079 0
-1.59425 0
-1.58743 0
-1.58089 0
-1.57407 0
-1.56752 0
-1.69106 2.39775
-1.68452 2.398
-1.6777 2.39725
-1.5408 0
-1.53398 0
-1.65124 2.703
-1.6447 2.6995
-1.63816 2.696
-1.63134 2.69225
-1.62479 2.689
-1.61797 2.68525
-1.61143 2.683
-1.60488 2.6815
-1.59807 2.681
-1.59152 2.6765
-1.5847 2.671
-1.57789 2.66775
-1.57134 2.664
-1.56452 2.66225
-1.55798 2.661
-1.55116 2.6585
-1.54462 2.656
-1.53807 2.6535
-1.53125 2.65
-1.52471 2.64775
-1.51789 2.646
-1.51135 2.64275
-1.5048 2.64
-1.49798 2.636
-1.49144 2.633
-1.48462 2.632
-1.47808 2.631
-1.47153 2.63025
-1.46471 2.631
-1.45817 2.62875
-1.45135 2.626
-1.44481 2.655
-1.43853 2.683
-1.43172 2.6835
-1.29373 0
-1.28691 0
-1.28036 0
-1.27382 0
-1.267 0
-1.26046 0
-1.25364 0
-1.24709 0
-1.24027 0
-1.23373 0
-1.22718 0
-1.22037 0
-1.21382 0
-1.207 0
-1.20046 0
-1.19391 0
-1.1871 0
-1.18055 0
-1.17373 0
-1.16719 0
-1.16064 0
-1.15383 0
-1.14728 0
-1.14046 0
-1.13392 0
-1.12737 0
-1.12056 0
-1.11401 0
-1.10719 0
-1.10065 0
-1.0941 0
-1.08729 0
-1.08074 0
-1.07392 0
-1.06738 0
-1.06083 0
-1.05402 0
-1.04747 0
-1.04065 0
-1.03411 0
-1.02756 0
-1.02075 0
-1.0142 0
-1.00738 0
-1.00084 0
-0.994019 0
-0.979566 0
-0.973021 0
-0.966476 0
-0.959658 0
-0.953113 0
-0.946296 0
-0.93975 0
-0.933206 0
-0.926388 0
-0.919843 0
-0.913025 0
-0.906481 0
-0.899936 0
-1.00847 0.895
-1.00193 0.895
-0.99511 0.89525
-0.87321 0
-0.866665 0
-0.859847 0
-0.968931 0.90725
-0.962113 0.907
-0.956113 0.9215
-0.949841 0.937
-0.943296 0.9515
-0.937296 0.967
-0.930206 0.95525
-0.923388 0.945
-0.91657 0.93625
-0.90948 0.927
-0.902935 0.921
-0.895845 0.914
-0.8893 0.9145
-0.766854 0
-0.760036 0
-0.753491 0
-0.746674 0
-0.740129 0
-0.733584 0
-0.726766 0
-0.852757 3.09375
-0.845939 3.094
-0.839394 3.09425
-0.700041 0
-0.693496 0
-0.686951 0
-0.680133 0
-0.673588 0
-0.66677 0
-0.660225 0
-0.65368 0
-0.646863 0
-0.640318 0
-0.6335 0
-0.730311 0.5955
-0.723766 0.596
-0.716676 0.5905
-0.709858 0.586
-0.702495 0.58075
-0.695677 0.576
-0.68886 0.56975
-0.681496 0.565
-0.674679 0.561
-0.667589 0.557
-0.661043 0.554
-0.654226 0.55
-0.647136 0.54575
-0.640318 0.542
-0.632954 0.53775
-0.626137 0.534
-0.619319 0.5305
-0.612229 0.527
-0.605411 0.5235
-0.598321 0.52
-0.591503 0.51625
-0.584958 0.514
-0.577595 0.50975
-0.570777 0.507
-0.563687 0.5035
-0.557142 0.501
-0.550052 0.5005
-0.535871 0.495
-0.529053 0.4925
-0.522235 0.49
-0.515145 0.48675
-0.508327 0.484
-0.501237 0.48125
-0.494419 0.479
-0.487602 0.4765
-0.480784 0.474
-0.473966 0.4715
-0.466875 0.47
-0.460058 0.46725
-0.45324 0.465
-0.446422 0.46325
-0.439605 0.461
-0.432514 0.4595
-0.425697 0.457
-0.418879 0.4545
-0.411789 0.452
-0.405244 0.45025
-0.398153 0.449
-0.391335 0.44675
-0.384518 0.444
-0.3777 0.4425
-0.370882 0.44
-0.363792 0.439
-0.357247 0.438
-0.350429 0.43575
-0.343612 0.435
-0.336794 0.43325
-0.329704 0.432
-0.323159 0.431
-0.316341 0.429
-0.309523 0.428
-0.302706 0.426
-0.295888 0.42625
-0.289343 0.426
-0.282525 0.42525
-0.187077 0
-0.180532 0
-0.173715 0
-0.16717 0
-0.160352 0
-0.153807 0
-0.147262 0
-0.140445 0
-0.1339 0
-0.127082 0
-0.120537 0
-0.113992 0
-0.107174 0
-0.186805 0.4045
-0.179987 0.405
-0.173442 0.405
-0.0807217 0
-0.0739039 0
-0.0673588 0
-0.060541 0
-0.0539959 0
-0.0474513 0
-0.0406335 0
-0.0340884 0
-0.0272706 0
-0.0207256 0
-0.014181 0
-0.00736314 0
-0.000818078 0
-0.123264 2.12125
-0.116719 2.121
-0.110174 2.11775
-0.103356 2.116
-0.0968111 2.1125
-0.0899933 2.11
-0.0834487 2.106
-0.0769036 2.102
-0.0698131 2.09825
-0.063268 2.095
-0.0564507 2.09075
-0.0499056 2.087
-0.0430878 2.08675
-0.0291799 2.084
-0.0226348 2.08125
-0.0160897 2.08
-0.00927192 2.078
-0.00272686 2.076
0.00381791 2.0745
0.0106356 2.073
0.0171806 2.07025
0.0239983 2.068
0.0305433 2.06325
0.0370882 2.06
0.0439059 2.06
0.0504509 2.059
0.0572686 2.069
0.0638136 2.078
0.0703586 2.07775
0.206167 0
0.212712 0
0.21953 0
0.226075 0
0.23262 0
0.239437 0
0.245982 0
0.2528 0
0.259345 0
0.26589 0
0.272708 0
0.279253 0
0.285798 0
0.292615 0
0.29916 0
0.178624 1.77125
0.185169 1.771
0.191714 1.8065
0.198258 1.843
0.204803 1.843
0.339248 0
0.218712 1.74275
0.225257 1.743
0.232074 1.74325
0.365701 0
0.372519 0
0.379064 0
0.385609 0
0.392426 0
0.269163 2.231
0.27598 2.231
0.282525 2.267
0.288797 2.302
0.295615 2.30125
0.432242 0
0.439059 0
0.445604 0
0.452149 0
0.458967 0
0.465512 0
0.472057 0
0.478875 0
0.48542 0
0.363247 2.08875
0.369792 2.089
0.376337 2.0915
0.383154 2.095
0.389699 2.098
0.396244 2.102
0.402789 2.10625
0.409334 2.111
0.416152 2.11475
0.422697 2.118
0.429515 2.121
0.43606 2.124
0.442605 2.1265
0.449422 2.129
0.455967 2.13425
0.462785 2.141
0.46933 2.14425
0.475875 2.149
0.482693 2.152
0.488965 2.156
0.496055 2.1555
0.508327 2.167
0.514872 2.17225
0.52169 2.178
0.528235 2.184
0.535052 2.189
0.541597 2.194
0.548415 2.2
0.555233 2.20625
0.561778 2.212
0.568323 2.21675
0.574868 2.223
0.581686 2.2305
0.58823 2.239
0.595048 2.2455
0.601866 2.251
0.608411 2.25925
0.615229 2.268
0.621774 2.27375
0.628591 2.28
0.634863 2.288
0.641681 2.296
0.648499 2.3045
0.655044 2.312
0.661862 2.31975
0.668407 2.329
0.675224 2.33775
0.681769 2.347
0.688314 2.355
0.695132 2.363
0.701677 2.3745
0.708495 2.386
0.71504 2.38525
0.852212 0
0.72813 2.42475
0.734947 2.425
0.741765 2.4815
0.748037 2.538
0.754855 2.5495
0.7614 2.56
0.768218 2.56925
0.774763 2.58
0.78158 2.57925
0.919298 0
0.925843 0
0.93266 0
0.803124 6.4995
0.809942 6.5
0.81676 6.4995
