0.974112 0
0.98802 0
0.994565 0
1.00111 0
1.00793 0
1.01447 0
1.02129 0
1.02784 0
1.03465 0
1.0412 0
1.04774 0
1.05456 0
1.06111 0
1.06792 0
1.07447 0
1.08129 0
1.08783 0
1.09438 0
1.10119 0
1.10774 0
1.11456 0
1.1211 0
1.12792 0
1.13446 0
1.14101 0
1.14783 0
1.15437 0
1.16119 0
1.16773 0
1.17455 0
1.1811 0
1.18764 0
1.19446 0
1.201 0
1.20782 0
1.21437 0
1.22119 0
1.22773 0
1.23427 0
1.24109 0
1.24764 0
1.25446 0
1.261 0
1.26782 0
1.27436 0
1.28091 0
1.28773 0
1.29427 0
1.30109 0
1.30763 0
1.31445 0
1.321 0
1.32754 0
1.33436 0
1.3409 0
1.34772 0
1.35427 0
1.36108 0
1.36763 0
1.37417 0
1.38099 0
1.38754 0
1.39435 0
1.4009 0
1.40772 0
1.41426 0
1.42081 0
1.42762 0
1.43417 0
1.44099 0
1.44753 0
1.45435 0
1.4609 0
1.46744 0
1.47426 0
1.4808 0
1.48762 0
1.49417 0
1.50098 0
1.50753 0
1.51435 0
1.52689 0
1.52171 0.1695
1.52825 0.17
1.53698 0.16725
1.54462 0.166
1.55252 0.16425
1.56043 0.163
1.56861 0.1615
1.57543 0.161
1.58307 0.16
1.5907 0.159
1.59807 0.15825
1.60488 0.158
1.61307 0.15625
1.62016 0.156
1.6267 0.156
1.63406 0.155
1.64115 0.1545
1.64852 0.154
1.65506 0.15425
1.66188 0.154
1.66979 0.15275
1.67606 0.153
1.68288 0.153
1.68942 0.153
1.69679 0.1525
1.70415 0.152
1.71124 0.15125
1.71751 0.152
1.7246 0.15125
1.73088 0.152
1.73715 0.1525
1.74424 0.152
1.75051 0.1525
1.75651 0.153
1.76415 0.15225
1.76987 0.153
1.77615 0.15375
1.78269 0.154
1.78924 0.154
1.79605 0.154
1.80151 0.155
1.80832 0.155
1.81542 0.15475
1.82114 0.156
1.82741 0.15675
1.83369 0.157
1.83969 0.158
1.84623 0.158
1.85223 0.159
1.85905 0.159
1.86559 0.15875
1.87132 0.16
1.87732 0.16075
1.88305 0.162
1.88986 0.162
1.89559 0.163
1.90214 0.1635
1.90732 0.165
1.91277 0.16675
1.9185 0.168
1.9245 0.16875
1.9305 0.17
1.93568 0.172
1.94086 0.174
1.94713 0.1745
1.96922 0
1.97604 0
1.98258 0
1.9894 0
1.99595 0
2.00277 0
2.00931 0
2.01613 0
2.02295 0
2.02949 0
2.03631 0
2.04285 0
2.04967 0
2.05649 0
2.06931 0
2.07585 0
2.0824 0
2.08894 0
2.09576 0
2.1023 0
2.10885 0
2.11567 0
2.12221 0
2.12876 0
2.1353 0
2.14212 0
2.14866 0
2.15521 0
2.16203 0
2.09194 0.34425
2.09849 0.344
2.1053 0.342
2.11267 0.339
2.11948 0.3375
2.12603 0.337
2.13312 0.33675
2.13966 0.336
2.14621 0.33575
2.15275 0.336
2.15984 0.3355
2.16612 0.336
2.17294 0.3355
2.17948 0.336
2.1863 0.33525
2.19257 0.336
2.19939 0.33625
2.20593 0.336
2.21248 0.3365
2.21875 0.337
2.22584 0.3365
2.23211 0.337
2.23866 0.33725
2.24548 0.338
2.25175 0.33875
2.25829 0.339
2.26456 0.34
2.27138 0.341
2.27765 0.3415
2.28393 0.343
2.29074 0.34325
2.29702 0.345
2.30356 0.34575
2.30983 0.347
2.31638 0.3475
2.32265 0.349
2.3292 0.3495
2.33574 0.351
2.34201 0.35225
2.34856 0.353
2.3551 0.35475
2.36138 0.356
2.36765 0.3575
2.37419 0.358
2.38074 0.3585
2.38701 0.36
2.39356 0.36125
2.4001 0.363
2.40637 0.36325
2.41265 0.365
2.41919 0.3655
2.42573 0.367
2.43201 0.3685
2.43828 0.37
2.4451 0.37125
2.45137 0.372
2.45791 0.37225
2.46419 0.374
2.47073 0.3755
2.47728 0.376
2.48355 0.377
2.49009 0.379
2.49637 0.38075
2.50291 0.382
2.50973 0.38225
2.52173 0.385
2.528 0.38625
2.53482 0.388
2.54136 0.3895
2.54764 0.391
2.55391 0.394
2.56045 0.396
2.56672 0.39875
2.57327 0.401
2.57981 0.40375
2.58581 0.407
2.59209 0.4105
2.59863 0.414
2.60463 0.4175
2.61118 0.42
2.61745 0.42325
2.62345 0.428
2.62999 0.43225
2.63627 0.436
2.64226 0.441
2.64854 0.445
2.65508 0.448
2.66135 0.452
2.66763 0.45625
2.67417 0.46
2.68044 0.46225
2.68672 0.466
2.69326 0.4695
2.69953 0.473
2.70581 0.479
2.71208 0.485
2.71726 0.49875
2.72299 0.512
2.72871 0.52675
2.73417 0.541
2.73989 0.5545
2.74589 0.567
2.75189 0.5765
2.75789 0.586
2.76389 0.60075
2.76962 0.617
2.77726 0.60025
2.78516 0.583
2.79171 0.5835
2.90106 0
2.90788 0
2.91443 0
2.92124 0
2.92806 0
2.86698 0.3005
2.87379 0.301
2.88061 0.30025
2.88743 0.3
2.89425 0.29975
2.90106 0.3
2.90761 0.2995
2.91443 0.299
2.92152 0.2985
2.92779 0.299
2.93488 0.29825
2.94143 0.299
2.94824 0.29875
2.95479 0.299
2.96161 0.2995
2.96815 0.299
2.97497 0.299
2.98179 0.299
2.98833 0.29975
2.99515 0.3
3.00197 0.29975
3.00851 0.3
3.01533 0.2995
3.02215 0.3
3.02869 0.3
3.03551 0.3
3.04233 0.29975
3.04887 0.299
3.05596 0.29875
3.06251 0.3
3.06933 0.29925
3.08296 0.302
3.08951 0.30125
3.09605 0.302
3.1026 0.302
3.10887 0.303
3.11541 0.3025
3.12196 0.303
3.1285 0.30275
3.13505 0.304
-3.14159 0.30375
-3.13505 0.304
-3.12878 0.305
-3.12223 0.305
-3.11569 0.305
-3.10941 0.306
-3.10232 0.30575
-3.09605 0.306
-3.08951 0.30675
-3.08323 0.308
-3.07669 0.308
-3.07042 0.309
-3.06414 0.3105
-3.0576 0.311
-3.05105 0.31125
-3.04478 0.312
-3.03824 0.31225
-3.03169 0.313
-3.02515 0.313
-3.01887 0.314
-3.01233 0.3145
-3.00578 0.315
-2.99951 0.31575
-2.99297 0.316
-2.98642 0.31575
-2.98015 0.317
-2.9736 0.318
-2.96706 0.319
-2.96106 0.321
-2.95479 0.322
-2.94824 0.32275
-2.94197 0.324
-2.93543 0.32425
-2.92943 0.326
-2.92288 0.327
-2.91606 0.327
-2.90952 0.327
-2.90325 0.328
-2.8967 0.32825
-2.8907 0.33
-2.88416 0.33025
-2.87788 0.332
-2.87107 0.3325
-2.86479 0.334
-2.85907 0.337
-2.8528 0.339
-2.84598 0.33775
-2.83943 0.337
-2.83289 0.33825
-2.82662 0.34
-2.82007 0.3405
-2.8138 0.342
-2.80725 0.3425
-2.80098 0.344
-2.79471 0.34575
-2.78871 0.348
-2.78189 0.34825
-2.77562 0.35
-2.76935 0.3515
-2.76307 0.353
-2.75707 0.3555
-2.75108 0.359
-2.74426 0.35825
-2.73744 0.358
-2.73117 0.35975
-2.7249 0.361
-2.71835 0.3615
-2.71208 0.362
-2.70608 0.365
-2.69981 0.367
-2.69299 0.3675
-2.67963 0.371
-2.67335 0.37225
-2.66681 0.374
-2.66054 0.376
-2.65399 0.378
-2.64772 0.3805
-2.64117 0.382
-2.6349 0.38325
-2.62836 0.386
-2.62208 0.38675
-2.61554 0.389
-2.60927 0.3915
-2.60299 0.394
-2.59645 0.396
-2.59018 0.398
-2.58363 0.40075
-2.57763 0.404
-2.57082 0.40425
-2.47809 0
-2.47128 0
-2.46473 0
-2.55773 0.542
-2.55118 0.542
-2.54491 0.5495
-2.53836 0.556
-2.53236 0.56375
-2.52609 0.573
-2.52009 0.58125
-2.51409 0.591
-2.50755 0.5915
-2.39765 0
-2.3911 0
-2.38428 0
-2.37774 0
-2.37092 0
-2.48791 1.3885
-2.48137 1.388
-2.47482 1.39375
-2.46828 1.399
-2.46146 1.40475
-2.45491 1.41
-2.4481 1.4155
-2.44182 1.421
-2.43501 1.4275
-2.42846 1.433
-2.42164 1.43925
-2.4151 1.445
-2.40855 1.45025
-2.40174 1.457
-2.39519 1.466
-2.38865 1.474
-2.3821 1.4795
-2.37528 1.485
-2.36874 1.49275
-2.36219 1.5
-2.35565 1.50725
-2.34883 1.515
-2.34201 1.5225
-2.33574 1.529
-2.32892 1.5365
-2.32238 1.545
-2.31556 1.55325
-2.30929 1.563
-2.30247 1.57075
-2.29593 1.58
-2.28938 1.5895
-2.28284 1.598
-2.27602 1.606
-2.2692 1.615
-2.26293 1.62625
-2.25611 1.637
-2.24957 1.64675
-2.24302 1.658
-2.23648 1.6675
-2.22966 1.678
-2.22311 1.6895
-2.21657 1.7
-2.21002 1.71075
-2.20321 1.722
-2.19639 1.72175
-2.18275 1.788
-2.17593 1.76325
-2.16939 1.738
-2.16257 1.7465
-2.15603 1.755
-2.14975 1.769
-2.14294 1.784
-2.13639 1.79775
-2.13012 1.812
-2.1233 1.82575
-2.11676 1.841
-2.11048 1.855
-2.10367 1.869
-2.09712 1.8885
-2.09085 1.907
-2.08403 1.92225
-2.07749 1.938
-2.07121 1.95375
-2.0644 1.97
-2.05785 1.9895
-2.05158 2.008
-2.04504 2.046
-2.03849 2.084
-2.03194 2.08475
-2.02513 2.085
-2.01885 2.10575
-2.01231 2.128
-2.00549 2.1495
-1.99922 2.172
-1.99268 2.1945
-1.98613 2.218
-1.97959 2.24275
-1.97304 2.267
-1.9665 2.30925
-1.96022 2.353
-1.95368 2.389
-1.94713 2.426
-1.94059 2.455
-1.93404 2.483
-1.9275 2.51025
-1.92095 2.539
-1.91414 2.57225
-1.90786 2.605
-1.90132 2.6395
-1.89477 2.675
-1.88823 2.7115
-1.88168 2.749
-1.87514 2.78625
-1.86859 2.824
-1.86232 2.86425
-1.8555 2.904
-1.84896 2.89
-1.84241 2.875
-1.8356 2.869
-1.82905 2.864
-1.82223 2.85625
-1.81542 2.848
-1.80887 2.84025
-1.80233 2.832
-1.79551 2.8315
-1.65724 0
-1.6507 0
-1.64388 0
-1.63734 0
-1.63079 0
-1.62397 0
-1.61743 0
-1.61088 0
-1.60407 0
-1.59752 0
-1.59098 0
-1.71451 2.4135
-1.70797 2.413
-1.70142 2.40725
-1.69461 2.403
-1.68806 2.40325
-1.55116 0
-1.67579 2.71
-1.66924 2.71
-1.66243 2.71
-1.64988 2.703
-1.64334 2.6985
-1.63679 2.694
-1.62997 2.69125
-1.62343 2.69
-1.61661 2.68625
-1.61007 2.684
-1.60352 2.6805
-1.5967 2.677
-1.59016 2.6735
-1.58334 2.67
-1.57652 2.66725
-1.56998 2.666
-1.56316 2.66275
-1.55662 2.661
-1.5498 2.657
-1.54325 2.653
-1.53671 2.653
-1.52989 2.652
-1.52335 2.64875
-1.51653 2.645
-1.50998 2.64325
-1.50344 2.643
-1.49662 2.641
-1.49007 2.638
-1.48326 2.639
-1.47671 2.639
-1.47017 2.63925
-1.46335 2.641
-1.4568 2.64925
-1.44999 2.659
-1.44344 2.6595
-1.30572 0
-1.29891 0
-1.29236 0
-1.28554 0
-1.279 0
-1.27245 0
-1.26564 0
-1.25909 0
-1.25227 0
-1.24573 0
-1.23891 0
-1.23237 0
-1.22582 0
-1.219 0
-1.21246 0
-1.20564 0
-1.1991 0
-1.19255 0
-1.18573 0
-1.17919 0
-1.17237 0
-1.16583 0
-1.15928 0
-1.15246 0
-1.14592 0
-1.1391 0
-1.13255 0
-1.12601 0
-1.11919 0
-1.24409 2.69
-1.23728 2.69
-1.23073 2.68975
-1.09274 0
-1.08592 0
-1.07938 0
-1.07256 0
-1.06601 0
-1.05947 0
-1.05265 0
-1.04611 0
-1.03929 0
-1.03274 0
-1.0262 0
-1.01938 0
-1.01284 0
-1.00602 0
-0.999474 0
-0.992656 0
-0.980111 0
-0.973566 0
-0.966749 0
-0.960204 0
-0.953386 0
-0.946841 0
-0.940023 0
-1.05674 1.3375
-1.04992 1.337
-1.04338 1.33725
-0.913298 0
-0.906753 0
-0.899936 0
-0.89339 0
-0.886573 0
-0.880028 0
-0.87321 0
-0.866392 0
-0.859847 0
-0.85303 0
-0.846484 0
-0.839667 0
-0.833122 0
-0.826304 0
-0.819759 0
-0.812942 0
-0.806397 0
-0.799579 0
-0.793034 0
-0.863393 0.34725
-0.85712 0.348
-0.849212 0.3425
-0.841303 0.336
-0.83394 0.3315
-0.826304 0.328
-0.820577 0.33225
-0.814851 0.337
-0.808578 0.33875
-0.802033 0.34
-0.795488 0.3405
-0.712585 0
-0.783762 0.349
-0.776944 0.349
-0.770399 0.34925
-0.68586 0
-0.679315 0
-0.672497 0
-0.665952 0
-0.659135 0
-0.652317 0
-0.645772 0
-0.638954 0
-0.632409 0
-0.625592 0
-0.619047 0
-0.716131 0.60725
-0.709585 0.607
-0.702495 0.602
-0.695677 0.598
-0.688587 0.5925
-0.681769 0.588
-0.674679 0.58325
-0.667861 0.58
-0.660771 0.57475
-0.65368 0.571
-0.646863 0.568
-0.639772 0.564
-0.632954 0.5605
-0.625864 0.556
-0.619047 0.55275
-0.611956 0.549
-0.605411 0.54575
-0.598321 0.542
-0.591503 0.539
-0.584412 0.536
-0.577595 0.5325
-0.570504 0.529
-0.563687 0.52575
-0.556597 0.523
-0.549779 0.52275
-0.535053 0.517
-0.528508 0.514
-0.52169 0.512
-0.5146 0.50925
-0.507782 0.506
-0.500964 0.50275
-0.494146 0.501
-0.487329 0.499
-0.480511 0.496
-0.47342 0.494
-0.466875 0.492
-0.460058 0.48975
-0.452967 0.487
-0.44615 0.48425
-0.439332 0.482
-0.432514 0.481
-0.425697 0.479
-0.418606 0.4765
-0.412062 0.475
-0.405244 0.47325
-0.398426 0.471
-0.391608 0.46825
-0.384518 0.465
-0.3777 0.465
-0.371155 0.464
-0.364337 0.4615
-0.357247 0.46
-0.350702 0.45875
-0.343884 0.457
-0.337066 0.45575
-0.330249 0.454
-0.323431 0.452
-0.316613 0.451
-0.310068 0.4515
-0.303251 0.452
-0.296979 0.45225
-0.198531 0
-0.191714 0
-0.185169 0
-0.178623 0
-0.171806 0
-0.165261 0
-0.158716 0
-0.151898 0
-0.145353 0
-0.138808 0
-0.131991 0
-0.125446 0
-0.118628 0
-0.201258 0.42925
-0.194713 0.43
-0.187896 0.43
-0.0921753 0
-0.0856302 0
-0.0788124 0
-0.0722674 0
-0.0657228 0
-0.0589049 0
-0.0523599 0
-0.0458148 0
-0.038997 0
-0.149717 0.971
-0.143172 0.971
-0.136627 0.98025
-0.130081 0.99
-0.123264 0.98175
-0.116446 0.973
-0.109629 0.9655
-0.102811 0.957
-0.0962656 0.9565
-0.089721 0.957
-0.0829032 0.95875
-0.0763581 0.96
-0.0698131 0.95625
-0.062723 0.952
-0.0561779 0.952
0.0670861 0
0.0739038 0
0.0804488 0
0.0872665 0
0.101447 0
0.107992 0
0.114537 0
0.121355 0
0.1279 0
0.134445 0
0.141263 0
0.147808 0
0.154353 0
0.0845394 0.34375
0.0910844 0.344
0.0979021 0.344
0.104447 0.344
0.110719 0.3445
0.11781 0.344
0.124082 0.34525
0.130354 0.346
0.137172 0.34725
0.143444 0.348
0.149717 0.349
0.156534 0.35
0.162806 0.3515
0.169079 0.354
0.175351 0.35525
0.181623 0.358
0.187623 0.36175
0.193622 0.366
0.199349 0.37
0.205622 0.375
0.212167 0.375
0.300797 0
0.17726 2.34625
0.183805 2.347
0.19035 2.41725
0.196622 2.488
0.203167 2.4885
0.340612 0
0.215439 2.832
0.221984 2.832
0.228802 2.83125
0.367065 0
0.244892 2.08275
0.251437 2.083
0.257981 2.0835
0.264799 2.083
0.271344 2.0835
0.277889 2.085
0.284707 2.08675
0.291252 2.088
0.297797 2.09025
0.304614 2.092
0.311159 2.0955
0.317704 2.099
0.324249 2.102
0.330794 2.104
0.337612 2.10825
0.344157 2.112
0.350702 2.11475
0.35752 2.118
0.364065 2.12
0.370882 2.123
0.377427 2.1245
0.383972 2.126
0.39079 2.12925
0.397335 2.133
0.40388 2.13775
0.410698 2.142
0.417243 2.1465
0.423788 2.151
0.430605 2.1535
0.436878 2.157
0.443695 2.16125
0.45024 2.167
0.456785 2.17225
0.463603 2.178
0.470148 2.185
0.476693 2.191
0.483511 2.1955
0.490056 2.2
0.496873 2.2
0.511054 2.21
0.517599 2.216
0.523871 2.223
0.530416 2.22725
0.536961 2.231
0.543506 2.23775
0.550324 2.244
0.556869 2.2505
0.563414 2.258
0.569959 2.2645
0.576504 2.271
0.583049 2.27725
0.589594 2.284
0.596139 2.29275
0.602684 2.301
0.609229 2.3065
0.615774 2.312
0.622319 2.3195
0.629137 2.328
0.635682 2.33625
0.642227 2.346
0.648499 2.35425
0.655044 2.363
0.661589 2.373
0.668407 2.382
0.674952 2.3915
0.681497 2.402
0.688042 2.41225
0.694314 2.422
0.700859 2.43225
0.707676 2.442
0.713949 2.4995
0.720494 2.557
0.727039 2.5665
0.733584 2.576
0.739856 2.59775
0.746674 2.621
0.753219 2.62025
0.890936 0
0.897481 0
0.904026 0
0.789216 1.1945
0.796034 1.194
0.802306 1.2045
0.808851 1.216
0.815396 1.21575
0.943569 0
0.950386 0
