0.971385 0
0.983929 0
0.990474 0
0.997019 0
1.00384 0
1.01038 0
1.0172 0
1.02374 0
1.03029 0
1.03711 0
1.04365 0
1.05047 0
1.05702 0
1.06383 0
1.07038 0
1.07692 0
1.08374 0
1.09029 0
1.0971 0
1.10365 0
1.11019 0
1.11701 0
1.12356 0
1.13037 0
1.13692 0
1.14374 0
1.15028 0
1.15683 0
1.16364 0
1.17019 0
1.17701 0
1.18355 0
1.1901 0
1.19691 0
1.20346 0
1.21028 0
1.21682 0
1.22364 0
1.23018 0
1.23673 0
1.24355 0
1.25009 0
1.25691 0
1.26345 0
1.27 0
1.27682 0
1.28336 0
1.29018 0
1.29673 0
1.30354 0
1.31009 0
1.31663 0
1.32345 0
1.33 0
1.33681 0
1.34336 0
1.3499 0
1.35672 0
1.36327 0
1.37008 0
1.37663 0
1.38345 0
1.38999 0
1.39654 0
1.40335 0
1.4099 0
1.41672 0
1.42326 0
1.42981 0
1.43662 0
1.44317 0
1.44999 0
1.45653 0
1.46335 0
1.46989 0
1.47644 0
1.48326 0
1.4898 0
1.49662 0
1.50316 0
1.50998 0
1.5228 0
1.51653 0.171
1.52307 0.171
1.53125 0.16925
1.53889 0.168
1.54653 0.16675
1.55443 0.165
1.56262 0.1635
1.57025 0.162
1.57734 0.1615
1.58525 0.16
1.59289 0.15875
1.60052 0.158
1.60761 0.15725
1.6147 0.157
1.62207 0.156
1.62861 0.156
1.63597 0.155
1.64252 0.155
1.64961 0.15475
1.65697 0.154
1.66488 0.15275
1.67115 0.153
1.6777 0.153
1.68452 0.153
1.69106 0.153
1.69788 0.153
1.70524 0.15225
1.71233 0.152
1.71915 0.15175
1.72542 0.152
1.73169 0.1525
1.73769 0.153
1.74451 0.153
1.75106 0.153
1.7576 0.15325
1.76442 0.153
1.77178 0.15225
1.77778 0.153
1.78433 0.153
1.79033 0.154
1.79687 0.154
1.80369 0.154
1.80942 0.15475
1.81569 0.155
1.82223 0.15575
1.82851 0.156
1.8345 0.157
1.84105 0.157
1.84732 0.1575
1.85359 0.158
1.85932 0.15875
1.86505 0.16
1.87159 0.16025
1.87759 0.161
1.88386 0.1615
1.88932 0.163
1.89559 0.1635
1.90077 0.165
1.90677 0.16625
1.9125 0.167
1.9185 0.16825
1.9245 0.169
1.92968 0.171
1.93568 0.172
1.94113 0.1735
1.94604 0.176
1.95068 0.17875
1.95586 0.181
1.9624 0.18125
1.98913 0
1.99567 0
2.00222 0
2.00904 0
2.01558 0
2.0224 0
2.02895 0
2.03576 0
2.04231 0
2.04913 0
2.06303 0
2.06958 0
2.07612 0
2.08294 0
2.08949 0
2.09603 0
2.10285 0
2.10939 0
2.11594 0
2.12276 0
2.1293 0
2.13612 0
2.14266 0
2.14921 0
2.15603 0
2.16257 0
2.16912 0
2.17593 0
2.18248 0
2.18902 0
2.19584 0
2.12848 0.32925
2.13503 0.33
2.14212 0.3285
2.14894 0.326
2.15603 0.3255
2.16257 0.325
2.16912 0.32475
2.17593 0.325
2.18275 0.32425
2.1893 0.325
2.19584 0.3255
2.20239 0.325
2.20948 0.3245
2.21602 0.324
2.22257 0.32375
2.22939 0.324
2.23593 0.32425
2.2422 0.325
2.24902 0.325
2.25557 0.325
2.26238 0.325
2.26866 0.326
2.2752 0.32625
2.28202 0.327
2.28829 0.32775
2.29484 0.328
2.30138 0.329
2.30765 0.33
2.31392 0.3315
2.32074 0.332
2.32701 0.33325
2.33383 0.334
2.3401 0.33475
2.34638 0.336
2.35319 0.3365
2.35947 0.338
2.36574 0.3395
2.37228 0.34
2.37883 0.34025
2.38537 0.342
2.39165 0.34325
2.39819 0.344
2.40474 0.345
2.41101 0.347
2.41728 0.3485
2.42383 0.349
2.43037 0.35025
2.43664 0.351
2.44319 0.35225
2.44973 0.353
2.45628 0.3545
2.46282 0.355
2.4691 0.3565
2.47564 0.357
2.48219 0.35825
2.48818 0.361
2.495 0.36075
2.50128 0.362
2.50837 0.36125
2.52146 0.365
2.52773 0.36675
2.53427 0.368
2.54054 0.3695
2.54709 0.371
2.55336 0.372
2.55963 0.374
2.56618 0.37575
2.57245 0.377
2.579 0.37875
2.58527 0.381
2.59154 0.384
2.59781 0.386
2.60436 0.388
2.61036 0.391
2.61663 0.39325
2.6229 0.397
2.6289 0.39975
2.6349 0.404
2.64145 0.407
2.64745 0.411
2.65345 0.4145
2.65945 0.419
2.66599 0.42225
2.67199 0.427
2.67799 0.43175
2.68426 0.436
2.69026 0.44
2.69653 0.444
2.70281 0.4475
2.70908 0.451
2.71535 0.45425
2.72162 0.458
2.7279 0.46175
2.73417 0.465
2.73989 0.4755
2.74535 0.487
2.75053 0.503
2.75598 0.519
2.76117 0.53625
2.76662 0.553
2.77207 0.56575
2.77807 0.578
2.78462 0.5785
2.89343 0
2.90025 0
2.90679 0
2.80943 0.6055
2.81625 0.605
2.8228 0.60425
2.93324 0
2.94006 0
2.94661 0
2.95315 0
2.95997 0
2.96651 0
2.97306 0
2.97988 0
2.98642 0
2.91115 0.37475
2.9177 0.375
2.92452 0.3735
2.93133 0.372
2.93815 0.3705
2.94524 0.369
2.95206 0.36725
2.95888 0.366
2.9657 0.36575
2.97224 0.365
2.97906 0.3635
2.98615 0.362
2.99297 0.3605
2.99978 0.359
3.00688 0.35775
3.01369 0.356
3.02051 0.35375
3.0276 0.352
3.03415 0.3525
3.04069 0.353
3.04751 0.353
3.06169 0.351
3.06851 0.35
3.07505 0.349
3.08187 0.34975
3.08841 0.35
3.0955 0.34775
3.1026 0.345
3.10941 0.343
3.1165 0.342
3.12332 0.341
3.13014 0.341
3.13668 0.34025
-3.13996 0.341
-3.13341 0.34175
-3.12687 0.342
-3.12005 0.3415
-3.11323 0.34
-3.10641 0.3395
-3.09932 0.338
-3.09251 0.33575
-3.08514 0.334
-3.07887 0.33475
-3.07232 0.335
-3.06523 0.334
-3.05869 0.334
-3.05187 0.333
-3.04533 0.333
-3.03851 0.33275
-3.03196 0.333
-3.02515 0.33175
-3.01833 0.332
-3.01178 0.3315
-3.00497 0.331
-2.99842 0.3315
-2.9916 0.331
-2.98479 0.33025
-2.97824 0.33
-2.97142 0.32875
-2.96433 0.328
-2.95779 0.3285
-2.95124 0.329
-2.9447 0.329
-2.93788 0.329
-2.93106 0.32825
-2.92479 0.329
-2.9177 0.32825
-2.91143 0.329
-2.90461 0.3295
-2.89834 0.331
-2.89179 0.331
-2.88497 0.33
-2.87816 0.32875
-2.87134 0.329
-2.86479 0.32925
-2.85825 0.329
-2.85116 0.3285
-2.84489 0.329
-2.83807 0.329
-2.83152 0.329
-2.82498 0.32875
-2.81843 0.33
-2.81162 0.32925
-2.80507 0.33
-2.79853 0.331
-2.79198 0.331
-2.78544 0.332
-2.77916 0.333
-2.7718 0.33125
-2.76526 0.331
-2.75871 0.33075
-2.75217 0.332
-2.74589 0.333
-2.73908 0.333
-2.73253 0.3335
-2.72599 0.334
-2.71917 0.33375
-2.71262 0.334
-2.70608 0.33475
-2.69981 0.336
-2.69299 0.33575
-2.68044 0.338
-2.6739 0.33775
-2.66763 0.339
-2.66081 0.339
-2.65454 0.34
-2.64772 0.341
-2.64145 0.342
-2.63463 0.34175
-2.62836 0.343
-2.62154 0.34325
-2.61527 0.345
-2.60845 0.345
-2.60218 0.346
-2.59536 0.3465
-2.58909 0.348
-2.58227 0.34825
-2.576 0.349
-2.56918 0.35025
-2.56318 0.352
-2.55636 0.3525
-2.55009 0.354
-2.54327 0.3545
-2.45819 0
-2.45137 0
-2.44482 0
-2.43801 0
-2.43146 0
-2.42464 0
-2.4181 0
-2.41128 0
-2.40474 0
-2.39792 0
-2.39137 0
-2.38456 0
-2.37801 0
-2.495 1.38275
-2.48846 1.383
-2.48164 1.38825
-2.47537 1.394
-2.46855 1.4
-2.462 1.406
-2.45519 1.412
-2.44864 1.417
-2.4421 1.42125
-2.43555 1.427
-2.42873 1.43225
-2.42219 1.439
-2.41564 1.4455
-2.4091 1.453
-2.40228 1.4595
-2.39574 1.465
-2.38919 1.47075
-2.38265 1.478
-2.37583 1.48525
-2.36928 1.494
-2.36274 1.5005
-2.35619 1.506
-2.34938 1.5135
-2.34283 1.522
-2.33629 1.52975
-2.32974 1.539
-2.32292 1.54725
-2.31638 1.557
-2.30983 1.5655
-2.30329 1.573
-2.29647 1.582
-2.2902 1.59
-2.28338 1.59975
-2.27684 1.609
-2.27002 1.61875
-2.26375 1.628
-2.25693 1.6385
-2.25038 1.648
-2.24384 1.6575
-2.23729 1.667
-2.23048 1.67725
-2.22393 1.689
-2.21739 1.70075
-2.21084 1.712
-2.20402 1.71225
-2.19148 1.695
-2.18493 1.71475
-2.17866 1.734
-2.17184 1.739
-2.1653 1.744
-2.15848 1.757
-2.15221 1.77
-2.14539 1.78425
-2.13885 1.798
-2.13257 1.81275
-2.12576 1.828
-2.11921 1.843
-2.11267 1.858
-2.10612 1.8715
-2.0993 1.886
-2.09303 1.90275
-2.08621 1.921
-2.07967 1.93725
-2.0734 1.954
-2.06658 1.974
-2.06031 1.994
-2.05349 2.0125
-2.04694 2.03
-2.0404 2.04775
-2.03385 2.066
-2.02704 2.08575
-2.02076 2.105
-2.01422 2.127
-2.0074 2.15
-2.00113 2.173
-1.99431 2.196
-1.98804 2.21925
-1.98122 2.242
-1.97468 2.26875
-1.96813 2.296
-1.96159 2.347
-1.95531 2.397
-1.94877 2.4245
-1.94222 2.453
-1.93541 2.48425
-1.92913 2.515
-1.92232 2.54575
-1.91577 2.577
-1.90923 2.6105
-1.90268 2.644
-1.89641 2.6765
-1.88959 2.708
-1.88305 2.74825
-1.8765 2.789
-1.86996 2.81175
-1.86314 2.835
-1.85659 2.8585
-1.85005 2.881
-1.8435 2.873
-1.83696 2.866
-1.82987 2.86025
-1.82332 2.854
-1.81651 2.84675
-1.80996 2.839
-1.80314 2.8395
-1.66488 0
-1.78869 2.472
-1.78214 2.472
-1.7756 2.47175
-1.63816 0
-1.63161 0
-1.62479 0
-1.61825 0
-1.61143 0
-1.60488 0
-1.59807 0
-1.72188 2.42025
-1.71533 2.421
-1.70851 2.414
-1.70197 2.407
-1.69515 2.4065
-1.55825 0
-1.68288 2.71525
-1.67633 2.715
-1.66952 2.71525
-1.65561 2.701
-1.64906 2.69875
-1.64252 2.698
-1.6357 2.6935
-1.62916 2.69
-1.62261 2.689
-1.61579 2.689
-1.60925 2.68425
-1.6027 2.68
-1.59589 2.67775
-1.58934 2.676
-1.5828 2.6735
-1.57598 2.671
-1.56916 2.667
-1.56262 2.663
-1.5558 2.65875
-1.54925 2.656
-1.54271 2.65375
-1.53589 2.652
-1.52934 2.6505
-1.5228 2.65
-1.51598 2.6465
-1.50944 2.644
-1.50289 2.64125
-1.49607 2.639
-1.48953 2.63625
-1.48298 2.635
-1.47617 2.637
-1.46962 2.64
-1.46308 2.64
-1.32509 0
-1.31854 0
-1.312 0
-1.30518 0
-1.29863 0
-1.29209 0
-1.28527 0
-1.27873 0
-1.27218 0
-1.26536 0
-1.25882 0
-1.252 0
-1.24546 0
-1.23891 0
-1.23209 0
-1.22555 0
-1.219 0
-1.21219 0
-1.20564 0
-1.1991 0
-1.19228 0
-1.18573 0
-1.17919 0
-1.17237 0
-1.16583 0
-1.15928 0
-1.15246 0
-1.14592 0
-1.13937 0
-1.13255 0
-1.12601 0
-1.25091 2.69125
-1.24409 2.692
-1.23755 2.68975
-1.231 2.687
-1.22418 2.6875
-1.08619 0
-1.07965 0
-1.07283 0
-1.06629 0
-1.05974 0
-1.05292 0
-1.04638 0
-1.03983 0
-1.03302 0
-1.02647 0
-1.01993 0
-1.01311 0
-1.00656 0
-0.999747 0
-0.985565 0
-0.97902 0
-0.972476 0
-0.965658 0
-0.959113 0
-0.952295 0
-0.94575 0
-0.938933 0
-0.932388 0
-0.92557 0
-0.919025 0
-0.912207 0
-0.905662 0
-0.899117 0
-0.892299 0
-0.885754 0
-0.878937 0
-0.872392 0
-0.865574 0
-0.859029 0
-0.852212 0
-0.845667 0
-0.838849 0
-0.832304 0
-0.825759 0
-0.818941 0
-0.812396 0
-0.805579 0
-0.799033 0
-0.792216 0
-0.785671 0
-0.854393 0.3375
-0.847848 0.337
-0.840758 0.33625
-0.758945 0
-0.752401 0
-0.745583 0
-0.815123 0.34125
-0.808306 0.341
-0.802033 0.3415
-0.795488 0.343
-0.788125 0.339
-0.780217 0.334
-0.773672 0.33375
-0.692132 0
-0.685587 0
-0.679042 0
-0.672224 0
-0.665679 0
-0.658862 0
-0.652317 0
-0.645499 0
-0.638954 0
-0.632137 0
-0.625592 0
-0.618774 0
-0.612229 0
-0.709313 0.60325
-0.702495 0.603
-0.695677 0.598
-0.688587 0.594
-0.681769 0.589
-0.674679 0.584
-0.667861 0.57975
-0.660771 0.575
-0.653953 0.57125
-0.646863 0.567
-0.640045 0.564
-0.633227 0.56
-0.626137 0.5555
-0.619319 0.552
-0.612229 0.54775
-0.605411 0.545
-0.598594 0.54225
-0.591776 0.539
-0.584685 0.5355
-0.577868 0.532
-0.570777 0.529
-0.563959 0.526
-0.557142 0.526
-0.542415 0.52
-0.535598 0.517
-0.529053 0.514
-0.521962 0.51125
-0.515145 0.509
-0.508055 0.50625
-0.501509 0.504
-0.494692 0.501
-0.487602 0.498
-0.480784 0.4955
-0.473693 0.494
-0.466875 0.49125
-0.460331 0.489
-0.45324 0.48675
-0.446422 0.484
-0.439605 0.4825
-0.432787 0.48
-0.425969 0.478
-0.418879 0.476
-0.412062 0.47375
-0.405244 0.472
-0.398699 0.47125
-0.391881 0.47
-0.384791 0.468
-0.377973 0.465
-0.371155 0.4635
-0.364337 0.462
-0.35752 0.45975
-0.350702 0.459
-0.343884 0.45675
-0.337066 0.455
-0.330249 0.454
-0.323431 0.452
-0.316613 0.4515
-0.310068 0.45
-0.303251 0.45175
-0.296979 0.453
-0.290434 0.45225
-0.191714 0
-0.185169 0
-0.178351 0
-0.171806 0
-0.164988 0
-0.158443 0
-0.151898 0
-0.14508 0
-0.138535 0
-0.131718 0
-0.125173 0
-0.118628 0
-0.11181 0
-0.105265 0
-0.0984476 0
-0.0919026 0
-0.0853575 0
-0.0785397 0
-0.0719946 0
-0.0651773 0
-0.0586322 0
-0.0520871 0
-0.0452693 0
-0.155716 0.9555
-0.148898 0.956
-0.142626 0.9725
-0.136354 0.989
-0.129536 0.98175
-0.122719 0.974
-0.115628 0.96575
-0.109083 0.959
-0.102538 0.9545
-0.0954478 0.951
-0.0889028 0.947
-0.082085 0.943
-0.0752671 0.94225
-0.0687226 0.942
-0.0619047 0.94175
0.0610865 0
0.0679042 0
0.0744492 0
0.0812669 0
0.095175 0
0.10172 0
0.108265 0
0.115083 0
0.121628 0
0.0509963 0.34625
0.057814 0.346
0.0646317 0.3455
0.0711767 0.345
0.0782671 0.344
0.0848121 0.344
0.0913571 0.34425
0.0981748 0.344
0.10472 0.34425
0.110992 0.345
0.11781 0.345
0.124082 0.346
0.130627 0.3465
0.137172 0.348
0.143444 0.34925
0.149717 0.351
0.156534 0.35175
0.162534 0.354
0.168806 0.3555
0.175351 0.358
0.181351 0.3615
0.18735 0.364
0.19335 0.36925
0.199077 0.374
0.205894 0.37325
0.294252 0
0.300797 0
0.307342 0
0.314159 0
0.320704 0
0.327249 0
0.334067 0
0.340612 0
0.347157 0
0.353975 0
0.36052 0
0.238347 2.0825
0.244892 2.083
0.251437 2.083
0.258254 2.083
0.264799 2.08525
0.271344 2.089
0.278162 2.08775
0.284707 2.088
0.291252 2.0895
0.29807 2.092
0.304614 2.094
0.311159 2.096
0.317704 2.09975
0.324249 2.104
0.330794 2.10625
0.337612 2.109
0.344157 2.1125
0.350702 2.116
0.35752 2.1165
0.364065 2.118
0.37061 2.12025
0.377427 2.123
0.383972 2.12525
0.390517 2.129
0.397335 2.135
0.40388 2.14
0.410425 2.143
0.417243 2.147
0.423788 2.15075
0.430333 2.155
0.436878 2.15875
0.443423 2.162
0.449968 2.168
0.456785 2.173
0.46333 2.1785
0.469875 2.183
0.476693 2.18875
0.483238 2.196
0.490056 2.19525
0.5026 2.203
0.509145 2.21025
0.51569 2.217
0.522235 2.222
0.529053 2.227
0.535598 2.2325
0.542416 2.238
0.548961 2.24425
0.555778 2.251
0.562323 2.25675
0.569141 2.262
0.575959 2.2665
0.582504 2.272
0.589049 2.282
0.595594 2.292
0.602411 2.29875
0.608956 2.307
0.615774 2.31475
0.622319 2.323
0.629137 2.3315
0.635954 2.339
0.642499 2.3465
0.649044 2.354
0.655589 2.36375
0.662407 2.373
0.668952 2.38325
0.67577 2.394
0.682315 2.4015
0.689132 2.409
0.695405 2.4425
0.702222 2.477
0.708767 2.51175
0.715312 2.546
0.72213 2.55775
0.728675 2.569
0.735493 2.579
0.741765 2.59
0.748583 2.5895
0.8863 0
0.893118 0
0.899935 0
0.78458 1.22125
0.791398 1.221
0.797943 1.22725
0.80476 1.234
0.811305 1.226
0.818396 1.218
0.824941 1.218
0.953386 0
0.960204 0
