0.966749 0
0.858757 1.221
0.865301 1.2215
0.871846 1.222
0.878664 1.22325
0.885209 1.226
0.892027 1.22375
0.898572 1.222
0.90539 1.222
1.03383 0
1.04038 0
1.0472 0
1.05374 0
1.06056 0
1.06711 0
1.07392 0
1.08047 0
1.08701 0
1.09383 0
1.10038 0
1.10719 0
1.11374 0
1.12056 0
1.1271 0
1.13365 0
1.14046 0
1.14701 0
1.15383 0
1.16037 0
1.16719 0
1.17373 0
1.18028 0
1.1871 0
1.19364 0
1.20046 0
1.207 0
1.21382 0
1.22037 0
1.22691 0
1.23373 0
1.24027 0
1.24709 0
1.25364 0
1.26046 0
1.267 0
1.27354 0
1.28036 0
1.28691 0
1.29373 0
1.30027 0
1.30709 0
1.31363 0
1.32018 0
1.327 0
1.33354 0
1.34036 0
1.3469 0
1.35372 0
1.36027 0
1.36681 0
1.37363 0
1.38017 0
1.38699 0
1.39354 0
1.40035 0
1.4069 0
1.41344 0
1.42026 0
1.42681 0
1.43362 0
1.44017 0
1.44699 0
1.45353 0
1.46008 0
1.46689 0
1.47344 0
1.48026 0
1.4868 0
1.49362 0
1.50016 0
1.50698 0
1.52116 0
1.52771 0
1.53425 0
1.54107 0
1.54762 0
1.55443 0
1.56098 0
1.5678 0
1.57434 0
1.58116 0
1.5877 0
1.59452 0
1.60107 0
1.47671 2.5785
1.48353 2.579
1.49007 2.57475
1.49689 2.571
1.50344 2.56725
1.51026 2.564
1.5168 2.564
1.65452 0
1.66106 0
1.66788 0
1.67443 0
1.68097 0
1.68779 0
1.69433 0
1.68261 0.179
1.68915 0.179
1.69733 0.17725
1.7047 0.176
1.71315 0.17375
1.72024 0.173
1.72815 0.1715
1.73497 0.171
1.74151 0.171
1.74915 0.17
1.75651 0.16875
1.76415 0.168
1.77069 0.16775
1.77805 0.167
1.7846 0.167
1.79224 0.166
1.79878 0.166
1.8056 0.166
1.81323 0.16475
1.81951 0.165
1.82687 0.16425
1.83287 0.165
1.83969 0.165
1.84623 0.165
1.85305 0.165
1.85959 0.165
1.86696 0.16425
1.87296 0.165
1.88032 0.16425
1.88632 0.165
1.89259 0.1655
1.89968 0.165
1.90623 0.165
1.91304 0.165
1.91959 0.16525
1.92559 0.166
1.93213 0.16625
1.93813 0.167
1.94413 0.168
1.95095 0.168
1.95695 0.1685
1.96322 0.169
1.96949 0.16975
1.97577 0.17
1.98204 0.17075
1.98831 0.171
1.99404 0.1725
2.00031 0.173
2.00631 0.174
2.01286 0.174
2.01886 0.17525
2.02485 0.176
2.0314 0.17625
2.04449 0.178
2.04967 0.18
2.0554 0.181
2.06194 0.18175
2.06685 0.184
2.07285 0.18525
2.07776 0.188
2.08267 0.1905
2.08758 0.194
2.09385 0.1945
2.12876 0
2.1353 0
2.14185 0
2.14866 0
2.15521 0
2.16203 0
2.16857 0
2.17512 0
2.18193 0
2.18848 0
2.1953 0
2.20184 0
2.20839 0
2.2152 0
2.22175 0
2.22857 0
2.23511 0
2.24166 0
2.24847 0
2.25502 0
2.26184 0
2.26838 0
2.27493 0
2.16584 0.91925
2.17239 0.919
2.17921 0.91575
2.18575 0.914
2.1923 0.9155
2.19911 0.918
2.20566 0.9175
2.21248 0.916
2.21875 0.93025
2.22502 0.945
2.23157 0.94475
2.23811 0.946
2.2452 0.9425
2.25175 0.94
2.25857 0.939
2.26511 0.939
2.27166 0.93925
2.27847 0.941
2.28502 0.94125
2.29156 0.943
2.29811 0.947
2.30465 0.951
2.3112 0.9565
2.31774 0.961
2.32429 0.96675
2.33083 0.974
2.33711 0.98275
2.34365 0.993
2.34965 1.018
2.35592 1.043
2.36247 1.0425
2.48791 0
2.49473 0
2.50128 0
2.37937 2.00825
2.38592 2.008
2.39274 1.99075
2.39955 1.974
2.4061 1.9575
2.41319 1.941
2.41974 1.926
2.42628 1.91
2.43337 1.89525
2.43992 1.88
2.44673 1.86525
2.45355 1.851
2.46037 1.85075
2.47291 1.826
2.47946 1.81175
2.48628 1.798
2.49309 1.7845
2.49964 1.771
2.50673 1.7605
2.51327 1.749
2.52009 1.73525
2.52691 1.723
2.53345 1.71125
2.54027 1.701
2.54709 1.689
2.55391 1.678
2.56045 1.668
2.56727 1.657
2.57409 1.64775
2.58091 1.638
2.58745 1.62825
2.59427 1.619
2.60109 1.609
2.60763 1.6
2.61445 1.5915
2.62127 1.584
2.62808 1.57525
2.63463 1.568
2.64145 1.55875
2.64826 1.55
2.65481 1.5435
2.66163 1.536
2.66817 1.528
2.67526 1.519
2.68181 1.51125
2.68863 1.503
2.69544 1.49675
2.70226 1.49
2.70881 1.4835
2.71535 1.478
2.72244 1.4705
2.72899 1.463
2.7358 1.45725
2.74235 1.453
2.74917 1.44625
2.75598 1.44
2.7628 1.433
2.76935 1.426
2.77589 1.4215
2.78298 1.416
2.78953 1.41175
2.79634 1.407
2.80289 1.40175
2.80971 1.396
2.81652 1.391
2.82334 1.385
2.82989 1.3805
2.83643 1.376
2.84325 1.37175
2.8498 1.369
2.85689 1.36325
2.86343 1.359
2.87025 1.3545
2.87679 1.351
2.88361 1.347
2.89043 1.344
2.89697 1.33975
2.90379 1.337
2.91034 1.33325
2.91715 1.329
2.9237 1.325
2.93079 1.321
2.93733 1.3175
2.94415 1.314
2.9507 1.31125
2.95724 1.308
2.96406 1.30475
2.9706 1.302
2.9777 1.2985
2.98424 1.296
2.99106 1.2935
2.9976 1.291
3.00442 1.291
3.01697 1.286
3.02351 1.2835
3.03006 1.28
3.03715 1.27775
3.04369 1.275
3.05051 1.27225
3.05705 1.271
3.06387 1.2695
3.07042 1.267
3.07723 1.264
3.08378 1.262
3.0906 1.25975
3.09741 1.258
3.10423 1.25575
3.11078 1.253
3.11759 1.253
3.12414 1.252
3.13096 1.252
-3.02351 0
-3.13559 1.04325
-3.12905 1.043
-3.12223 1.04325
-3.11569 1.043
-3.10859 1.036
-3.10205 1.03
-3.09523 1.0305
-3.08869 1.032
-3.08214 1.03075
-3.07532 1.031
-3.06851 1.02725
-3.06169 1.025
-3.05514 1.0225
-3.04833 1.019
-3.04178 1.0195
-3.03496 1.019
-3.02842 1.02275
-3.0216 1.026
-3.01506 1.02075
-3.00797 1.015
-3.00142 1.014
-2.9946 1.013
-2.98833 1.0175
-2.98151 1.022
-2.97497 1.01675
-2.96788 1.012
-2.96133 1.01275
-2.95452 1.013
-2.94797 1.0145
-2.94143 1.017
-2.93488 1.016
-2.92779 1.014
-2.92124 1.01225
-2.91443 1.011
-2.90788 1.01075
-2.90134 1.012
-2.89452 1.0115
-2.88797 1.012
-2.88116 1.0125
-2.87461 1.012
-2.86807 1.01925
-2.86152 1.027
-2.8547 1.02675
-2.7298 0
-2.84516 1.2445
-2.83861 1.245
-2.8318 1.247
-2.82525 1.248
-2.81843 1.24975
-2.81189 1.251
-2.80507 1.25175
-2.79853 1.254
-2.79171 1.2555
-2.78516 1.257
-2.77835 1.257
-2.64963 0
-2.7628 1.10375
-2.75626 1.104
-2.74917 1.09175
-2.74235 1.079
-2.73553 1.07925
-2.72108 1.061
-2.71426 1.05175
-2.70771 1.044
-2.70062 1.036
-2.69381 1.028
-2.68699 1.018
-2.68017 1.008
-2.67335 0.99625
-2.66626 0.984
-2.65972 0.98275
-2.6529 0.981
-2.64636 0.9795
-2.63954 0.978
-2.63272 0.9765
-2.62617 0.975
-2.61936 0.97375
-2.61281 0.973
-2.60599 0.97175
-2.59945 0.971
-2.5929 0.97
-2.58609 0.97
-2.57954 0.969
-2.57272 0.969
-2.56618 0.96825
-2.55936 0.968
-2.55254 0.96575
-2.546 0.965
-2.53945 0.966
-2.53291 0.966
-2.52609 0.967
-2.51955 0.968
-2.513 0.96825
-2.50618 0.97
-2.49964 0.97175
-2.49282 0.974
-2.48655 0.978
-2.47973 0.981
-2.47319 0.9845
-2.46664 0.987
-2.4601 0.99725
-2.45382 1.009
-2.44728 1.02225
-2.44101 1.036
-2.43446 1.0355
-2.30902 0
-2.4271 1.4525
-2.42028 1.452
-2.41374 1.45925
-2.40692 1.466
-2.40065 1.47125
-2.3941 1.478
-2.38728 1.4835
-2.38074 1.49
-2.37392 1.498
-2.36765 1.505
-2.3611 1.51175
-2.35429 1.518
-2.34774 1.52575
-2.3412 1.533
-2.33465 1.541
-2.32783 1.548
-2.32129 1.5555
-2.31502 1.564
-2.3082 1.57225
-2.30165 1.581
-2.29484 1.58825
-2.28856 1.597
-2.28202 1.606
-2.2752 1.616
-2.26893 1.626
-2.26211 1.635
-2.25557 1.64425
-2.24875 1.655
-2.24248 1.66525
-2.23593 1.675
-2.22911 1.684
-2.22284 1.694
-2.21602 1.7045
-2.20948 1.715
-2.20266 1.715
-2.18821 1.684
-2.18193 1.714
-2.17566 1.743
-2.16884 1.74525
-2.1623 1.749
-2.15548 1.76075
-2.14921 1.772
-2.14239 1.785
-2.13585 1.798
-2.12957 1.812
-2.12276 1.827
-2.11621 1.84125
-2.10967 1.856
-2.10312 1.87025
-2.0963 1.886
-2.09003 1.9015
-2.08349 1.918
-2.07667 1.9335
-2.0704 1.95
-2.06358 1.96675
-2.05703 1.985
-2.05049 2.00325
-2.04394 2.023
-2.0374 2.041
-2.03085 2.059
-2.02431 2.079
-2.01776 2.1
-2.01122 2.11875
-2.0044 2.139
-1.99813 2.16125
-1.99158 2.183
-1.98477 2.205
-1.97849 2.227
-1.97168 2.2515
-1.96513 2.277
-1.95859 2.32725
-1.95231 2.378
-1.94577 2.40525
-1.93922 2.434
-1.93268 2.4605
-1.92586 2.488
-1.91959 2.516
-1.91277 2.545
-1.90623 2.57875
-1.89995 2.612
-1.89314 2.64575
-1.88686 2.68
-1.88005 2.7155
-1.8735 2.75
-1.86696 2.788
-1.86041 2.826
-1.85414 2.86375
-1.84732 2.902
-1.84078 2.88875
-1.83396 2.877
-1.82741 2.87
-1.82032 2.862
-1.81378 2.8525
-1.80723 2.844
-1.80042 2.80275
-1.7936 2.762
-1.78678 2.76175
-1.64879 0
-1.64197 0
-1.63543 0
-1.62888 0
-1.62207 0
-1.61552 0
-1.6087 0
-1.60216 0
-1.59534 0
-1.5888 0
-1.58225 0
-1.70579 2.4045
-1.69924 2.404
-1.69242 2.398
-1.68588 2.392
-1.67906 2.39125
-1.54216 0
-1.53534 0
-1.65261 2.703
-1.64606 2.6995
-1.63952 2.696
-1.6327 2.69075
-1.62616 2.687
-1.61934 2.68575
-1.61279 2.686
-1.60625 2.6835
-1.59943 2.681
-1.59289 2.6775
-1.58607 2.674
-1.57952 2.66925
-1.57271 2.666
-1.56589 2.66125
-1.55934 2.658
-1.55252 2.6555
-1.54598 2.653
-1.53943 2.6515
-1.53262 2.649
-1.52607 2.64625
-1.51925 2.643
-1.51271 2.63925
-1.50616 2.637
-1.49935 2.6375
-1.4928 2.637
-1.48598 2.634
-1.47944 2.63
-1.47289 2.63025
-1.46608 2.632
-1.45953 2.64525
-1.45271 2.66
-1.44644 2.6745
-1.4399 2.688
-1.43308 2.688
-1.29509 0
-1.28827 0
-1.28173 0
-1.27518 0
-1.26836 0
-1.26182 0
-1.255 0
-1.24846 0
-1.24164 0
-1.23509 0
-1.22855 0
-1.22173 0
-1.21519 0
-1.20837 0
-1.20182 0
-1.19528 0
-1.18846 0
-1.18192 0
-1.1751 0
-1.16855 0
-1.16201 0
-1.15519 0
-1.14864 0
-1.14183 0
-1.13528 0
-1.12874 0
-1.12192 0
-1.24682 2.67175
-1.24 2.672
-1.23346 2.67475
-1.22691 2.677
-1.22009 2.677
-1.0821 0
-1.07529 0
-1.06874 0
-1.0622 0
-1.05538 0
-1.04883 0
-1.04202 0
-1.03547 0
-1.02893 0
-1.02211 0
-1.01556 0
-1.00875 0
-1.0022 0
-0.995383 0
-0.981202 0
-0.974657 0
-0.96784 0
-0.961294 0
-0.954477 0
-0.947932 0
-0.941114 0
-0.934569 0
-0.927751 0
-0.921207 0
-0.914389 0
-0.907844 0
-0.901026 0
-0.894481 0
-0.887664 0
-0.881119 0
-0.874301 0
-0.867756 0
-0.860938 0
-0.970021 0.90925
-0.963204 0.909
-0.956659 0.909
-0.834213 0
-0.94466 0.9645
-0.937842 0.965
-0.931297 0.95425
-0.924207 0.945
-0.917116 0.93425
-0.910298 0.924
-0.903481 0.924
-0.780762 0
-0.773944 0
-0.7674 0
-0.760582 0
-0.754037 0
-0.747219 0
-0.740674 0
-0.733856 0
-0.727311 0
-0.85303 3.1045
-0.846484 3.104
-0.839667 3.10325
-0.700586 0
-0.693768 0
-0.687223 0
-0.680406 0
-0.673861 0
-0.667043 0
-0.660498 0
-0.65368 0
-0.647136 0
-0.640318 0
-0.633773 0
-0.730038 0.59425
-0.723493 0.595
-0.716403 0.59
-0.709313 0.585
-0.702495 0.58
-0.695405 0.575
-0.688587 0.56975
-0.681224 0.565
-0.674406 0.56075
-0.667589 0.558
-0.660771 0.554
-0.653408 0.549
-0.64659 0.545
-0.639499 0.541
-0.632682 0.53725
-0.625592 0.534
-0.618774 0.53075
-0.611683 0.527
-0.604866 0.5235
-0.597775 0.52
-0.590957 0.517
-0.583867 0.513
-0.57705 0.51025
-0.569959 0.507
-0.563414 0.50425
-0.556324 0.501
-0.549506 0.50125
-0.536416 0.495
-0.529599 0.4915
-0.522508 0.489
-0.51569 0.48675
-0.5086 0.484
-0.501509 0.48075
-0.494692 0.479
-0.487874 0.477
-0.480784 0.474
-0.473966 0.4715
-0.466875 0.469
-0.459785 0.46725
-0.452967 0.465
-0.445877 0.46225
-0.438787 0.46
-0.432242 0.4585
-0.425151 0.456
-0.418061 0.4535
-0.411243 0.452
-0.404425 0.45075
-0.397335 0.449
-0.39079 0.44775
-0.3837 0.446
-0.376609 0.4435
-0.369792 0.44
-0.362701 0.4385
-0.355883 0.438
-0.349066 0.43675
-0.342248 0.435
-0.335158 0.43375
-0.32834 0.432
-0.32125 0.43
-0.314432 0.429
-0.307614 0.427
-0.300524 0.425
-0.293979 0.42575
-0.287434 0.426
-0.280343 0.42525
-0.184896 0
-0.178351 0
-0.171533 0
-0.164988 0
-0.158171 0
-0.151353 0
-0.144808 0
-0.13799 0
-0.131172 0
-0.124627 0
-0.11781 0
-0.110992 0
-0.104447 0
-0.183805 0.405
-0.176987 0.405
-0.170442 0.405
-0.0774492 0
-0.0706313 0
-0.0640863 0
-0.0572684 0
-0.0504511 0
-0.043906 0
-0.0370882 0
-0.0302704 0
-0.0237253 0
-0.016908 0
-0.0100902 0
-0.00354511 0
0.00327249 0
-0.119173 2.12375
-0.112628 2.124
-0.10581 2.12025
-0.0989931 2.116
-0.0924481 2.1125
-0.0856302 2.108
-0.0788124 2.104
-0.0722674 2.101
-0.0651773 2.09675
-0.0583594 2.092
-0.0518144 2.08825
-0.0449966 2.084
-0.0381792 2.08425
-0.0253618 2.081
-0.0188168 2.08125
-0.0122717 2.081
-0.00545437 2.0775
0.00109083 2.074
0.00763582 2.0725
0.0144535 2.072
0.0209985 2.06975
0.0275435 2.067
0.0343612 2.06475
0.0409062 2.063
0.0474511 2.0615
0.0542688 2.059
0.0608138 2.0585
0.19635 0
0.203167 0
0.209712 0
0.216257 0
0.223075 0
0.22962 0
0.236165 0
0.242983 0
0.249528 0
0.256073 0
0.26289 0
0.269435 0
0.27598 0
0.282798 0
0.289343 0
0.295888 0
0.302706 0
0.309251 0
0.315796 0
0.194986 1.84725
0.201531 1.848
0.208076 1.84725
0.342521 0
0.221984 1.7595
0.228529 1.76
0.235347 1.7595
0.368974 0
0.375791 0
0.382336 0
0.388881 0
0.395699 0
0.272435 2.24525
0.27898 2.246
0.285798 2.27725
0.29207 2.308
0.298615 2.308
0.435514 0
0.442059 0
0.448604 0
0.455422 0
0.461967 0
0.468512 0
0.47533 0
0.481874 0
0.488419 0
0.366246 2.09
0.372791 2.09
0.379336 2.09325
0.386154 2.097
0.392426 2.10075
0.398971 2.104
0.405789 2.107
0.412334 2.111
0.418879 2.1155
0.425697 2.12
0.432242 2.12325
0.438787 2.126
0.445604 2.12975
0.452149 2.133
0.458694 2.1375
0.465512 2.141
0.472057 2.147
0.478602 2.152
0.48542 2.15425
0.491692 2.158
0.49851 2.15725
0.512418 2.167
0.518963 2.175
0.525508 2.184
0.532053 2.18725
0.538598 2.192
0.545143 2.19575
0.551688 2.201
0.558233 2.2075
0.56505 2.213
0.571323 2.219
0.577868 2.226
0.584413 2.23275
0.590958 2.239
0.597503 2.24425
0.604048 2.251
0.610593 2.2605
0.61741 2.269
0.623955 2.274
0.6305 2.28
0.636772 2.28925
0.643317 2.298
0.649862 2.30475
0.656407 2.312
0.662952 2.321
0.66977 2.331
0.676315 2.34
0.682587 2.35
0.689132 2.35775
0.695677 2.366
0.702222 2.36525
0.839122 0
0.845667 0
0.852484 0
0.728402 2.4295
0.734947 2.429
0.741492 2.4825
0.747765 2.537
0.754309 2.54975
0.760854 2.562
0.767399 2.56925
0.774217 2.578
0.780762 2.5775
0.918207 0
0.788671 6.4435
0.795216 6.444
0.801761 6.47925
0.808306 6.515
0.815123 6.51475
