0.964022 0
0.97793 0
0.984475 0
0.99102 0
0.997837 0
1.00438 0
1.01093 0
1.01775 0
1.02429 0
1.03111 0
1.03765 0
1.0442 0
1.05102 0
1.05756 0
1.06411 0
1.07092 0
1.07747 0
1.08429 0
1.09083 0
1.09738 0
1.10419 0
1.11074 0
1.11728 0
1.1241 0
1.13065 0
1.13746 0
1.14401 0
1.15055 0
1.15737 0
1.16392 0
1.17073 0
1.17728 0
1.18382 0
1.19064 0
1.19719 0
1.20373 0
1.21055 0
1.21709 0
1.22391 0
1.23046 0
1.237 0
1.24382 0
1.25036 0
1.25691 0
1.26373 0
1.27027 0
1.27709 0
1.28364 0
1.29018 0
1.297 0
1.30354 0
1.31009 0
1.31691 0
1.32345 0
1.33027 0
1.33681 0
1.34336 0
1.35018 0
1.35672 0
1.36354 0
1.37008 0
1.37663 0
1.38345 0
1.38999 0
1.39654 0
1.40335 0
1.4099 0
1.41672 0
1.42326 0
1.42981 0
1.43662 0
1.44317 0
1.44971 0
1.45653 0
1.46308 0
1.46989 0
1.47644 0
1.48298 0
1.4898 0
1.49635 0
1.50316 0
1.51707 0
1.50971 0.1725
1.5168 0.172
1.52416 0.17125
1.53153 0.17
1.53943 0.16825
1.54789 0.166
1.5558 0.1645
1.56371 0.163
1.57161 0.1615
1.57843 0.161
1.58689 0.15925
1.5937 0.159
1.60079 0.15825
1.6087 0.157
1.61607 0.156
1.62288 0.156
1.62997 0.155
1.63652 0.155
1.64415 0.15425
1.65097 0.154
1.65779 0.15375
1.66434 0.154
1.67143 0.1535
1.67852 0.153
1.68561 0.1525
1.69161 0.153
1.69924 0.15225
1.70606 0.152
1.7126 0.15225
1.71942 0.152
1.72597 0.152
1.73278 0.152
1.73824 0.153
1.74478 0.153
1.75242 0.15225
1.75815 0.153
1.76469 0.15325
1.77151 0.153
1.77724 0.154
1.78405 0.154
1.79005 0.1545
1.79714 0.154
1.80369 0.15425
1.80942 0.155
1.81596 0.15575
1.82223 0.156
1.82851 0.1565
1.83478 0.157
1.84132 0.157
1.84705 0.158
1.85305 0.15875
1.85959 0.159
1.86559 0.15975
1.87105 0.161
1.87732 0.1615
1.88359 0.162
1.88905 0.1635
1.89532 0.164
1.90105 0.16525
1.90677 0.166
1.91304 0.16675
1.91877 0.168
1.9245 0.169
1.92968 0.171
1.93486 0.173
1.94032 0.175
1.94577 0.17625
1.95041 0.179
1.95777 0.17825
1.98231 0
1.98886 0
1.99567 0
2.00222 0
2.00904 0
2.01558 0
2.02213 0
2.02895 0
2.03549 0
2.04231 0
2.05649 0
2.06303 0
2.06958 0
2.0764 0
2.08294 0
2.08976 0
2.0963 0
2.10312 0
2.10967 0
2.11621 0
2.12303 0
2.12957 0
2.13639 0
2.14294 0
2.14975 0
2.1563 0
2.16312 0
2.16966 0
2.17621 0
2.10639 0.34325
2.11294 0.344
2.11976 0.3435
2.1263 0.343
2.13312 0.343
2.13994 0.342
2.14675 0.34225
2.15303 0.343
2.15984 0.34225
2.16694 0.341
2.17348 0.34
2.1803 0.34
2.18684 0.34
2.19366 0.34
2.20021 0.34025
2.20702 0.34
2.21357 0.34075
2.22011 0.341
2.22693 0.3405
2.23348 0.341
2.24002 0.3415
2.24657 0.342
2.25311 0.34325
2.25966 0.344
2.2662 0.34525
2.27247 0.346
2.27875 0.3475
2.28556 0.348
2.29211 0.3485
2.29865 0.349
2.30493 0.35075
2.31147 0.352
2.31802 0.35225
2.32483 0.353
2.33111 0.354
2.33738 0.356
2.3442 0.3565
2.35047 0.358
2.35701 0.35925
2.36328 0.361
2.36983 0.36175
2.37637 0.363
2.38292 0.364
2.38919 0.365
2.39574 0.3655
2.40228 0.367
2.40855 0.36825
2.41537 0.369
2.42164 0.37025
2.42819 0.372
2.43446 0.374
2.44128 0.375
2.44755 0.3755
2.45437 0.375
2.46091 0.37675
2.46719 0.378
2.474 0.37875
2.48028 0.38
2.48682 0.381
2.49309 0.383
2.49991 0.3825
2.51218 0.385
2.51846 0.387
2.525 0.388
2.53127 0.39025
2.53755 0.392
2.54409 0.39425
2.55036 0.396
2.55663 0.399
2.56318 0.401
2.56945 0.4035
2.57572 0.406
2.582 0.40875
2.58827 0.412
2.59454 0.41525
2.60054 0.419
2.60709 0.4225
2.61309 0.426
2.61936 0.43
2.62563 0.433
2.6319 0.43675
2.63817 0.441
2.64445 0.44425
2.65045 0.449
2.65699 0.452
2.66299 0.456
2.66954 0.4595
2.67554 0.463
2.68181 0.46575
2.68835 0.469
2.69462 0.47275
2.7009 0.478
2.70635 0.4885
2.71208 0.5
2.7189 0.5
2.82171 0
2.82852 0
2.83507 0
2.73962 0.57625
2.74644 0.577
2.75244 0.58575
2.75844 0.596
2.76444 0.606
2.77071 0.615
2.77726 0.615
2.88825 0
2.89506 0
2.90161 0
2.81134 0.50875
2.81789 0.509
2.82471 0.50675
2.83152 0.506
2.83807 0.5045
2.84489 0.504
2.85143 0.5045
2.95479 0
2.96161 0
2.96815 0
2.89234 0.37925
2.89888 0.379
2.9057 0.37775
2.91252 0.377
2.91961 0.375
2.92643 0.374
2.93297 0.3735
2.93979 0.372
2.94688 0.37025
2.95342 0.37
2.96024 0.37125
2.96651 0.372
2.97388 0.368
2.98097 0.365
2.98779 0.3645
2.9946 0.364
3.00142 0.36275
3.00797 0.362
3.01506 0.36075
3.02187 0.359
3.02869 0.3585
3.03524 0.359
3.04205 0.3585
3.05514 0.357
3.06169 0.35675
3.06823 0.357
3.0756 0.355
3.08214 0.354
3.08896 0.3535
3.09578 0.353
3.1026 0.35275
3.10914 0.352
3.1165 0.35025
3.12305 0.35
3.12987 0.3495
3.13668 0.348
-3.13968 0.348
-3.13314 0.348
-3.12605 0.34725
-3.11978 0.348
-3.11296 0.34725
-3.10614 0.347
-3.09987 0.3475
-3.09305 0.348
-3.08623 0.347
-3.07914 0.345
-3.07232 0.34425
-3.06551 0.344
-3.05896 0.34325
-3.05214 0.343
-3.04533 0.3425
-3.03824 0.341
-3.03196 0.3415
-3.02542 0.343
-3.0186 0.34275
-3.01233 0.343
-3.00551 0.34325
-2.99897 0.343
-2.99215 0.343
-2.9856 0.343
-2.97851 0.342
-2.9717 0.34
-2.96488 0.34025
-2.95833 0.34
-2.95152 0.34025
-2.94497 0.34
-2.93815 0.34
-2.93161 0.34
-2.92479 0.341
-2.91852 0.342
-2.9117 0.34175
-2.90488 0.341
-2.89834 0.34025
-2.89152 0.341
-2.88497 0.341
-2.87816 0.341
-2.87188 0.3415
-2.86479 0.341
-2.85825 0.34025
-2.85143 0.341
-2.84489 0.34125
-2.83807 0.341
-2.83152 0.341
-2.82498 0.342
-2.81871 0.343
-2.81189 0.343
-2.80534 0.34425
-2.79907 0.345
-2.79198 0.34375
-2.78544 0.343
-2.77835 0.3425
-2.77207 0.343
-2.76526 0.344
-2.75898 0.345
-2.75217 0.34525
-2.74562 0.345
-2.7388 0.34525
-2.73226 0.345
-2.72544 0.3455
-2.71917 0.346
-2.71235 0.3465
-2.70581 0.347
-2.69899 0.347
-2.68535 0.348
-2.67908 0.349
-2.67254 0.349
-2.66572 0.34925
-2.65917 0.35
-2.65235 0.34975
-2.64608 0.351
-2.63981 0.352
-2.63299 0.353
-2.62672 0.354
-2.6199 0.354
-2.61336 0.35425
-2.60709 0.356
-2.60054 0.35675
-2.594 0.358
-2.58718 0.358
-2.58091 0.359
-2.57491 0.362
-2.56836 0.364
-2.56182 0.36425
-2.47482 0
-2.46828 0
-2.46173 0
-2.55391 0.53325
-2.54736 0.533
-2.54109 0.539
-2.53482 0.545
-2.52882 0.5515
-2.52227 0.557
-2.51655 0.56525
-2.51027 0.575
-2.50373 0.57425
-2.39519 0
-2.38837 0
-2.38183 0
-2.37501 0
-2.36847 0
-2.36192 0
-2.3551 0
-2.47264 1.4035
-2.46582 1.403
-2.45928 1.408
-2.45246 1.413
-2.44619 1.41975
-2.43964 1.426
-2.43283 1.43025
-2.42628 1.436
-2.41946 1.4415
-2.41319 1.448
-2.40665 1.455
-2.39983 1.462
-2.39328 1.46925
-2.38674 1.477
-2.38019 1.48375
-2.37365 1.49
-2.36683 1.4955
-2.36056 1.502
-2.35374 1.5105
-2.3472 1.52
-2.34065 1.52725
-2.33411 1.534
-2.32756 1.54175
-2.32074 1.55
-2.31447 1.5595
-2.30793 1.569
-2.30111 1.5775
-2.29456 1.587
-2.28802 1.59425
-2.28147 1.603
-2.27493 1.61225
-2.26838 1.623
-2.26184 1.632
-2.25502 1.642
-2.24847 1.6525
-2.2422 1.663
-2.23538 1.67325
-2.22884 1.684
-2.2223 1.69475
-2.21575 1.705
-2.20893 1.70525
-2.19448 1.68
-2.18821 1.70725
-2.18193 1.736
-2.17512 1.7375
-2.16857 1.74
-2.16203 1.752
-2.15521 1.763
-2.14894 1.77575
-2.14212 1.79
-2.13557 1.80375
-2.1293 1.819
-2.12248 1.833
-2.11594 1.848
-2.10939 1.863
-2.10285 1.879
-2.0963 1.89375
-2.08976 1.91
-2.08321 1.92675
-2.07667 1.944
-2.07012 1.962
-2.06358 1.981
-2.05703 2.001
-2.05049 2.02
-2.04367 2.03875
-2.0374 2.057
-2.03085 2.07725
-2.02404 2.097
-2.01776 2.1175
-2.01122 2.139
-2.00467 2.1605
-1.99813 2.183
-1.99131 2.20625
-1.98504 2.23
-1.97849 2.22925
-1.84187 0
-1.83532 0
-1.8285 0
-1.95259 2.44
-1.94604 2.44
-1.93922 2.4675
-1.93268 2.495
-1.92613 2.52875
-1.91959 2.563
-1.91332 2.59575
-1.9065 2.629
-1.89995 2.663
-1.89341 2.698
-1.88686 2.7335
-1.88059 2.768
-1.87377 2.80725
-1.86723 2.847
-1.86068 2.87475
-1.85414 2.902
-1.84759 2.891
-1.84078 2.88
-1.83423 2.869
-1.82741 2.858
-1.8206 2.84875
-1.81405 2.841
-1.80723 2.84075
-1.66897 0
-1.66243 0
-1.65561 0
-1.64906 0
-1.64225 0
-1.6357 0
-1.62916 0
-1.62234 0
-1.61579 0
-1.60898 0
-1.60243 0
-1.59589 0
-1.58907 0
-1.58252 0
-1.5757 0
-1.69979 2.4325
-1.69324 2.432
-1.68642 2.432
-1.54925 0
-1.54243 0
-1.6597 2.704
-1.65315 2.70125
-1.64661 2.699
-1.63979 2.698
-1.63325 2.696
-1.62643 2.6925
-1.61988 2.689
-1.61307 2.68525
-1.60652 2.683
-1.5997 2.67675
-1.59316 2.672
-1.58634 2.6705
-1.57952 2.668
-1.57271 2.6655
-1.56616 2.664
-1.55934 2.66175
-1.5528 2.66
-1.54625 2.65675
-1.53943 2.655
-1.53289 2.6525
-1.52607 2.651
-1.51953 2.649
-1.51271 2.646
-1.50616 2.64225
-1.49935 2.64
-1.4928 2.63925
-1.48598 2.639
-1.47944 2.639
-1.47262 2.639
-1.46608 2.633
-1.45926 2.628
-1.45271 2.62825
-1.315 0
-1.30818 0
-1.30163 0
-1.29482 0
-1.28827 0
-1.28145 0
-1.27491 0
-1.26809 0
-1.26155 0
-1.25473 0
-1.24818 0
-1.24137 0
-1.23482 0
-1.228 0
-1.22146 0
-1.21464 0
-1.20809 0
-1.20155 0
-1.19473 0
-1.18819 0
-1.18137 0
-1.17482 0
-1.16801 0
-1.16146 0
-1.15464 0
-1.1481 0
-1.14128 0
-1.13474 0
-1.12792 0
-1.12137 0
-1.11456 0
-1.23946 2.69475
-1.23291 2.695
-1.22609 2.6955
-1.0881 0
-1.08129 0
-1.07474 0
-1.06792 0
-1.06138 0
-1.05456 0
-1.04802 0
-1.0412 0
-1.03465 0
-1.02784 0
-1.02129 0
-1.01447 0
-1.00793 0
-1.00111 0
-0.988293 0
-0.981748 0
-0.975203 0
-0.968385 0
-0.96184 0
-0.955022 0
-0.948478 0
-0.94166 0
-0.935115 0
-0.928297 0
-0.921752 0
-1.03629 1.1975
-1.02974 1.198
-1.0232 1.18675
-1.01611 1.177
-1.00929 1.16575
-1.00247 1.156
-0.995929 1.1565
-0.868301 0
-0.97793 0.922
-0.971112 0.922
-0.964567 0.92225
-0.841576 0
-0.835031 0
-0.828486 0
-0.821668 0
-0.815123 0
-0.808306 0
-0.80176 0
-0.794943 0
-0.788398 0
-0.858756 0.34675
-0.852212 0.347
-0.845394 0.347
-0.761673 0
-0.755128 0
-0.74831 0
-0.741765 0
-0.734947 0
-0.80476 0.3415
-0.797943 0.342
-0.791398 0.34225
-0.708222 0
-0.701677 0
-0.694859 0
-0.688314 0
-0.681769 0
-0.674951 0
-0.668407 0
-0.661589 0
-0.655044 0
-0.648226 0
-0.641681 0
-0.634864 0
-0.628319 0
-0.621501 0
-0.614956 0
-0.712313 0.60425
-0.705495 0.605
-0.698677 0.601
-0.691587 0.597
-0.684769 0.5915
-0.677678 0.586
-0.670588 0.58125
-0.663498 0.577
-0.65668 0.57275
-0.64959 0.569
-0.642772 0.5645
-0.635954 0.561
-0.628864 0.557
-0.622319 0.554
-0.615228 0.54975
-0.608411 0.547
-0.601321 0.54325
-0.594503 0.54
-0.587412 0.5375
-0.580595 0.534
-0.573777 0.531
-0.566686 0.527
-0.560141 0.5275
-0.547052 0.521
-0.540234 0.51825
-0.533416 0.515
-0.526326 0.512
-0.519508 0.51
-0.512418 0.507
-0.505873 0.505
-0.498782 0.50225
-0.491965 0.499
-0.484874 0.49725
-0.478329 0.495
-0.471239 0.493
-0.464421 0.49
-0.457331 0.4875
-0.450513 0.485
-0.443423 0.48225
-0.436878 0.481
-0.430333 0.47975
-0.423242 0.478
-0.416425 0.476
-0.409334 0.473
-0.402789 0.4715
-0.395699 0.47
-0.388881 0.46725
-0.381791 0.464
-0.374973 0.46225
-0.368155 0.462
-0.361337 0.46
-0.35452 0.459
-0.347702 0.457
-0.340885 0.456
-0.334067 0.45425
-0.327522 0.453
-0.320704 0.45325
-0.314159 0.454
-0.307341 0.454
-0.301069 0.455
-0.294252 0.4555
-0.195531 0
-0.188714 0
-0.182169 0
-0.175351 0
-0.168806 0
-0.161989 0
-0.155443 0
-0.148626 0
-0.142081 0
-0.135263 0
-0.128718 0
-0.211621 0.43125
-0.204803 0.432
-0.198259 0.43125
-0.101993 0
-0.0954478 0
-0.08863 0
-0.082085 0
-0.0752671 0
-0.0687226 0
-0.0619047 0
-0.0553597 0
-0.0485418 0
-0.159262 0.9675
-0.152444 0.967
-0.145899 0.9765
-0.139626 0.986
-0.132536 0.97525
-0.125718 0.965
-0.119173 0.96675
-0.112628 0.969
-0.105538 0.9615
-0.0987204 0.953
-0.0919026 0.952
-0.0853575 0.952
-0.0785397 0.95125
-0.0719946 0.951
-0.0651773 0.95075
-0.0586322 0.951
-0.0518144 0.9505
0.0714494 0
0.0782671 0
0.0910844 0
0.0976294 0
0.104174 0
0.110992 0
0.117537 0
0.0471784 0.3465
0.0537234 0.346
0.0605411 0.34525
0.0676315 0.344
0.0741765 0.34425
0.0809942 0.344
0.0875392 0.344
0.0940842 0.343
0.100902 0.3435
0.107447 0.344
0.114265 0.34425
0.120537 0.345
0.127082 0.34525
0.133627 0.346
0.140172 0.347
0.146717 0.348
0.152989 0.35
0.159261 0.351
0.165806 0.35275
0.172079 0.355
0.178351 0.35675
0.18435 0.36
0.190623 0.363
0.196622 0.367
0.203167 0.367
0.290706 0
0.167443 2.25775
0.173988 2.258
0.180805 2.25725
0.317159 0
0.323977 0
0.330522 0
0.205622 2.7305
0.212439 2.731
0.218984 2.731
0.357247 0
0.363792 0
0.37061 0
0.248164 2.08325
0.254709 2.084
0.261527 2.08425
0.268072 2.086
0.274889 2.088
0.281434 2.089
0.287979 2.091
0.294797 2.093
0.301342 2.09375
0.30816 2.095
0.314705 2.09775
0.320977 2.102
0.327795 2.1055
0.33434 2.11
0.341157 2.112
0.347702 2.113
0.354247 2.11575
0.361065 2.118
0.36761 2.12075
0.374428 2.124
0.380973 2.126
0.387518 2.129
0.394335 2.133
0.40088 2.136
0.407698 2.14025
0.414243 2.146
0.420788 2.15025
0.427606 2.154
0.433878 2.157
0.440696 2.161
0.447241 2.1655
0.453786 2.17
0.460603 2.17475
0.467148 2.18
0.473966 2.18675
0.480511 2.193
0.487329 2.19325
0.501237 2.201
0.507782 2.20625
0.514327 2.213
0.520599 2.2205
0.527144 2.227
0.533689 2.233
0.540507 2.238
0.547052 2.24175
0.553597 2.246
0.560142 2.25475
0.566687 2.263
0.573504 2.27
0.580049 2.278
0.586322 2.285
0.592867 2.291
0.599411 2.29675
0.605956 2.303
0.612774 2.31025
0.619319 2.318
0.625864 2.327
0.632409 2.336
0.638954 2.343
0.645499 2.351
0.652044 2.35925
0.658589 2.369
0.665134 2.37925
0.671679 2.391
0.678224 2.3995
0.685042 2.407
0.691587 2.4165
0.697859 2.427
0.704404 2.44175
0.710949 2.458
0.717767 2.45775
0.854939 0
0.861484 0
0.868029 0
0.752128 1.266
0.758673 1.266
0.76549 1.2615
0.772308 1.256
0.778853 1.24025
0.785671 1.225
0.792216 1.22025
0.799306 1.215
0.805579 1.2335
0.811851 1.251
0.818396 1.2515
0.947114 0
0.953932 0
